50
0 1 92.08940
0 2 37.96335
0 3 84.90357
0 4 26.68866
0 5 31.26878
0 6 17.43771
0 7 25.32833
0 8 67.64867
0 9 79.52550
0 10 39.84162
0 11 11.80286
0 12 41.96794
0 13 11.79645
0 14 44.43112
0 15 11.32396
0 16 53.74416
0 17 80.67399
0 18 13.33292
0 19 60.39634
0 20 90.02822
0 21 24.64256
0 22 43.34458
0 23 82.37277
0 24 51.26170
0 25 75.94948
0 26 23.91145
0 27 42.86959
0 28 25.16176
0 29 32.24969
0 30 79.51872
0 31 57.85551
0 32 100.35754
0 33 65.12825
0 34 49.11867
0 35 18.11993
0 36 50.07818
0 37 40.71887
0 38 54.65053
0 39 77.85204
0 40 18.95433
0 41 54.28438
0 42 55.32492
0 43 31.62118
0 44 23.09130
0 45 85.75103
0 46 52.97413
0 47 20.25189
0 48 67.82468
0 49 81.61859
1 2 54.62540
1 3 75.35520
1 4 80.90130
1 5 66.69509
1 6 77.98249
1 7 88.67961
1 8 35.61632
1 9 52.61860
1 10 53.38597
1 11 80.90736
1 12 80.78990
1 13 98.26919
1 14 59.88040
1 15 103.18760
1 16 39.56624
1 17 70.97968
1 18 81.91973
1 19 31.69754
1 20 2.99257
1 21 72.62391
1 22 50.59379
1 23 60.55599
1 24 43.97534
1 25 68.30736
1 26 69.40514
1 27 76.37864
1 28 77.57103
1 29 70.16835
1 30 76.75011
1 31 36.99484
1 32 15.00036
1 33 30.89503
1 34 47.78245
1 35 85.68642
1 36 81.92468
1 37 62.31790
1 38 45.00572
1 39 72.70175
1 40 102.27888
1 41 37.95675
1 42 76.14875
1 43 60.84855
1 44 77.75046
1 45 30.52961
1 46 50.31413
1 47 80.42841
1 48 24.80135
1 49 47.58748
2 3 62.76155
2 4 29.29331
2 5 14.96728
2 6 23.46521
2 7 42.40940
2 8 31.44487
2 9 57.18631
2 10 2.89221
2 11 26.43544
2 12 36.54359
2 13 45.85343
2 14 28.87465
2 15 48.79541
2 16 15.79354
2 17 57.56244
2 18 29.98554
2 19 23.12773
2 20 52.39759
2 21 19.03668
2 22 6.50692
2 23 54.59520
2 24 14.21096
2 25 61.74366
2 26 18.50817
2 27 33.33768
2 28 25.11956
2 29 28.17473
2 30 59.35211
2 31 24.79421
2 32 62.39514
2 33 27.38942
2 34 21.78111
2 35 36.37801
2 36 42.19791
2 37 18.12532
2 38 27.29023
2 39 65.40402
2 40 48.01147
2 41 18.10162
2 42 41.49010
2 43 6.34232
2 44 30.27112
2 45 54.47344
2 46 29.78290
2 47 31.72027
2 48 31.36933
2 49 49.37291
3 4 58.52214
3 5 56.72461
3 6 68.47578
3 7 101.43676
3 8 44.38414
3 9 111.08904
3 10 59.99102
3 11 75.24735
3 12 44.45592
3 13 96.49942
3 14 90.98875
3 15 90.71740
3 16 57.80331
3 17 5.32415
3 18 85.41992
3 19 65.07467
3 20 72.45725
3 21 61.82218
3 22 57.25409
3 23 14.88022
3 24 53.31606
3 25 120.57571
3 26 78.33350
3 27 42.38824
3 28 59.76625
3 29 90.55201
3 30 6.32785
3 31 76.32837
3 32 69.01031
3 33 53.45673
3 34 80.66116
3 35 93.77949
3 36 37.47313
3 37 47.37432
3 38 84.22289
3 39 124.75212
3 40 79.59258
3 41 67.82806
3 42 30.30125
3 43 65.42265
3 44 90.25983
3 45 97.32696
3 46 88.86566
3 47 90.54588
3 48 70.89119
3 49 27.87004
4 5 14.64288
4 6 13.07416
4 7 47.47961
4 8 49.63214
4 9 84.82754
4 10 29.15265
4 11 19.20068
4 12 15.44535
4 13 38.46441
4 14 51.96337
4 15 32.43026
4 16 41.66597
4 17 54.52410
4 18 30.84359
4 19 51.03066
4 20 78.31460
4 21 11.10443
4 22 30.94749
4 23 57.43688
4 24 36.92635
4 25 86.44567
4 26 30.29534
4 27 16.22470
4 28 4.48380
4 29 44.19476
4 30 52.97640
4 31 54.07749
4 32 85.65387
4 33 50.48866
4 34 49.58696
4 35 39.28929
4 36 23.60315
4 37 19.58556
4 38 55.46945
4 39 89.45570
4 40 23.86888
4 41 47.08656
4 42 28.65926
4 43 25.13116
4 44 39.06055
4 45 83.76670
4 46 56.59649
4 47 37.90806
4 48 59.70302
4 49 58.90642
5 6 13.88975
5 7 44.72069
5 8 37.36947
5 9 71.72520
5 10 14.54526
5 11 19.88246
5 12 22.50927
5 13 41.74878
5 14 40.83794
5 15 40.43271
5 16 27.22429
5 17 51.95181
5 18 28.82343
5 19 36.42063
5 20 64.18900
5 21 6.81477
5 22 16.35680
5 23 51.95480
5 24 22.85294
5 25 74.97913
5 26 22.37751
5 27 20.06630
5 28 10.90175
5 29 35.91407
5 30 52.17405
5 31 39.70893
5 32 72.34467
5 33 36.79714
5 34 36.22347
5 35 37.07900
5 36 29.22102
5 37 9.76237
5 38 41.94875
5 39 78.34865
5 40 36.03004
5 41 32.47993
5 42 30.54103
5 43 12.18406
5 44 33.82437
5 45 69.32151
5 46 43.80523
5 47 33.87529
5 48 45.07293
5 49 50.36737
6 7 34.70435
6 8 50.88342
6 9 74.58831
6 10 24.61292
6 11 6.79723
6 12 27.93350
6 13 28.35015
6 14 40.47439
6 15 26.69159
6 16 38.60120
6 17 64.01755
6 18 18.01142
6 19 46.59167
6 20 75.67534
6 21 7.20507
6 22 27.67047
6 23 65.12186
6 24 35.23768
6 25 74.74568
6 26 18.00855
6 27 27.61712
6 28 9.54761
6 29 31.55995
6 30 63.39204
6 31 46.82612
6 32 84.90695
6 33 49.31979
6 34 40.35277
6 35 26.55461
6 36 35.98297
6 37 23.28417
6 38 46.28819
6 39 77.52068
6 40 24.60975
6 41 41.33038
6 42 39.86285
6 43 17.55819
6 44 25.99095
6 45 76.27066
6 46 46.42349
6 47 24.86453
6 48 54.77555
6 49 64.18976
7 8 73.56661
7 9 62.14948
7 10 45.21004
7 11 28.27912
7 12 62.63080
7 13 18.76113
7 14 30.46597
7 15 32.20471
7 16 56.26261
7 17 96.61428
7 18 16.69299
7 19 59.03678
7 20 87.30312
7 21 40.22137
7 22 48.91593
7 23 95.69071
7 24 56.38494
7 25 54.77433
7 26 24.06882
7 27 62.19219
7 28 44.25194
7 29 18.55809
7 30 96.85872
7 31 51.70474
7 32 99.94962
7 33 68.01769
7 34 40.99007
7 35 8.19247
7 36 70.68614
7 37 54.14308
7 38 44.76645
7 39 55.81726
7 40 44.04399
7 41 52.16052
7 42 74.20118
7 43 37.50586
7 44 12.16372
7 45 74.18765
7 46 40.71919
7 47 10.98732
7 48 64.05078
7 49 91.66274
8 9 67.23482
8 10 28.85345
8 11 55.85032
8 12 46.29840
8 13 76.74941
8 14 53.23837
8 15 77.57195
8 16 18.04248
8 17 39.29567
8 18 61.28982
8 19 21.77286
8 20 32.65426
8 21 44.13363
8 22 25.08564
8 23 31.21146
8 24 17.24711
8 25 78.15404
8 26 49.91823
8 27 41.85202
8 28 47.30028
8 29 57.58545
8 30 44.05256
8 31 33.74814
8 32 36.59266
8 33 9.27730
8 34 40.80811
8 35 67.81115
8 36 46.56290
8 37 30.04840
8 38 42.78532
8 39 82.51639
8 40 72.98670
8 41 26.38631
8 42 40.54408
8 43 37.23561
8 44 61.40621
8 45 53.07586
8 46 48.18340
8 47 63.07096
8 48 26.56064
8 49 21.05143
9 10 58.65753
9 11 72.88924
9 12 93.72950
9 13 79.12038
9 14 35.14487
9 15 90.08504
9 16 54.12596
9 17 105.83666
9 18 66.21157
9 19 46.01736
9 20 53.48354
9 21 73.73240
9 22 59.21273
9 23 98.44448
9 24 59.48602
9 25 16.66153
9 26 57.41361
9 27 90.43042
9 28 80.35547
9 29 47.44662
9 30 109.73313
9 31 35.30774
9 32 67.61750
9 33 57.96306
9 34 35.50479
9 35 64.31675
9 36 99.08963
9 37 74.69725
9 38 29.90292
9 39 20.68430
9 40 96.72387
9 41 44.14113
9 42 97.22232
9 43 59.86753
9 44 57.02821
9 45 22.97827
9 46 28.26057
9 47 60.16487
9 48 40.98290
9 49 87.54435
10 11 28.16587
10 12 35.20146
10 13 48.13320
10 14 31.38981
10 15 50.48836
10 16 14.04106
10 17 54.77670
10 18 32.45134
10 19 22.25457
10 20 51.06295
10 21 19.48910
10 22 3.77179
10 23 51.71079
10 24 11.70775
10 25 63.81588
10 26 21.23771
10 27 31.77862
10 28 25.17717
10 29 31.05736
10 30 56.66724
10 31 25.35081
10 32 60.60172
10 33 25.29645
10 34 23.50743
10 35 39.05609
10 36 40.47057
10 37 16.15114
10 38 28.77889
10 39 67.55445
10 40 48.94286
10 41 17.93721
10 42 39.34300
10 43 8.45158
10 44 33.08837
10 45 54.83860
10 46 31.68055
10 47 34.46915
10 48 30.75769
10 49 46.51909
11 12 34.43632
11 13 21.87846
11 14 38.00744
11 15 22.36027
11 16 42.14834
11 17 70.75877
11 18 11.68237
11 19 49.23348
11 20 78.75551
11 21 13.62713
11 22 31.60684
11 23 71.62763
11 24 39.49246
11 25 71.60774
11 26 15.48134
11 27 34.33647
11 28 16.16481
11 29 27.60236
11 30 70.18573
11 31 47.81312
11 32 88.75717
11 33 53.41165
11 34 40.07463
11 35 20.08863
11 36 42.54542
11 37 29.55526
11 38 45.88773
11 39 74.09130
11 40 24.04070
11 41 43.39931
11 42 46.63104
11 43 20.11580
11 44 20.65505
11 45 76.62697
11 46 45.17306
11 47 19.03618
11 48 56.97832
11 49 70.20183
12 13 53.76433
12 14 63.31367
12 15 46.48473
12 16 44.22079
12 17 40.99163
12 18 45.93933
12 19 54.23090
12 20 77.96101
12 21 23.44767
12 22 35.37485
12 23 45.80233
12 24 38.58532
12 25 97.48502
12 26 43.45304
12 27 4.44749
12 28 18.39138
12 29 57.42663
12 30 38.57431
12 31 60.26791
12 32 82.82075
12 33 49.96233
12 34 58.29184
12 35 54.46543
12 36 8.15781
12 37 19.89554
12 38 63.82999
12 39 100.85473
12 40 35.21450
12 41 52.08090
12 42 14.15668
12 43 34.68941
12 44 53.49298
12 45 89.11726
12 46 66.11223
12 47 52.67569
12 48 62.89104
12 49 50.03098
13 14 45.08540
13 15 13.85874
13 16 61.49146
13 17 92.18447
13 18 16.35943
13 19 66.90342
13 20 96.44907
13 21 35.44893
13 22 51.83162
13 23 93.45852
13 24 59.82368
13 25 73.11989
13 26 28.87848
13 27 54.61374
13 28 36.73866
13 29 32.20145
13 30 91.18940
13 31 62.42326
13 32 107.71187
13 33 73.22734
13 34 52.59074
13 35 14.82413
13 36 61.87348
13 37 51.43348
13 38 57.53756
13 39 74.38742
13 40 27.33627
13 41 60.35489
13 42 67.07178
13 43 39.68301
13 44 22.60759
13 45 88.40110
13 46 54.73734
13 47 19.44482
13 48 73.55550
13 49 91.98462
14 15 55.16466
14 16 35.37438
14 17 85.71037
14 18 31.15967
14 19 33.73242
14 20 58.90278
14 21 41.01663
14 22 33.77431
14 23 81.40466
14 24 38.35330
14 25 34.48471
14 26 22.67132
14 27 60.82710
14 28 47.51337
14 29 12.88665
14 30 87.95037
14 31 23.47796
14 32 72.47963
14 33 45.38686
14 34 13.10297
14 35 30.37015
14 36 69.95013
14 37 46.73344
14 38 14.90824
14 39 37.61260
14 40 61.65022
14 41 27.40115
14 42 70.11896
14 43 28.73962
14 44 22.50444
14 45 43.82113
14 46 10.27062
14 47 25.68108
14 48 36.24041
14 49 73.85323
15 16 64.49653
15 17 86.87587
15 18 24.05810
15 19 71.49211
15 20 101.07367
15 21 33.61983
15 22 53.85710
15 23 89.74951
15 24 61.65442
15 25 85.51080
15 26 35.21871
15 27 48.34363
15 28 32.31732
15 29 42.64002
15 30 84.98498
15 31 69.17768
15 32 111.09005
15 33 75.66012
15 34 60.39655
15 35 26.65330
15 36 54.21124
15 37 49.30740
15 38 65.87995
15 39 87.09234
15 40 14.58243
15 41 65.48262
15 42 60.51263
15 43 42.47120
15 44 33.12197
15 45 96.99592
15 46 64.01845
15 47 30.04794
15 48 79.04399
15 49 90.20739
16 17 52.48428
16 18 45.40225
16 19 10.01924
16 20 37.15328
16 21 33.05834
16 22 11.03005
16 23 46.69356
16 24 5.78556
16 25 62.77240
16 26 33.31317
16 27 40.12011
16 28 38.12566
16 29 39.68731
16 30 55.87364
16 31 18.83665
16 32 46.61752
16 33 11.86227
16 34 23.42361
16 35 51.09822
16 36 47.58946
16 37 24.43624
16 38 26.44690
16 39 66.95847
16 40 62.73141
16 41 10.08472
16 42 44.16559
16 43 22.12927
16 44 44.17757
16 45 45.28644
16 46 31.33269
16 47 46.12710
16 48 18.68091
16 49 38.48204
17 18 80.72673
17 19 59.81931
17 20 68.05291
17 21 57.24659
17 22 51.99582
17 23 11.24690
17 24 47.99362
17 25 115.25648
17 26 73.35604
17 27 38.56575
17 28 55.51232
17 29 85.43157
17 30 6.47180
17 31 71.02903
17 32 65.31109
17 33 48.30271
17 34 75.34015
17 35 89.03072
17 36 34.50540
17 37 42.48413
17 38 78.90046
17 39 119.43022
17 40 76.20582
17 41 62.51408
17 42 26.90544
17 43 60.35288
17 44 85.33038
17 45 92.32022
17 46 83.54220
17 47 85.69192
17 48 65.74633
17 49 23.86469
18 19 50.55052
18 20 80.09019
18 21 23.75366
18 22 36.21031
18 23 80.58462
18 24 44.14493
18 25 62.82551
18 26 12.51958
18 27 45.53940
18 28 27.55898
18 29 18.92751
18 30 80.63881
18 31 46.30796
18 32 91.41641
18 33 57.21418
18 34 36.83674
18 35 8.56172
18 36 53.99382
18 37 38.50391
18 38 42.10364
18 39 64.88526
18 40 31.55734
18 41 43.99629
18 42 57.63395
18 43 24.05853
18 44 10.07596
18 45 73.20230
18 46 39.98772
18 47 7.72232
18 48 57.22949
18 49 77.74855
19 20 29.65738
19 21 41.74259
19 22 20.08407
19 23 52.72920
19 24 15.75451
19 25 56.38364
19 26 38.04757
19 27 50.13919
19 28 47.26537
19 29 41.11723
19 30 63.80418
19 31 12.04855
19 32 41.09353
19 33 12.68661
19 34 20.65788
19 35 55.02960
19 36 57.55415
19 37 34.41161
19 38 21.41686
19 39 60.74354
19 40 71.10374
19 41 6.87831
19 42 53.87838
19 43 29.23929
19 44 47.41693
19 45 35.39192
19 46 27.06041
19 47 49.82805
19 48 8.74415
19 49 42.74955
20 21 70.19932
20 22 48.18125
20 23 57.67743
20 24 41.40558
20 25 68.88412
20 26 67.57068
20 27 73.54301
20 28 75.04489
20 29 68.84766
20 30 73.80031
20 31 35.74505
20 32 14.45650
20 33 28.13557
20 34 46.55709
20 35 84.08238
20 36 79.01164
20 37 59.61131
20 38 44.10601
20 39 73.31429
20 40 99.88415
20 41 36.09427
20 42 73.19374
20 43 58.66048
20 44 76.20998
20 45 31.87824
20 46 49.54614
20 47 78.83087
20 48 23.26112
20 49 44.72532
21 22 22.03025
21 23 58.01453
21 24 29.13429
21 25 75.49543
21 26 20.05067
21 27 22.22222
21 28 6.62454
21 29 34.05172
21 30 56.92312
21 31 43.57264
21 32 78.80236
21 33 43.19343
21 34 38.56097
21 35 32.26153
21 36 31.10926
21 37 16.08030
21 38 44.46641
21 39 78.58827
21 40 29.70591
21 41 37.12453
21 42 33.99380
21 43 14.20965
21 44 30.24771
21 45 73.27493
21 46 45.49468
21 47 29.74013
21 48 50.22273
21 49 56.99303
22 23 48.46290
22 24 7.99377
22 25 65.29412
22 26 24.98438
22 27 31.65411
22 28 27.23779
22 29 34.38752
22 30 54.19136
22 31 24.91895
22 32 57.28545
22 33 21.80909
22 34 24.71550
22 35 42.82039
22 36 39.99546
22 37 15.65555
22 38 29.56163
22 39 69.15714
22 40 51.70293
22 41 16.77356
22 42 38.12959
22 43 12.17700
22 44 36.77777
22 45 53.89534
22 46 33.03277
22 47 38.20945
22 48 28.77563
22 49 42.89674
23 24 43.05617
23 25 108.97679
23 26 71.81372
23 27 42.53636
23 28 57.55734
23 29 82.76811
23 30 17.68068
23 31 64.45962
23 32 54.21596
23 33 40.48149
23 34 70.07897
23 35 88.53894
23 36 40.70216
23 37 42.19260
23 38 72.98448
23 39 113.27374
23 40 80.43996
23 41 56.38396
23 42 32.64425
23 43 58.41372
23 44 83.93139
23 45 83.45607
23 46 78.01909
23 47 84.70463
23 48 57.69164
23 49 13.00017
24 25 67.46744
24 26 32.67118
24 27 34.43426
24 28 33.65807
24 29 40.93460
24 30 51.01388
24 31 24.19448
24 32 49.70340
24 33 14.08983
24 34 27.35169
24 35 50.56449
24 36 41.81240
24 37 18.93705
24 38 31.07773
24 39 71.56379
24 40 58.80176
24 41 15.35246
24 42 38.41934
24 43 20.15455
24 44 44.22125
24 45 51.07024
24 46 35.55440
24 47 45.83351
24 48 24.32514
24 49 36.11775
25 26 56.75927
25 27 94.74534
25 28 81.99791
25 29 44.17255
25 30 118.48095
25 31 44.51874
25 32 83.23413
25 33 68.98224
25 34 40.59669
25 35 58.88070
25 36 103.77669
25 37 79.86318
25 38 36.39522
25 39 4.49686
25 40 94.34561
25 41 52.77093
25 42 103.15882
25 43 62.79608
25 44 52.86349
25 45 39.47909
25 46 32.26400
25 47 55.72943
25 48 53.27727
25 49 99.06341
26 27 41.86292
26 28 26.02408
26 29 14.00390
26 30 74.14106
26 31 34.09219
26 32 78.98172
26 33 45.17373
26 34 25.23441
26 35 17.89998
26 36 50.92750
26 37 31.02481
26 38 30.86195
26 39 59.51226
26 40 39.44617
26 41 31.47670
26 42 52.89645
26 43 13.45495
26 44 12.11855
26 45 61.89897
26 46 29.75293
26 47 13.23471
26 48 44.73898
26 49 67.60234
27 28 18.19671
27 29 55.70981
27 30 36.76625
27 31 56.57183
27 32 78.38111
27 33 45.57431
27 34 55.11642
27 35 54.10110
27 36 9.15586
27 37 16.02272
27 38 60.53638
27 39 98.22073
27 40 37.96275
27 41 48.24669
27 42 12.45804
27 43 32.08875
27 44 52.46894
27 45 85.18024
27 46 63.07832
27 47 51.90834
27 48 58.75902
27 49 46.07748
28 29 39.98322
28 30 54.46712
28 31 49.85255
28 32 82.89067
28 33 47.47390
28 34 45.14937
28 35 36.09902
28 36 26.43668
28 37 17.55367
28 38 51.04280
28 39 85.03334
28 40 25.68697
28 41 43.06105
28 42 30.56795
28 43 20.72443
28 44 35.26390
28 45 79.55925
28 46 52.11921
28 47 34.31953
28 48 55.87888
28 49 58.02797
29 30 86.74572
29 31 33.17625
29 32 81.71323
29 33 51.06967
29 34 22.43521
29 35 17.49436
29 36 64.81580
29 37 43.82205
29 38 26.34617
29 39 46.51574
29 40 50.24308
29 41 34.26217
29 42 66.41678
29 43 25.22391
29 44 9.65806
29 45 56.51666
29 46 22.77013
29 47 12.83232
29 48 45.62814
29 49 77.01536
30 31 74.63484
30 32 71.54368
30 33 52.79657
30 34 78.19093
30 35 89.07766
30 36 31.37591
30 37 43.11985
30 38 82.08816
30 39 122.57070
30 40 73.59433
30 41 65.95773
30 42 24.47281
30 43 61.52667
30 44 85.92533
30 45 97.11094
30 46 86.47988
30 47 86.04842
30 48 70.20042
30 49 30.06485
31 32 49.04939
31 33 24.73326
31 34 10.81206
31 35 49.10214
31 36 64.80489
31 37 40.56109
31 38 9.62086
31 39 48.83423
31 40 71.25820
31 41 8.84204
31 42 62.27462
31 43 29.53175
31 44 41.03651
31 45 29.70937
31 46 15.40225
31 47 43.85331
31 48 12.76985
31 49 54.76849
32 33 35.61689
32 34 59.78258
32 35 96.12300
32 36 82.47046
32 37 66.22001
32 38 57.87994
32 39 87.64499
32 40 108.37442
32 41 47.90990
32 42 75.73326
32 43 68.73679
32 44 88.47818
32 45 45.42819
32 46 63.45936
32 47 90.92007
32 48 36.29025
32 49 41.47895
33 34 32.57926
33 35 62.95635
33 36 51.59314
33 37 31.50637
33 38 34.00007
33 39 73.36483
33 40 72.81397
33 41 18.04023
33 42 46.51960
33 43 33.65365
33 44 55.97222
33 45 44.42354
33 46 39.54609
33 47 57.96962
33 48 17.44475
33 49 30.08987
34 35 38.80323
34 36 63.93249
34 37 39.65854
34 38 5.94343
34 39 44.52131
34 40 64.03954
34 41 14.54173
34 42 62.74030
34 43 24.48081
34 44 30.66481
34 45 36.67031
34 46 8.33940
34 47 33.59976
34 48 23.49864
34 49 61.69951
35 36 62.53564
35 37 46.65585
35 38 43.38219
35 39 60.44289
35 40 37.07064
35 41 48.23759
35 42 66.18406
35 43 30.95050
35 44 8.15873
35 45 73.94751
35 46 40.20559
35 47 5.25965
35 48 60.88789
35 49 85.12994
36 37 24.39693
36 38 69.24316
36 39 107.29072
36 40 42.26437
36 41 56.28044
36 42 8.07062
36 43 41.21113
36 44 61.31796
36 45 92.86885
36 46 71.97960
36 47 60.61418
36 48 65.99583
36 49 46.75317
37 38 44.87477
37 39 83.52827
37 40 43.13925
37 41 32.23105
37 42 23.40329
37 43 18.67258
37 44 42.88835
37 45 69.22501
37 46 47.81049
37 47 43.20900
37 48 43.11422
37 49 40.97246
38 39 40.53114
38 40 69.88802
38 41 16.60398
38 42 67.69052
38 43 30.34357
38 44 35.22788
38 45 31.12039
38 46 5.79505
38 47 38.27771
38 48 21.93066
38 49 63.83456
39 40 96.44250
39 41 56.99509
39 42 106.87711
39 43 66.18303
39 44 54.84315
39 45 43.63261
39 46 36.18320
39 47 57.60049
39 48 57.75007
39 49 103.45242
40 41 65.93948
40 42 49.34272
40 43 42.16732
40 44 41.60981
40 45 100.45230
40 46 69.19020
40 47 38.96151
40 48 79.36476
40 49 82.69300
41 42 53.51862
41 43 23.77838
41 44 40.57184
41 45 37.12318
41 46 21.82509
41 47 43.02068
41 48 13.57944
41 49 47.38486
42 43 41.72984
42 44 64.03426
42 45 89.24852
42 46 70.99022
42 47 63.70875
42 48 61.98969
42 49 38.90493
43 44 25.55854
43 45 59.18221
43 46 31.77103
43 47 26.59677
43 48 37.26412
43 49 54.22345
44 45 65.86975
44 46 32.15526
44 47 3.17718
44 48 52.97257
44 49 79.58331
45 46 33.74910
45 47 68.99600
45 48 27.40973
45 49 71.36702
46 47 35.29981
46 48 27.67592
46 49 69.20478
47 48 55.63071
47 49 80.80861
48 49 46.56231
84.1301 80.5872
14.4644 20.3614
52.5455 59.5247
0.3550 94.3839
58.5491 88.1962
53.4668 74.4636
66.8691 78.1110
94.9143 57.6694
21.3859 55.2987
64.3305 3.5659
49.7863 60.3917
73.2972 75.9015
44.8027 95.2386
95.1693 76.4288
71.7104 37.9272
90.9477 89.6289
39.0021 51.3999
4.0770 90.5769
81.4433 67.5278
38.1589 41.4162
14.6402 23.3488
59.7278 77.1545
46.0486 59.8857
1.7636 79.5705
38.5316 57.1663
80.9531 4.7042
71.0231 60.5881
42.6349 91.3552
59.1686 83.7554
78.6051 48.8143
6.2550 96.6712
48.4059 35.0785
0.3262 25.3736
27.5375 48.3542
58.6252 38.6093
88.7507 63.0663
37.5468 98.9671
43.7467 75.3711
57.7364 32.7327
84.9983 2.7400
79.8111 99.0429
44.8131 43.1577
30.6538 94.7693
57.8002 63.0762
82.7513 57.5371
41.5017 6.1825
63.4580 31.8130
84.2554 60.3357
35.8073 32.9942
3.6990 66.7152
