25
0 1 28.40622
0 2 44.52855
0 3 40.36358
0 4 33.19691
0 5 55.59116
0 6 43.47778
0 7 101.87186
0 8 57.63266
0 9 11.59261
0 10 59.64013
0 11 70.70493
0 12 50.03807
0 13 32.63033
0 14 55.16996
0 15 93.25491
0 16 51.96199
0 17 70.42833
0 18 28.45783
0 19 79.26949
0 20 27.92203
0 21 77.87648
0 22 80.22167
0 23 24.03248
0 24 41.73119
1 2 19.10348
1 3 38.18096
1 4 14.84842
1 5 77.30662
1 6 35.78721
1 7 97.95053
1 8 79.07042
1 9 39.84123
1 10 65.27823
1 11 43.81623
1 12 47.02814
1 13 4.22649
1 14 42.95959
1 15 84.93145
1 16 51.81674
1 17 63.79496
1 18 6.71201
1 19 61.54303
1 20 46.41019
1 21 64.68834
1 22 59.76396
1 23 44.32589
1 24 43.49825
2 3 34.85787
2 4 13.12805
2 5 84.46456
2 6 28.98918
2 7 86.50876
2 8 85.91437
2 9 56.08110
2 10 62.22405
2 11 26.24323
2 12 40.78535
2 13 16.31210
2 14 30.61208
2 15 71.43627
2 16 46.69618
2 17 52.66223
2 18 24.50614
2 19 43.99331
2 20 54.33927
2 21 49.38837
2 22 41.17884
2 23 53.66451
2 24 41.47201
3 4 25.05599
3 5 54.07963
3 6 7.76328
3 7 62.38150
3 8 55.09525
3 9 48.16536
3 10 27.77666
3 11 54.46491
3 12 9.87276
3 13 39.76469
3 14 19.01098
3 15 52.89269
3 16 13.68100
3 17 30.06510
3 18 44.42193
3 19 44.45589
3 20 29.13798
3 21 39.34307
3 22 48.66000
3 23 31.14980
3 24 6.71214
4 5 71.62216
4 6 21.37115
4 7 83.17739
4 8 73.12948
4 9 44.48637
4 10 52.80395
4 11 38.80843
4 12 33.02854
4 13 15.22279
4 14 28.17058
4 15 70.10736
4 16 38.28589
4 17 48.98813
4 18 21.55930
4 19 48.33194
4 20 41.27905
4 21 50.25260
4 22 47.85955
4 23 40.53722
4 24 31.15574
5 6 61.84208
5 7 85.55288
5 8 2.16590
5 9 50.80626
5 10 42.31088
5 11 107.69816
5 12 56.10519
5 13 80.96905
5 14 71.89019
5 15 87.74289
5 16 51.69506
5 17 69.99379
5 18 80.51905
5 19 95.49517
5 20 30.93155
5 21 86.24779
5 22 101.36584
5 23 33.16123
5 24 48.17839
6 7 62.40658
6 8 62.85724
6 9 52.46326
6 10 33.32552
6 11 46.94834
6 12 11.91948
6 13 36.58892
6 14 12.38486
6 15 50.85509
6 16 17.71093
6 17 28.59013
6 18 42.37736
6 19 37.89832
6 20 36.20000
6 21 34.48529
6 22 41.43287
6 23 37.78328
6 24 14.11157
7 8 84.84760
7 9 107.66031
7 10 46.42837
7 11 89.68154
7 12 52.51976
7 13 98.21101
7 14 56.02317
7 15 18.53699
7 16 49.91063
7 17 34.22327
7 18 104.62114
7 19 53.38925
7 20 81.29309
7 21 40.91970
7 22 62.29662
7 23 85.23977
7 24 60.14083
8 9 52.94944
8 10 42.23251
8 11 108.92847
8 12 56.77235
8 13 82.69860
8 14 72.68902
8 15 87.48673
8 16 52.20001
8 17 70.14152
8 18 82.37047
8 19 96.04380
8 20 32.66431
8 21 86.57072
8 22 102.05813
8 23 35.02780
8 24 49.07764
9 10 63.25575
9 11 82.27962
9 12 57.32632
9 13 44.05135
9 14 64.59124
9 15 100.63239
9 16 58.21156
9 17 77.85648
9 18 39.28498
9 19 89.34930
9 20 28.36416
9 21 86.91282
9 22 90.85027
9 23 24.03679
9 24 48.16093
10 11 78.58959
10 12 22.11248
10 13 67.24529
10 14 37.65038
10 15 45.62620
10 16 15.95417
10 17 28.37617
10 18 71.14919
10 19 56.62346
10 20 35.55051
10 21 45.54713
10 22 63.95275
10 23 39.72159
10 24 21.81100
11 12 56.61589
11 13 40.06585
11 14 41.19924
11 15 71.92019
11 16 62.72429
11 17 59.92025
11 18 47.56971
11 19 37.43132
11 20 78.81749
11 21 48.78315
11 22 29.90311
11 23 78.71420
11 24 61.03766
12 13 48.16709
12 14 16.38122
12 15 43.35165
12 16 6.15833
12 17 20.53572
12 18 53.46917
12 19 39.55739
12 20 35.54233
12 21 32.06957
12 22 45.28685
12 23 38.32548
12 24 9.86415
13 14 42.63910
13 15 84.59443
13 16 53.25168
13 17 63.98931
13 18 8.19449
13 19 59.75459
13 20 50.04012
13 21 63.73115
13 22 57.42998
13 23 48.11972
13 24 45.43699
14 15 41.98996
14 16 22.13552
14 17 22.05029
14 18 49.66424
14 19 25.56784
14 20 48.13422
14 21 22.86833
14 22 29.76545
14 23 49.97412
14 24 23.85283
15 16 42.85350
15 17 22.83800
15 18 91.64067
15 19 35.07862
15 20 76.78356
15 21 23.29771
15 22 43.88664
15 23 80.24229
15 24 52.55776
16 17 20.73076
16 18 58.09660
16 19 43.85134
16 20 34.14676
16 21 34.94014
16 22 50.19779
16 23 37.44140
16 24 10.23110
17 18 70.48365
17 19 29.94579
17 20 54.86746
17 21 17.52678
17 22 38.33992
17 23 58.07932
17 24 29.93919
18 19 67.79082
18 20 49.89915
18 21 71.29574
18 22 65.61144
18 23 47.35832
18 24 49.46893
19 20 73.58277
19 21 13.46444
19 22 9.05603
19 23 75.52865
19 24 48.58322
20 21 67.54699
20 22 77.62667
20 23 4.32741
20 24 25.70252
21 22 22.46749
21 23 70.11996
21 24 41.85173
22 23 79.14706
22 24 53.57901
23 24 28.46734
86.9403 28.2645
63.4103 12.3506
44.4738 14.8709
52.2243 48.8562
54.0361 23.8658
93.8089 83.4297
46.3330 43.8004
8.8767 93.7164
93.3296 85.5419
97.6229 32.7668
52.0476 76.6323
20.2566 4.7598
45.0627 55.6520
59.9967 9.8585
33.9495 43.6170
6.4397 75.3403
46.9963 61.4989
26.4636 64.3577
67.7616 7.2401
8.5941 40.3279
80.6045 55.4582
13.1017 53.0154
6.7821 31.4550
83.2144 52.0064
54.9059 55.0094
