50
0 1 65.73852
0 2 23.84321
0 3 61.61796
0 4 18.27225
0 5 59.13109
0 6 49.98744
0 7 66.85462
0 8 58.80809
0 9 53.66781
0 10 40.37143
0 11 37.83909
0 12 69.80459
0 13 12.86277
0 14 37.06155
0 15 41.10715
0 16 40.20671
0 17 62.35017
0 18 52.46375
0 19 66.19617
0 20 15.23812
0 21 50.18177
0 22 41.42681
0 23 46.96024
0 24 88.23157
0 25 78.61732
0 26 55.75332
0 27 32.22732
0 28 10.36429
0 29 26.73129
0 30 38.83435
0 31 42.94558
0 32 38.93775
0 33 41.58951
0 34 83.65032
0 35 51.79060
0 36 42.59187
0 37 78.93582
0 38 27.49203
0 39 72.73501
0 40 67.02256
0 41 46.22440
0 42 23.60326
0 43 17.60967
0 44 40.11289
0 45 35.75762
0 46 45.99629
0 47 24.41362
0 48 44.00256
0 49 47.26974
1 2 55.95335
1 3 42.00821
1 4 83.95527
1 5 27.79110
1 6 58.08592
1 7 12.94735
1 8 27.43174
1 9 79.23794
1 10 64.99864
1 11 67.80570
1 12 43.74677
1 13 77.66741
1 14 31.93217
1 15 55.14019
1 16 34.95204
1 17 23.92861
1 18 53.55803
1 19 49.88309
1 20 79.42762
1 21 55.18287
1 22 66.52025
1 23 42.23731
1 24 33.96246
1 25 13.15863
1 26 23.94645
1 27 66.81730
1 28 74.91343
1 29 56.40750
1 30 29.34495
1 31 29.52845
1 32 71.23014
1 33 97.92167
1 34 53.62931
1 35 83.17387
1 36 84.33178
1 37 17.51441
1 38 65.33193
1 39 7.04263
1 40 52.02659
1 41 59.20224
1 42 60.13305
1 43 67.39489
1 44 78.76791
1 45 70.38301
1 46 56.94984
1 47 47.17637
1 48 21.93272
1 49 39.90072
2 3 67.68217
2 4 38.11752
2 5 40.55053
2 6 26.18802
2 7 61.59342
2 8 40.35452
2 9 73.21778
2 10 57.91094
2 11 56.72446
2 12 75.07833
2 13 29.02008
2 14 24.04910
2 15 17.26938
2 16 44.06495
2 17 61.61534
2 18 64.07988
2 19 74.25843
2 20 29.45882
2 21 62.72635
2 22 19.86577
2 23 24.93382
2 24 85.27059
2 25 67.30710
2 26 38.76935
2 27 51.65313
2 28 33.46217
2 29 3.05996
2 30 37.66070
2 31 43.87148
2 32 58.72625
2 33 42.02950
2 34 61.08619
2 35 72.64460
2 36 65.08911
2 37 72.18244
2 38 47.08684
2 39 62.28231
2 40 75.66089
2 41 60.81595
2 42 41.46798
2 43 12.87822
2 44 61.76046
2 45 17.82187
2 46 22.19152
2 47 33.78458
2 48 37.72945
2 49 53.99211
3 4 75.93980
3 5 63.44238
3 6 83.76407
3 7 30.61463
3 8 62.96332
3 9 43.93550
3 10 35.19291
3 11 39.56034
3 12 8.24285
3 13 74.14707
3 14 50.31428
3 15 76.99452
3 16 23.62017
3 17 18.36487
3 18 16.67926
3 19 8.17806
3 20 76.68806
3 21 19.66723
3 22 85.74817
3 23 69.38542
3 24 36.16189
3 25 51.08907
3 26 58.07293
3 27 42.05518
3 28 66.18634
3 29 69.88860
3 30 31.12140
3 31 24.64955
3 32 42.51527
3 33 102.72131
3 34 93.20130
3 35 49.56185
3 36 55.87350
3 37 39.17034
3 38 43.69386
3 39 46.07072
3 40 10.26214
3 41 25.95318
3 42 42.15632
3 43 73.39220
3 44 50.44065
3 45 85.48805
3 46 80.93727
3 47 37.37981
3 48 36.09939
3 49 14.40481
4 5 76.56061
4 6 62.63959
4 7 84.55409
4 8 76.26842
4 9 57.43319
4 10 48.15587
4 11 44.35418
4 12 84.17620
4 13 9.39706
4 14 55.09559
4 15 54.37546
4 16 56.55025
4 17 79.13825
4 18 64.16368
4 19 79.29432
4 20 10.18832
4 21 61.40589
4 22 51.22367
4 23 62.84116
4 24 105.15602
4 25 96.87061
4 26 73.51281
4 27 38.97605
4 28 9.85873
4 29 40.43371
4 30 56.47011
4 31 59.96603
4 32 44.01947
4 33 34.44047
4 34 99.20322
4 35 53.60382
4 36 41.74634
4 37 96.75253
4 38 35.03609
4 39 90.96456
4 40 79.75785
4 41 56.19909
4 42 34.22348
4 43 26.93278
4 44 41.69259
4 45 43.65053
4 46 58.81731
4 47 40.40385
4 48 62.14357
4 49 62.05808
5 6 32.52902
5 7 39.79361
5 8 0.48934
5 9 91.01619
5 10 75.01494
5 11 76.32786
5 12 67.51952
5 13 68.26619
5 14 23.17024
5 15 32.37056
5 16 46.64720
5 17 47.87671
5 18 69.99602
5 19 71.61275
5 20 69.22355
5 21 70.52327
5 22 43.81698
5 23 18.23480
5 24 61.68999
5 25 33.31007
5 26 5.46940
5 27 73.34594
5 28 69.46513
5 29 39.55126
5 30 37.43651
5 31 42.09330
5 32 79.46402
5 33 80.77394
5 34 30.52262
5 35 93.26022
5 36 90.56977
5 37 44.76614
5 38 70.22934
5 39 30.81421
5 40 73.65957
5 41 72.42381
5 42 64.04768
5 43 53.42216
5 44 85.62255
5 45 49.77599
5 46 32.49678
5 47 50.62380
5 48 29.04255
5 49 55.73379
6 7 68.05800
6 8 32.66903
6 9 97.67399
6 10 81.79210
6 11 81.25709
6 12 89.92473
6 13 53.24813
6 14 33.45695
6 15 8.98390
6 16 61.48493
6 17 72.60321
6 18 84.34615
6 19 91.36285
6 20 52.96258
6 21 83.65705
6 22 14.26353
6 23 15.91937
6 24 91.59965
6 25 65.64756
6 26 34.56446
6 27 76.56154
6 28 59.29339
6 29 23.25656
6 30 52.79371
6 31 59.19041
6 32 83.59314
6 33 54.21418
6 34 39.57511
6 35 97.75061
6 36 90.95203
6 37 75.59728
6 38 72.20019
6 39 62.48364
6 40 93.10710
6 41 83.04772
6 42 66.24057
6 43 35.70976
6 44 87.33297
6 45 22.46279
6 46 3.99679
6 47 56.15431
6 48 48.32859
6 49 71.93835
7 8 39.38902
7 9 71.07082
7 10 58.20866
7 11 61.60573
7 12 31.27027
7 13 79.44839
7 14 38.06024
7 15 63.90878
7 16 30.16947
7 17 12.28456
7 18 44.15040
7 19 38.08652
7 20 81.50496
7 21 46.24733
7 22 74.84087
7 23 52.16569
7 24 23.95284
7 25 20.51914
7 26 35.32076
7 27 61.63576
7 28 74.99433
7 29 62.62573
7 30 28.08548
7 31 25.40182
7 32 65.01178
7 33 102.71211
7 34 66.56833
7 35 75.66485
7 36 78.56000
7 37 12.34382
7 38 61.02704
7 39 15.53198
7 40 40.21862
7 41 51.12283
7 42 56.64416
7 43 71.73484
7 44 72.90066
7 45 77.59061
7 46 66.40676
7 47 45.11563
7 48 24.08502
7 49 31.85704
8 9 90.54208
8 10 74.54506
8 11 75.86666
8 12 67.05429
8 13 67.99870
8 14 22.76917
8 15 32.37684
8 16 46.16043
8 17 47.42292
8 18 69.50685
8 19 71.13316
8 20 68.97100
8 21 70.03516
8 22 43.84489
8 23 18.23856
8 24 61.34663
8 25 33.10658
8 26 4.98019
8 27 72.89624
8 28 69.13744
8 29 39.38826
8 30 36.95260
8 31 41.60426
8 32 79.00581
8 33 80.67609
8 34 31.01085
8 35 92.79524
8 36 90.12973
8 37 44.44932
8 38 69.78990
8 39 30.53532
8 40 73.17914
8 41 71.94050
8 42 63.61166
8 43 53.22159
8 44 85.17602
8 45 49.74093
8 46 32.57831
8 47 50.17849
8 48 28.55386
8 49 55.24445
9 10 16.22542
9 11 16.49779
9 12 49.52395
9 13 61.37554
9 14 69.75170
9 15 88.92070
9 16 45.39660
9 17 59.49525
9 18 27.53811
9 19 40.83225
9 20 63.89068
9 21 24.99473
9 22 92.92374
9 23 88.19504
9 24 80.01406
9 25 90.94928
9 26 85.75880
9 27 21.70836
9 28 50.66275
9 29 76.24409
9 30 53.90553
9 31 50.69427
9 32 14.75453
9 33 91.44702
9 34 121.16279
9 35 6.52414
9 36 18.32047
9 37 81.72160
9 38 26.42636
9 39 85.08460
9 40 39.72838
9 41 20.06145
9 42 31.75066
9 43 71.08630
9 44 15.99185
9 45 88.64955
9 46 93.86715
9 47 42.11626
9 48 62.80415
9 49 39.46907
10 11 4.55340
10 12 42.46303
10 13 50.03081
10 14 53.53951
10 15 73.13035
10 16 30.29649
10 17 47.54935
10 18 19.16032
10 19 35.10204
10 20 52.66713
10 21 15.98994
10 22 77.74973
10 23 71.99494
10 24 70.76338
10 25 77.28193
10 26 69.81459
10 27 9.19375
10 28 39.76074
10 29 60.89152
10 30 38.24210
10 31 35.72621
10 32 7.32877
10 33 80.54584
10 34 105.04140
10 35 18.46524
10 36 20.89899
10 37 69.66857
10 38 13.35042
10 39 71.23666
10 40 34.82511
10 41 9.59190
10 42 16.98531
10 43 57.14525
10 44 15.33065
10 45 74.05108
10 46 78.03604
10 47 25.93991
10 48 47.21285
10 49 26.47671
11 12 46.93106
11 13 46.78277
11 14 54.30078
11 15 72.47057
11 16 32.88089
11 17 51.27823
11 18 23.68398
11 19 39.64518
11 20 49.39324
11 21 20.51556
11 22 76.45199
11 23 72.22161
11 24 74.91699
11 25 80.30280
11 26 71.23739
11 27 5.66167
11 28 36.31580
11 29 59.74849
11 30 40.21319
11 31 38.32666
11 32 3.42952
11 33 77.25879
11 34 106.04790
11 35 17.04954
11 36 17.00936
11 37 73.25881
11 38 10.35086
11 39 74.20135
11 40 39.37829
11 41 14.13728
11 42 15.26448
11 43 55.00142
11 44 11.34955
11 45 72.32573
11 46 77.42959
11 47 26.25081
11 48 49.18442
11 49 30.14724
12 13 82.36539
12 14 56.52677
12 15 83.53983
12 16 31.19155
12 17 20.01462
12 18 23.40545
12 19 8.96539
12 20 84.89971
12 21 26.55253
12 22 92.70282
12 23 75.09036
12 24 30.99572
12 25 51.02558
12 26 62.30256
12 27 49.79321
12 28 74.42752
12 29 77.17196
12 30 37.88446
12 31 31.43595
12 32 49.72479
12 33 110.80561
12 34 96.51477
12 35 55.50297
12 36 62.80194
12 37 37.47123
12 38 51.66579
12 39 46.69329
12 40 10.65449
12 41 32.97859
12 42 50.33323
12 43 81.25928
12 44 57.50862
12 45 92.83012
12 46 87.28110
12 47 45.50689
12 48 41.70298
12 49 22.54075
13 14 47.59996
13 15 45.02664
13 16 53.05726
13 17 75.20149
13 18 64.06638
13 19 78.37713
13 20 2.65565
13 21 61.57295
13 22 41.90829
13 23 53.89178
13 24 101.05588
13 25 90.34337
13 26 65.52534
13 27 41.15175
13 28 10.72984
13 29 31.21113
13 30 51.53008
13 31 55.78852
13 32 47.12418
13 33 30.51504
13 34 90.06563
13 35 58.34780
13 36 47.36490
13 37 91.43046
13 38 36.68827
13 39 84.59637
13 40 79.08466
13 41 57.03062
13 42 34.25949
13 43 17.53880
13 44 46.30692
13 45 34.48700
13 46 49.43483
13 47 37.17199
13 48 56.20951
13 49 59.87219
14 15 27.19008
14 16 28.59862
14 17 40.04366
14 18 52.14657
14 19 57.97342
14 20 49.00670
14 21 51.92480
14 22 37.29834
14 23 19.63357
14 24 61.97004
14 25 43.64803
14 26 19.00773
14 27 50.84627
14 28 47.20512
14 29 24.71709
14 30 19.51200
14 31 25.80610
14 32 57.27391
14 33 65.98974
14 34 51.81293
14 35 71.34821
14 36 67.75949
14 37 48.21486
14 38 47.44593
14 39 38.38703
14 40 59.75734
14 41 52.49892
14 42 41.20429
14 43 35.60635
14 44 62.98471
14 45 39.53516
14 46 30.75721
14 47 28.12463
14 48 15.32774
14 49 38.94384
15 16 54.14998
15 17 67.15231
15 18 76.50268
15 19 84.36763
15 20 44.94943
15 21 75.65088
15 22 11.57805
15 23 14.13829
15 24 87.78347
15 25 64.16658
15 26 32.97303
15 27 67.70438
15 28 50.56770
15 29 14.40210
15 30 45.87369
15 31 52.34603
15 32 74.75029
15 33 49.57115
15 34 45.86270
15 35 88.87728
15 36 81.97437
15 37 72.54441
15 38 63.30645
15 39 60.29228
15 40 86.02993
15 41 74.73907
15 42 57.39060
15 43 27.57894
15 44 78.38462
15 45 17.71290
15 46 5.01413
15 47 47.68357
15 48 42.48557
15 49 64.58629
16 17 22.66334
16 18 23.74718
16 19 30.39935
16 20 55.43814
16 21 23.94354
16 22 62.36693
16 23 48.22421
16 24 48.67163
16 25 47.62274
16 26 41.22489
16 27 31.97737
16 28 46.72052
16 29 46.30228
16 30 9.41001
16 31 5.44789
16 32 36.29918
16 33 80.17685
16 34 77.15919
16 35 48.69613
16 36 49.39954
16 37 42.42294
16 38 30.94867
16 39 41.46806
16 40 31.96045
16 41 25.97179
16 42 26.48881
16 43 50.16790
16 44 43.82098
16 45 61.87627
16 46 58.37582
16 47 16.14726
16 48 17.70361
16 49 10.45582
17 18 32.22919
17 19 26.02031
17 20 77.48297
17 21 34.52137
17 22 77.28443
17 23 57.14527
17 24 26.02213
17 25 32.80089
17 26 42.80164
17 27 52.02522
17 28 69.33280
17 29 63.19306
17 30 24.49854
17 31 19.42443
17 32 54.61654
17 33 100.89920
17 34 76.52458
17 35 64.38798
17 36 68.28277
17 37 22.26429
17 38 52.09204
17 39 27.70591
17 40 28.16291
17 41 39.78783
17 42 48.49139
17 43 70.11667
17 44 62.62715
17 45 78.74609
17 46 70.37182
17 47 38.75835
17 48 24.72048
17 49 21.13111
18 19 16.00734
18 20 66.70745
18 21 3.17057
18 22 83.51534
18 23 71.76727
18 24 52.82474
18 25 64.44141
18 26 64.53333
18 27 27.12007
18 28 54.84304
18 29 66.73339
18 30 33.15159
18 31 27.90638
18 32 26.35710
18 33 94.02669
18 34 100.50002
18 35 32.95227
18 36 39.41353
18 37 54.33202
18 38 29.76728
18 39 58.82538
18 40 15.95165
18 41 9.59751
18 42 30.03239
18 43 66.95107
18 44 34.10339
18 45 81.62248
18 46 81.00889
18 47 30.54059
18 48 40.96901
18 49 14.35210
19 20 80.97727
19 21 19.15467
19 22 92.76613
19 23 77.22145
19 24 39.96098
19 25 58.38329
19 26 66.23666
19 27 43.09562
19 28 69.73820
19 29 76.60029
19 30 38.57740
19 31 32.17669
19 32 42.19541
19 33 107.67803
19 34 101.37267
19 35 46.93550
19 36 54.87358
19 37 45.60287
19 38 45.52662
19 39 53.61532
19 40 2.14374
19 41 25.51014
19 42 45.08687
19 43 79.11020
19 44 49.75221
19 45 92.07714
19 46 88.43466
19 47 42.54250
19 48 44.06803
19 49 20.26938
20 21 64.22129
20 22 41.16055
20 23 54.39233
20 24 103.28737
20 25 92.01539
20 26 66.65591
20 27 43.76865
20 28 13.22886
20 29 31.45589
20 30 53.67184
20 31 58.06035
20 32 49.69360
20 33 27.88203
20 34 90.30982
20 35 60.77154
20 36 49.64434
20 37 93.42561
20 38 39.32152
20 39 86.32370
20 40 81.69761
20 41 59.68628
20 42 36.91414
20 43 17.37297
20 44 48.72905
20 45 33.48745
20 46 49.21620
20 47 39.62699
20 48 58.10886
20 49 62.39126
21 22 82.31076
21 23 71.48242
21 24 55.74898
21 25 66.38066
21 26 65.07898
21 27 24.02980
21 28 52.18010
21 29 65.44506
21 30 33.32494
21 31 28.49820
21 32 23.19135
21 33 91.67762
21 34 101.04582
21 35 30.18150
21 36 36.29737
21 37 56.72968
21 38 26.81221
21 39 60.66228
21 40 19.02841
21 41 6.43176
21 42 27.39950
21 43 65.06694
21 44 30.95973
21 45 80.13089
21 46 80.23969
21 47 28.99408
21 48 41.49008
21 49 15.42976
22 23 25.63328
22 24 98.77949
22 25 75.73577
22 26 44.55071
22 27 71.27726
22 28 49.51132
22 29 16.96091
22 30 54.81840
22 31 61.27435
22 32 78.33727
22 33 39.95162
22 34 53.81199
22 35 92.09069
22 36 83.85365
22 37 83.84841
22 38 66.64437
22 39 71.80006
22 40 94.29994
22 41 80.61590
22 42 61.18809
22 43 24.83976
22 44 80.91038
22 45 8.44145
22 46 12.03681
22 47 53.49932
22 48 52.57563
22 49 72.63094
23 24 75.68051
23 25 50.40319
23 26 19.11940
23 27 68.16545
23 28 57.19387
23 29 23.16924
23 30 39.04889
23 31 45.19540
23 32 74.94924
23 33 63.00016
23 34 36.69011
23 35 89.18754
23 36 84.12464
23 37 59.75122
23 38 64.25181
23 39 46.87742
23 40 79.06771
23 41 71.76803
23 42 58.01732
23 43 37.52454
23 44 79.83340
23 45 31.61335
23 46 14.82024
23 47 46.08326
23 48 33.40234
23 49 58.53303
24 25 32.36661
24 26 57.88385
24 27 76.53353
24 28 95.35443
24 29 86.42655
24 30 49.76539
24 31 45.30186
24 32 78.06838
24 33 125.86044
24 34 84.84899
24 35 85.71919
24 36 91.64057
24 37 17.34368
24 38 77.18614
24 39 31.72699
24 40 41.58411
24 41 61.89050
24 42 74.08392
24 43 94.89095
24 44 86.09380
24 45 101.50455
24 46 90.13031
24 47 64.78036
24 48 47.55155
24 49 45.55594
25 26 31.28403
25 27 79.59215
25 28 87.93341
25 29 67.41798
25 30 42.47189
25 31 42.26750
25 32 83.73232
25 33 109.31886
25 34 52.64874
25 35 95.21524
25 36 96.99982
25 37 15.54152
25 38 78.27976
25 39 6.20001
25 40 60.49685
25 41 70.89713
25 42 73.18522
25 43 79.24557
25 44 91.39680
25 45 80.48445
25 46 65.18311
25 47 60.31678
25 48 35.03538
25 49 51.48585
26 27 68.40132
26 28 66.00896
26 29 38.16384
26 30 32.05877
26 31 36.63372
26 32 74.41009
26 33 79.96042
26 34 35.97348
26 35 88.11787
26 36 85.73710
26 37 41.32104
26 38 65.41433
26 39 27.92226
26 40 68.27434
26 41 67.04791
26 42 59.28014
26 43 51.51254
26 44 80.71189
26 45 49.77480
26 46 33.91291
26 47 45.75254
26 48 23.59090
26 49 50.26584
27 28 30.73433
27 29 54.69532
27 30 38.31899
27 31 37.32982
27 32 7.07377
27 33 71.64347
27 34 102.65634
27 35 21.20139
27 36 17.65485
27 37 73.58982
27 38 4.75055
27 39 73.42658
27 40 43.05667
27 41 18.00465
27 42 10.32284
27 43 49.47694
27 44 12.34400
27 45 66.94405
27 46 72.69039
27 47 22.75964
27 48 47.17213
27 49 31.09373
28 29 36.18526
28 30 46.94249
28 31 50.22695
28 32 36.49795
28 33 40.97722
28 34 93.87147
28 35 47.63149
28 36 36.83016
28 37 87.24286
28 38 26.42660
28 39 81.94743
28 40 70.27318
28 41 47.25254
28 42 24.81096
28 43 24.71400
28 44 35.59401
28 45 42.88147
28 46 55.33548
28 47 30.58006
28 48 53.00653
28 49 52.23724
29 30 39.53421
29 31 45.84072
29 32 61.76888
29 33 41.98620
29 34 58.87243
29 35 75.69886
29 36 68.13805
29 37 72.92808
29 38 50.13657
29 39 62.56974
29 40 78.04370
29 41 63.65858
29 42 44.49709
29 43 14.36263
29 44 64.82011
29 45 15.68291
29 46 19.26502
29 47 36.56412
29 48 38.99119
29 49 56.35399
30 31 6.48071
30 32 43.54638
30 33 76.41115
30 34 67.90524
30 35 56.69672
30 36 55.97377
30 37 40.30127
30 38 36.32421
30 39 36.28603
30 40 40.31364
30 41 34.99015
30 42 30.88095
30 43 45.62359
30 44 50.57555
30 45 55.21558
30 46 49.86449
30 47 17.85381
30 48 8.98101
30 49 19.49777
31 32 41.74363
31 33 81.77999
31 34 72.60598
31 35 54.10317
31 36 54.80549
31 37 37.73590
31 38 36.11418
31 39 36.09725
31 40 33.95123
31 41 31.07075
31 42 31.36926
31 43 51.23614
31 44 49.23971
31 45 61.52162
31 46 56.30546
31 47 19.85800
31 48 13.06381
31 49 13.73952
32 33 77.46371
32 34 109.06529
32 35 14.25061
32 36 13.67496
32 37 76.63487
32 38 11.71237
32 39 77.63053
32 40 41.80587
32 41 16.75992
32 42 17.36014
32 43 56.33225
32 44 8.04517
32 45 73.92519
32 46 79.73140
32 47 29.16030
32 48 52.50868
32 49 33.49065
33 34 93.71362
33 35 87.93105
33 36 76.18652
33 37 113.80512
33 38 67.20253
33 39 104.30725
33 40 108.56256
33 41 87.39336
33 42 64.58466
33 43 30.98919
33 44 75.94442
33 45 32.03636
33 46 51.72183
33 47 65.35191
33 48 78.62728
33 49 88.31654
34 35 123.07726
34 36 119.42205
34 37 67.59040
34 38 99.17461
34 39 53.44376
34 40 103.46271
34 41 102.86208
34 42 92.91257
34 43 73.02984
34 44 114.75531
34 45 62.02591
34 46 42.49121
34 47 79.93397
34 48 59.56307
34 49 86.21144
35 36 12.73672
35 37 86.65226
35 38 25.59019
35 39 89.24834
35 40 45.92535
35 41 24.60300
35 42 31.52272
35 43 69.38297
35 44 12.04258
35 45 87.30863
35 46 93.86971
35 47 43.29356
35 48 65.67163
35 49 43.83432
36 37 90.26183
36 38 20.34131
36 39 90.85986
36 40 54.24910
36 41 29.92754
36 42 26.55693
36 43 60.08550
36 44 5.66410
36 45 78.33596
36 46 86.98639
36 47 39.98517
36 48 64.82037
36 49 47.15301
37 38 73.16799
37 39 14.39480
37 40 47.62746
37 41 62.05158
37 42 68.91167
37 43 82.93010
37 44 84.59789
37 45 87.37361
37 46 74.45049
37 47 57.45708
37 48 35.48185
37 49 43.19185
38 39 72.08610
38 40 45.68210
38 41 21.23855
38 42 6.26812
38 43 44.72696
38 44 15.61350
38 45 62.22474
38 46 68.30483
38 47 19.67919
38 48 44.97545
38 49 31.64400
39 40 55.74873
39 41 65.02336
39 42 66.98528
39 43 73.97012
39 44 85.26521
39 45 76.11755
39 46 61.69517
39 47 54.13548
39 48 28.97503
39 49 45.61931
40 41 25.25828
40 42 45.53468
40 43 80.24516
40 44 49.22792
40 45 93.46967
40 46 90.14107
40 47 43.60130
40 48 45.98926
40 49 21.69311
41 42 22.80873
41 43 61.95129
41 44 24.54755
41 45 77.82140
41 46 79.47852
41 47 27.17541
41 48 43.64988
41 49 19.41172
42 43 40.16125
42 44 21.87997
42 45 57.17159
42 46 62.37333
42 47 13.65561
42 48 39.31959
42 49 28.98008
43 44 57.72149
43 45 18.31783
43 46 31.90752
43 47 36.69034
43 48 47.65315
43 49 59.11062
44 45 75.80062
44 46 83.39729
44 47 35.00041
44 48 59.46587
44 49 41.49638
45 46 19.71521
45 47 51.13908
45 48 54.33807
45 49 71.80927
46 47 52.49387
46 48 45.87430
46 49 68.83008
47 48 25.87052
47 49 22.97829
48 49 26.76906
40.1037 20.9432
57.6186 84.3055
24.6476 39.0983
89.8263 57.3360
36.8043 2.9713
30.2904 79.2543
6.0625 57.5484
70.0573 80.7121
30.7057 78.9955
93.2577 13.5347
80.3985 23.4294
77.9193 19.6101
95.8223 62.9922
31.9342 11.0079
39.5164 58.0001
13.0259 51.8720
67.1628 50.6818
77.4301 70.8860
88.7076 40.6943
97.3625 54.1601
29.4629 10.0357
87.3610 37.8239
5.2332 43.3090
20.7355 63.7233
90.3143 93.4946
58.1905 97.4517
34.9932 76.4618
72.2792 19.1164
42.6635 10.9000
21.9743 40.5872
58.7939 54.9841
65.2263 55.7739
78.7619 16.2857
2.3673 3.4603
5.5428 97.1201
90.1924 7.7755
78.5491 2.6124
72.9887 92.7028
67.5692 19.7358
58.6654 91.2699
99.0504 52.8385
85.0277 31.8303
63.4442 24.4553
23.3248 26.2882
78.1597 8.2631
7.2758 35.1184
8.9299 54.7641
58.3751 37.1352
54.1207 62.6535
77.5775 49.7554
