50
0 1 62.88978
0 2 84.38194
0 3 63.98851
0 4 59.88100
0 5 73.15256
0 6 62.27920
0 7 66.93829
0 8 35.23868
0 9 52.70524
0 10 109.78581
0 11 35.17697
0 12 82.82758
0 13 67.41394
0 14 25.81182
0 15 93.38915
0 16 49.42874
0 17 85.01387
0 18 64.43758
0 19 5.56641
0 20 37.51928
0 21 46.70136
0 22 7.15493
0 23 19.75870
0 24 91.34530
0 25 76.69901
0 26 82.81934
0 27 43.79723
0 28 87.37196
0 29 64.81352
0 30 50.86690
0 31 103.17239
0 32 77.91231
0 33 80.71187
0 34 63.49892
0 35 87.45424
0 36 49.00150
0 37 44.75754
0 38 65.67338
0 39 36.97476
0 40 62.26068
0 41 74.73503
0 42 39.55256
0 43 58.41646
0 44 24.50345
0 45 72.38824
0 46 105.34856
0 47 76.74480
0 48 26.34510
0 49 38.67530
1 2 109.08839
1 3 52.76989
1 4 99.27372
1 5 28.19643
1 6 77.60369
1 7 10.16711
1 8 65.88518
1 9 30.64121
1 10 80.80427
1 11 28.16334
1 12 76.18512
1 13 97.11919
1 14 43.30432
1 15 70.29613
1 16 81.59786
1 17 67.49937
1 18 94.01369
1 19 67.65168
1 20 25.76953
1 21 18.96000
1 22 55.76663
1 23 79.32013
1 24 62.63693
1 25 111.37525
1 26 47.51775
1 27 81.22624
1 28 79.01676
1 29 33.67117
1 30 12.08863
1 31 75.89596
1 32 30.79258
1 33 47.28677
1 34 56.07507
1 35 72.01151
1 36 94.72136
1 37 27.59671
1 38 12.73113
1 39 75.16734
1 40 50.17571
1 41 97.45534
1 42 23.58845
1 43 15.96009
1 44 54.40193
1 45 47.27282
1 46 72.04448
1 47 90.56780
1 48 74.27221
1 49 72.87680
2 3 60.17244
2 4 29.61401
2 5 93.18600
2 6 31.51581
2 7 104.18830
2 8 51.32192
2 9 78.69892
2 10 82.02986
2 11 97.19535
2 12 47.80684
2 13 17.14292
2 14 101.92927
2 15 69.44909
2 16 35.03035
2 17 61.74337
2 18 19.96583
2 19 81.15912
2 20 98.00204
2 21 92.07923
2 22 85.85856
2 23 72.38953
2 24 76.27043
2 25 17.19391
2 26 83.20676
2 27 40.71764
2 28 49.66961
2 29 80.70938
2 30 100.91695
2 31 77.31411
2 32 95.90100
2 33 80.92504
2 34 56.22786
2 35 59.05258
2 36 42.23060
2 37 82.27904
2 38 100.75999
2 39 47.40891
2 40 62.09724
2 41 11.65393
2 42 98.28593
2 43 93.86198
2 44 66.03163
2 45 72.34973
2 46 86.08237
2 47 21.37814
2 48 58.70071
2 49 46.10981
3 4 60.86804
3 5 33.02903
3 6 30.04242
3 7 45.82892
3 8 37.68006
3 9 23.17389
3 10 45.94209
3 11 52.59724
3 12 24.30120
3 13 52.66805
3 14 65.31283
3 15 29.40400
3 16 43.93620
3 17 21.28259
3 18 50.21541
3 19 65.03322
3 20 52.07830
3 21 40.13466
3 22 60.08726
3 23 67.75564
3 24 28.48313
3 25 67.29765
3 26 26.19235
3 27 47.87783
3 28 27.94942
3 29 20.84843
3 30 48.11405
3 31 39.29458
3 32 35.79155
3 33 23.63035
3 34 3.95728
3 35 24.41449
3 36 62.78549
3 37 31.19291
3 38 42.29822
3 39 45.93245
3 40 2.69315
3 41 49.16630
3 42 51.17564
3 43 36.80983
3 44 40.04522
3 45 13.59052
3 46 42.64195
3 47 39.63432
3 48 53.89385
3 49 41.89445
4 5 90.88644
4 6 33.00041
4 7 97.00869
4 8 33.72693
4 9 71.69541
4 10 96.50509
4 11 80.85410
4 12 60.30414
4 13 14.87142
4 14 81.39201
4 15 80.99710
4 16 18.01512
4 17 71.74665
4 18 14.49615
4 19 55.70691
4 20 82.25225
4 21 80.57050
4 22 63.01970
4 23 44.79134
4 24 85.17150
4 25 17.06917
4 26 86.97377
4 27 18.54362
4 28 63.90037
4 29 78.03203
4 30 88.96981
4 31 90.59780
4 32 94.68723
4 33 84.42711
4 34 57.27189
4 35 70.83016
4 36 12.84028
4 37 71.75035
4 38 93.97007
4 39 25.56359
4 40 61.68312
4 41 25.81336
4 42 83.14094
4 43 86.08161
4 44 47.58245
4 45 74.45751
4 46 97.73435
4 47 36.56683
4 48 33.58905
4 49 26.76807
5 6 62.55701
5 7 18.24704
5 8 61.24045
5 9 21.71332
5 10 52.61296
5 11 45.42324
5 12 52.76148
5 13 84.70672
5 14 61.87068
5 15 42.93974
5 16 73.00301
5 17 41.71949
5 18 81.99807
5 19 76.49634
5 20 43.55307
5 21 29.08479
5 22 66.88212
5 23 84.57429
5 24 34.75583
5 25 99.43137
5 26 19.45421
5 27 75.07294
5 28 54.68878
5 29 12.90510
5 30 31.51645
5 31 47.81830
5 32 4.76610
5 33 19.55366
5 34 36.96274
5 35 46.33202
5 36 90.00666
5 37 28.39647
5 38 15.49173
5 39 70.86176
5 40 31.11666
5 41 82.07898
5 42 41.55315
5 43 17.21396
5 44 55.40252
5 45 22.54764
5 46 43.89892
5 47 72.60056
5 48 74.60081
5 49 67.43891
6 7 72.72051
6 8 27.10218
6 9 47.18373
6 10 63.92350
6 11 67.54789
6 12 28.13881
6 13 22.73827
6 14 74.73030
6 15 48.08206
6 16 19.91907
6 17 38.76791
6 18 20.53103
6 19 60.68552
6 20 68.06410
6 21 60.91319
6 22 61.65606
6 23 56.79496
6 24 52.22414
6 25 37.27759
6 26 55.26072
6 27 26.48446
6 28 32.20855
6 29 49.81715
6 30 69.74316
6 31 57.83938
6 32 65.66731
6 33 52.78018
6 34 26.12993
6 35 38.07933
6 36 38.75747
6 37 51.05220
6 38 69.31200
6 39 29.17849
6 40 31.56177
6 41 19.94344
6 42 68.09041
6 43 62.34845
6 44 39.66582
6 45 43.24011
6 46 64.75302
6 47 15.09478
6 48 41.11025
6 49 25.64425
7 8 64.47590
7 9 25.76193
7 10 70.82805
7 11 33.99811
7 12 68.32653
7 13 93.38860
7 14 50.18534
7 15 60.87099
7 16 79.05565
7 17 58.71455
7 18 90.39612
7 19 71.24969
7 20 31.71377
7 21 20.35113
7 22 59.99877
7 23 81.76380
7 24 52.93172
7 25 107.92574
7 26 37.68447
7 27 79.55276
7 28 70.84259
7 29 25.54627
7 30 17.56639
7 31 66.06171
7 32 20.63248
7 33 37.62819
7 34 49.42003
7 35 63.28835
7 36 93.73240
7 37 26.06662
7 38 3.53201
7 39 74.06294
7 40 43.37936
7 41 92.66297
7 42 29.48446
7 43 10.93269
7 44 54.75073
7 45 38.64055
7 46 61.96144
7 47 84.78750
7 48 74.83461
7 49 71.32427
8 9 40.27041
8 10 82.14747
8 11 47.56264
8 12 50.38323
8 13 35.41001
8 14 50.62569
8 15 65.31588
8 16 17.26436
8 17 56.01881
8 18 32.17743
8 19 33.61515
8 20 48.80561
8 21 47.03125
8 22 35.21093
8 23 31.51257
8 24 65.99637
8 25 47.85007
8 26 62.51595
8 27 15.36403
8 28 54.93825
8 29 49.05122
8 30 55.30550
8 31 75.54072
8 32 65.56988
8 33 60.00076
8 34 35.46964
8 35 57.30569
8 36 29.28905
8 37 38.63358
8 38 61.67479
8 39 9.69126
8 40 37.15689
8 41 40.67604
8 42 49.57070
8 43 53.58782
8 44 14.82970
8 45 50.01611
8 46 80.04918
8 47 41.52393
8 48 16.47378
8 49 7.00704
9 10 61.63402
9 11 31.38055
9 12 47.41644
9 13 67.62802
9 14 46.23683
9 15 47.26361
9 16 53.68399
9 17 41.64302
9 18 64.64331
9 19 55.57310
9 20 30.36975
9 21 17.13962
9 22 46.95665
9 23 62.96334
9 24 42.24035
9 25 82.18117
9 26 30.82407
9 27 54.79872
9 28 50.85634
9 29 12.19916
9 30 24.94085
9 31 55.48766
9 32 26.37104
9 33 29.03512
9 34 26.00908
9 35 45.68787
9 36 69.44456
9 37 9.64877
9 38 22.49824
9 39 49.96068
9 40 20.48290
9 41 67.11179
9 42 29.09053
9 43 15.16907
9 44 33.69863
9 45 23.00825
9 46 55.21252
9 47 59.92663
9 48 52.96007
9 49 46.80929
10 11 92.82757
10 12 36.24394
10 13 83.76114
10 14 107.82890
10 15 16.83578
10 16 83.19873
10 17 26.19614
10 18 82.67054
10 19 110.97029
10 20 91.57896
10 21 77.19742
10 22 105.50473
10 23 113.19574
10 24 19.40349
10 25 95.94683
10 26 33.41178
10 27 88.91930
10 28 33.04757
10 29 50.81672
10 30 82.43079
10 31 6.65776
10 32 50.57561
10 33 34.08865
10 34 47.11063
10 35 25.88158
10 36 102.48940
10 37 71.28124
10 38 68.08106
10 39 89.01559
10 40 47.53345
10 41 75.19193
10 42 90.02577
10 43 67.84855
10 44 85.98729
10 45 38.74438
10 46 9.96456
10 47 62.44441
10 48 98.62106
10 49 84.90149
11 12 76.51730
11 13 82.47882
11 14 16.52889
11 15 78.63647
11 16 64.77084
11 17 72.66026
11 18 79.22909
11 19 40.24047
11 20 2.39456
11 21 16.40610
11 22 28.02349
11 23 52.93666
11 24 73.42845
11 25 95.40268
11 26 60.76053
11 27 62.32064
11 28 80.43953
11 29 42.18393
11 30 16.61030
11 31 86.78636
11 32 49.79323
11 33 59.38461
11 34 54.35583
11 35 76.47662
11 36 73.66083
11 37 21.89480
11 38 33.71716
11 39 55.34715
11 40 50.01152
11 41 85.78434
11 42 4.59788
11 43 28.35072
11 44 33.27634
11 45 54.36968
11 46 85.89256
11 47 82.34391
11 48 51.03258
11 49 54.26900
12 13 47.58704
12 14 88.24165
12 15 21.78026
12 16 47.91615
12 17 14.12707
12 18 46.42981
12 19 82.65283
12 20 76.14133
12 21 64.43329
12 22 80.22356
12 23 81.84819
12 24 28.58699
12 25 60.26226
12 26 37.92404
12 27 54.14840
12 28 4.57426
12 29 42.79129
12 30 72.32629
12 31 30.57483
12 32 53.99859
12 33 36.07393
12 34 22.16163
12 35 11.29331
12 36 66.89552
12 37 55.42520
12 38 64.82997
12 39 55.48646
12 40 26.98971
12 41 39.55808
12 42 75.33770
12 43 60.32810
12 44 58.35553
12 45 30.22432
12 46 38.63920
12 47 26.95360
12 48 66.41589
12 49 51.50780
13 14 85.90544
13 15 68.98801
13 16 18.41295
13 17 60.09542
13 18 3.25083
13 19 64.07380
13 20 83.50600
13 21 79.19267
13 22 69.18443
13 23 55.30734
13 24 74.13844
13 25 14.72512
13 26 77.98483
13 27 23.64612
13 28 50.77588
13 29 71.84125
13 30 87.94478
13 31 78.15715
13 32 88.03498
13 33 75.51140
13 34 48.79363
13 35 58.57449
13 36 26.29697
13 37 69.67159
13 38 90.10983
13 39 30.50339
13 40 54.02479
13 41 10.94814
13 42 84.01627
13 43 82.65987
13 44 50.23956
13 45 65.96528
13 46 85.89324
13 47 22.21140
13 48 41.58139
13 49 29.59999
14 15 92.94027
14 16 67.52511
14 17 86.20111
14 18 82.70152
14 19 31.37819
14 20 18.62136
14 21 32.78865
14 22 19.71761
14 23 45.50463
14 24 88.45557
14 25 97.34475
14 26 76.52315
14 27 63.49431
14 28 92.44819
14 29 57.75683
14 30 32.62356
14 31 101.59812
14 32 66.28632
14 33 74.98385
14 34 66.39003
14 35 89.67976
14 36 72.09262
14 37 36.59643
14 38 50.13104
14 39 56.23945
14 40 62.90675
14 41 91.07522
14 42 20.80211
14 43 44.86405
14 44 35.91473
14 45 69.10135
14 46 101.37980
14 47 89.82440
14 48 48.59592
14 49 56.37430
15 16 66.91042
15 17 9.50680
15 18 67.58762
15 19 94.39246
15 20 77.61723
15 21 63.74329
15 22 89.36065
15 23 96.37276
15 24 9.27769
15 25 81.98417
15 26 23.94986
15 27 72.42366
15 28 19.94206
15 29 37.78731
15 30 69.96431
15 31 10.23164
15 32 42.28926
15 33 23.40332
15 34 30.33698
15 35 10.50033
15 36 86.27797
15 37 56.77994
15 38 57.72211
15 39 72.28323
15 40 31.19634
15 41 61.31807
15 42 76.25771
15 43 55.85478
15 44 69.38846
15 45 24.40637
15 46 16.91803
15 47 48.73374
15 48 81.78896
15 49 68.16451
16 17 57.42782
16 18 15.25666
16 19 46.47102
16 20 65.95095
16 21 63.06675
16 22 50.85754
16 23 39.44545
16 24 69.90302
16 25 30.64301
16 26 70.12467
16 27 7.01868
16 28 52.08152
16 29 60.19057
16 30 71.61673
16 31 76.92484
16 32 76.88753
16 33 67.56073
16 34 40.58383
16 35 57.33125
16 36 19.39109
16 37 54.01248
16 38 75.98999
16 39 12.51445
16 40 44.46432
16 41 25.46277
16 42 66.62926
16 43 68.13712
16 44 32.02480
16 45 57.46917
16 46 83.16759
16 47 30.28661
16 48 24.44019
16 49 11.18720
17 18 58.55120
17 19 85.75692
17 20 71.86154
17 21 58.64342
17 22 81.31596
17 23 87.22508
17 24 14.52737
17 25 73.44234
17 26 24.80000
17 27 62.91693
17 28 14.00744
17 29 33.94669
17 30 65.61623
17 31 19.67895
17 32 42.13782
17 33 23.31868
17 34 21.55068
17 35 4.61253
17 36 76.80422
17 37 50.80096
17 38 55.35207
17 39 62.82742
17 40 23.44039
17 41 52.95041
17 42 70.69215
17 43 52.21948
17 44 60.77430
17 45 20.23240
17 46 25.98785
17 47 40.61235
17 48 72.48937
17 49 58.71142
18 19 61.19601
18 20 80.25967
18 21 76.02704
18 22 66.08832
18 23 52.77791
18 24 72.42280
18 25 17.55492
18 26 75.75656
18 27 20.75792
18 28 49.81951
18 29 69.11258
18 30 84.76804
18 31 76.93464
18 32 85.39982
18 33 73.26304
18 34 46.37976
18 35 57.24878
18 36 24.83478
18 37 66.53556
18 38 87.13648
18 39 27.47980
18 40 51.47827
18 41 12.22231
18 42 80.77561
18 43 79.63842
18 44 47.00701
18 45 63.60950
18 46 84.45518
18 47 22.07371
18 48 38.76285
18 49 26.43872
19 20 42.54835
19 21 50.91855
19 22 12.36534
19 23 14.23439
19 24 92.87926
19 25 72.66432
19 26 85.12642
19 27 40.44193
19 28 87.22162
19 29 67.52257
19 30 55.58115
19 31 104.32643
19 32 81.26235
19 33 82.93315
19 34 64.20941
19 35 87.94219
19 36 44.40242
19 37 48.15990
19 38 69.81191
19 39 33.95810
19 40 63.48831
19 41 71.92187
19 42 44.52239
19 43 62.34590
19 44 25.00520
19 45 74.24148
19 46 106.98222
19 47 74.77495
19 48 22.54547
19 49 36.14006
20 21 14.70962
20 22 30.36444
20 23 55.13431
20 24 72.19620
20 25 96.59395
20 26 59.27532
20 27 63.70896
20 28 79.99084
20 29 40.82597
20 30 14.26530
20 31 85.60411
20 32 47.86152
20 33 57.96965
20 34 53.99183
20 35 75.75541
20 36 75.31252
20 37 21.07054
20 38 31.52330
20 39 56.80396
20 40 49.46085
20 41 86.53607
20 42 2.23635
20 43 26.40399
20 44 34.73064
20 45 53.27739
20 46 84.48490
20 47 82.75902
20 48 52.85938
20 49 55.58664
21 22 39.85392
21 23 61.51819
21 24 57.87224
21 25 93.19663
21 26 44.62533
21 27 62.39174
21 28 67.95667
21 29 26.38152
21 30 8.83864
21 31 71.34943
21 32 33.54185
21 33 43.39186
21 34 42.67508
21 35 62.76437
21 36 75.76841
21 37 9.88120
21 38 18.98222
21 39 56.23871
21 40 37.44424
21 41 80.43016
21 42 12.92601
21 43 12.28884
21 44 35.50824
21 45 39.33830
21 46 69.89167
21 47 74.76834
21 48 55.47633
21 49 54.03480
22 23 26.03320
22 24 86.74864
22 25 79.48941
22 26 77.46325
22 27 45.89719
22 28 84.71215
22 29 59.14377
22 30 43.76320
22 31 98.94368
22 32 71.62483
22 33 75.44841
22 34 59.98802
22 35 84.03732
22 36 52.96278
22 37 38.56623
22 38 58.83559
22 39 38.75908
22 40 58.16715
22 41 75.67335
22 42 32.39937
22 43 51.73213
22 44 22.30122
22 45 67.54018
22 46 100.60348
22 47 76.49035
22 48 29.59359
22 49 39.75123
23 24 96.22022
23 25 61.84360
23 26 90.51825
23 27 32.60903
23 28 86.38983
23 29 74.22761
23 30 67.25868
23 31 106.55195
23 32 89.28833
23 33 88.14799
23 34 66.12884
23 35 88.72428
23 36 32.51977
23 37 57.00219
23 38 79.91985
23 39 27.75651
23 40 66.70996
23 41 64.41724
23 42 56.94528
23 43 72.06173
23 44 29.46697
23 45 78.71504
23 46 110.39167
23 47 69.46669
23 48 15.69123
23 49 31.15266
24 25 87.74044
24 26 15.35537
24 27 74.83087
24 28 27.77130
24 29 31.50009
24 30 63.37980
24 31 13.52049
24 32 33.63181
24 33 15.35233
24 34 30.55694
24 35 17.73611
24 36 89.25418
24 37 51.88893
24 38 49.93795
24 39 73.79625
24 40 29.57383
24 41 67.36440
24 42 70.66495
24 43 48.92176
24 44 68.06659
24 45 19.44726
24 46 14.17911
24 47 55.11201
24 48 82.31921
24 49 69.69287
25 26 92.37256
25 27 33.85049
25 28 62.94901
25 29 86.56626
25 30 101.87323
25 31 90.69701
25 32 102.74548
25 33 89.92589
25 34 63.40030
25 35 71.48804
25 36 29.56825
25 37 83.82922
25 38 104.67768
25 39 41.10534
25 40 68.70785
25 41 20.76192
25 42 97.26201
25 43 97.14542
25 44 62.46045
25 45 80.50310
25 46 98.88560
25 47 33.50557
25 48 50.35432
25 49 41.32026
26 27 73.88368
26 28 38.71083
26 29 18.80755
26 30 49.20080
26 31 28.38563
26 32 18.35156
26 33 2.56600
26 34 29.70201
26 35 29.23915
26 36 88.86918
26 37 40.18892
26 38 34.78838
26 39 71.38757
26 40 25.82174
26 41 73.05585
26 42 57.55117
26 43 34.55344
26 44 61.25900
26 45 12.69999
26 46 25.34020
26 47 61.86508
26 48 78.03067
26 49 67.46140
27 28 58.41789
27 29 62.47601
27 30 70.66166
27 31 82.54193
27 32 79.18463
27 33 71.32014
27 34 44.82386
27 35 63.13942
27 36 15.06820
27 37 53.87893
27 38 76.65703
27 39 7.25486
27 40 48.06281
27 41 31.90592
27 42 64.60190
27 43 68.63076
27 44 29.06084
27 45 61.18402
27 46 88.37879
27 47 37.30252
27 48 18.02572
27 49 8.35753
28 29 45.41818
28 30 75.67065
28 31 27.79148
28 32 55.56371
28 33 37.08662
28 34 26.15277
28 35 10.04579
28 36 70.91105
28 37 59.14212
28 38 67.37957
28 39 59.92732
28 40 30.60805
28 41 42.18709
28 42 79.11983
28 43 63.27329
28 44 62.89100
28 45 32.33345
28 46 36.41339
28 47 29.44884
28 48 70.93459
28 49 55.96970
29 30 32.17719
29 31 44.99577
29 32 16.72247
29 33 17.23584
29 34 24.67751
29 35 38.40637
29 36 77.47663
29 37 21.38942
29 38 22.04124
29 39 58.56993
29 40 18.66980
29 41 69.47763
29 42 39.22344
29 43 18.28973
29 44 44.76777
29 45 13.75201
29 46 43.71583
29 47 60.43996
29 48 63.16984
29 49 55.01702
30 31 76.89672
30 32 35.37180
30 33 48.34364
30 34 50.88393
30 35 69.89502
30 36 83.68612
30 37 18.69366
30 38 17.80649
30 39 64.31311
30 40 45.42356
30 41 89.26830
30 42 12.02943
30 43 14.66611
30 44 43.00982
30 45 45.75382
30 46 74.50463
30 47 83.53376
30 48 62.65096
30 49 62.31025
31 32 46.21277
31 33 28.72556
31 34 40.45634
31 35 19.77479
31 36 96.25976
31 37 65.12011
31 38 63.16964
31 39 82.49935
31 40 40.91270
31 41 69.94094
31 42 84.10668
31 43 62.41667
31 44 79.33923
31 45 32.50588
31 46 9.64859
31 47 57.22008
31 48 92.01284
31 49 78.38183
32 33 19.07401
32 34 39.74882
32 35 46.72385
32 36 94.16887
32 37 33.15837
32 38 18.42224
32 39 75.15211
32 40 34.10644
32 41 84.95764
32 42 45.81706
32 43 21.45754
32 44 60.06952
32 45 24.13862
32 46 41.46359
32 47 75.06302
32 48 79.16030
32 49 71.66175
33 34 27.15573
33 35 27.84476
33 36 86.30391
33 37 38.51384
33 38 34.59611
33 39 68.84644
33 40 23.25924
33 41 70.69396
33 42 56.30163
33 43 33.76639
33 44 58.94139
33 45 10.13612
33 46 26.51543
33 47 59.60758
33 48 75.56397
33 49 64.91418
34 35 24.04936
34 36 59.61518
34 37 33.40327
34 38 45.89514
34 39 43.30403
34 40 6.05781
34 41 45.20913
34 42 53.22424
34 43 40.13415
34 44 39.22362
34 45 17.26590
34 46 44.57968
34 47 35.76372
34 48 51.85792
34 49 39.21874
35 36 76.60846
35 37 54.68572
35 38 59.91443
35 39 63.57699
35 40 26.77313
35 41 50.81776
35 42 74.64969
35 43 56.65028
35 44 63.05589
35 45 24.74049
35 46 27.40010
35 47 38.24352
35 48 73.71464
35 49 59.48801
36 37 67.79202
36 38 90.95870
36 39 19.67080
36 40 63.05980
36 41 36.99820
36 42 76.47424
36 43 82.86166
36 44 40.85568
36 45 76.17041
36 46 102.55831
36 47 46.07730
36 48 23.49670
36 49 22.64109
37 38 23.57772
37 39 48.12779
37 40 28.53849
37 41 70.62617
37 42 20.01752
37 43 15.44784
37 44 28.87283
37 45 32.62323
37 46 64.81033
37 47 64.89234
37 48 48.90625
37 49 45.56849
38 39 71.30245
38 40 39.85242
38 41 89.25090
38 42 29.32940
38 43 8.14815
38 44 52.42321
38 45 35.22793
38 46 59.38249
38 47 81.29322
38 48 72.47842
38 49 68.47237
39 40 45.71935
39 41 37.96611
39 42 57.77540
39 43 63.19801
39 44 22.07737
39 45 58.76534
39 46 87.66260
39 47 41.78986
39 48 12.23187
39 49 4.12134
40 41 50.96315
40 42 48.53462
40 43 34.21844
40 44 38.56601
40 45 13.12392
40 46 43.75113
40 47 41.78105
40 48 53.17231
40 49 41.73955
41 42 86.77308
41 43 82.27972
41 44 55.17144
41 45 61.74590
41 46 78.19704
41 47 12.74756
41 48 49.83532
41 49 36.08318
42 43 24.36767
42 44 35.74293
42 45 51.87736
42 46 82.80870
42 47 82.67597
42 48 54.23053
42 49 56.41662
43 44 44.31403
43 45 32.04168
43 46 59.84215
43 47 74.90023
43 48 64.35406
43 49 60.41519
44 45 49.79646
44 46 82.21499
44 47 54.66481
44 48 20.08555
44 49 21.14716
45 46 33.06896
45 47 51.24817
45 48 65.75735
45 49 54.81440
46 47 65.57024
46 48 96.41559
46 49 83.54755
47 48 54.01852
47 49 38.84864
48 49 15.46601
20.7328 14.2122
83.6192 13.5602
15.0475 98.4024
63.0912 62.1736
2.9240 71.3837
88.6863 41.2976
35.7623 74.6507
87.0755 23.1218
27.8967 48.7150
67.0612 39.3423
96.9162 93.2629
55.6689 10.1027
61.3259 86.4106
14.0151 81.2906
42.4216 0.2177
82.9555 83.8532
19.1787 63.6165
74.1037 80.3855
15.5847 78.4438
16.0682 17.2497
58.0517 10.3397
66.7450 22.2056
27.8526 13.5041
5.3883 26.6602
87.9678 76.0460
1.0950 88.3546
89.2445 60.7438
15.4241 57.6865
64.0196 90.1076
76.9003 46.5542
71.5961 14.8172
91.7896 89.0151
93.2014 42.8239
86.6785 60.7479
59.7567 64.3046
72.4899 84.7065
0.3967 58.7946
62.2256 30.9927
85.3067 26.1790
18.5086 51.1200
63.4525 59.5048
21.8487 88.9389
60.1613 11.0819
77.4320 28.2722
33.6381 35.0418
76.5522 60.3018
99.8732 83.7472
34.5736 89.6986
14.1024 39.7093
22.2456 52.8579
