50
0 1 32.81588
0 2 77.26736
0 3 23.49472
0 4 85.44320
0 5 36.52734
0 6 27.64144
0 7 11.76594
0 8 82.02627
0 9 18.08158
0 10 100.32599
0 11 44.99482
0 12 31.64399
0 13 51.98986
0 14 51.96416
0 15 77.23814
0 16 50.98702
0 17 56.23494
0 18 47.23660
0 19 14.73472
0 20 22.51740
0 21 92.71619
0 22 66.76760
0 23 57.48177
0 24 76.83010
0 25 61.54348
0 26 4.81634
0 27 54.22957
0 28 56.21847
0 29 31.57921
0 30 56.75075
0 31 81.27500
0 32 74.63545
0 33 67.80706
0 34 71.15096
0 35 32.93827
0 36 11.92242
0 37 54.37179
0 38 62.82582
0 39 55.59094
0 40 41.65660
0 41 24.53668
0 42 82.75341
0 43 25.27950
0 44 66.91384
0 45 45.19139
0 46 77.55094
0 47 19.38403
0 48 64.64093
0 49 83.51508
1 2 73.87070
1 3 10.44524
1 4 60.06240
1 5 47.42750
1 6 60.06147
1 7 24.87951
1 8 64.85384
1 9 49.94319
1 10 77.03860
1 11 38.25162
1 12 35.12878
1 13 20.01521
1 14 31.35682
1 15 62.61472
1 16 74.04412
1 17 23.46345
1 18 34.66698
1 19 42.25921
1 20 55.01664
1 21 69.29879
1 22 50.31393
1 23 74.93967
1 24 53.15677
1 25 52.21587
1 26 35.99381
1 27 29.99702
1 28 66.73387
1 29 60.92112
1 30 48.25269
1 31 74.05230
1 32 54.66179
1 33 68.77135
1 34 84.17946
1 35 55.28306
1 36 33.86699
1 37 27.97471
1 38 34.67170
1 39 74.02396
1 40 11.97816
1 41 24.87924
1 42 63.70378
1 43 48.06658
1 44 57.22497
1 45 19.90543
1 46 61.03473
1 47 46.42758
1 48 36.22879
1 49 57.04679
2 3 69.40425
2 4 56.17888
2 5 42.86312
2 6 94.67119
2 7 67.61236
2 8 33.01405
2 9 77.81862
2 10 56.39458
2 11 35.94103
2 12 45.88836
2 13 85.06494
2 14 104.78868
2 15 26.48390
2 16 60.03872
2 17 81.76846
2 18 39.50127
2 19 91.71782
2 20 82.63416
2 21 53.05853
2 22 32.80375
2 23 47.07470
2 24 49.14438
2 25 22.74139
2 26 74.71517
2 27 52.64178
2 28 32.47927
2 29 73.04099
2 30 25.85239
2 31 9.29653
2 32 39.47490
2 33 12.13061
2 34 38.83278
2 35 57.57847
2 36 88.32470
2 37 99.08813
2 38 60.28961
2 39 49.17389
2 40 84.04316
2 41 92.19704
2 42 37.89521
2 43 59.87477
2 44 19.28826
2 45 92.90415
2 46 31.02892
2 47 67.03824
2 48 61.12047
2 49 58.94844
3 4 64.26190
3 5 38.50248
3 6 51.11340
3 7 14.49931
3 8 65.23616
3 9 39.89678
3 10 80.34192
3 11 33.51098
3 12 26.97874
3 13 30.45881
3 14 38.95704
3 15 61.89555
3 16 63.91303
3 17 33.56297
3 18 31.96053
3 19 34.88576
3 20 45.15003
3 21 72.59146
3 22 50.04221
3 23 65.54281
3 24 56.36855
3 25 49.15222
3 26 26.13523
3 27 32.93715
3 28 58.47117
3 29 50.50403
3 30 44.72395
3 31 70.83459
3 32 56.08810
3 33 62.89831
3 34 75.68895
3 35 45.05240
3 36 27.15992
3 37 37.32105
3 38 40.18460
3 39 64.46781
3 40 21.81949
3 41 23.51437
3 42 64.88189
3 43 37.72194
3 44 54.46355
3 45 28.55299
3 46 61.06340
3 47 35.99053
3 48 41.93540
3 49 61.81027
4 5 70.72327
4 6 111.99373
4 7 73.80088
4 8 24.01046
4 9 96.96234
4 10 17.77169
4 11 48.30085
4 12 61.92188
4 13 56.27940
4 14 80.56688
4 15 29.73215
4 16 100.21399
4 17 49.63046
4 18 41.86234
4 19 98.72653
4 20 102.79013
4 21 10.75581
4 22 27.16930
4 23 91.97327
4 24 9.48359
4 25 40.75838
4 26 86.11936
4 27 31.40182
4 28 76.78866
4 29 100.91517
4 30 42.79629
4 31 48.81336
4 32 17.55727
4 33 62.05739
4 34 90.55029
4 35 87.58865
4 36 91.37762
4 37 71.22954
4 38 25.77391
4 39 92.93190
4 40 62.75999
4 41 84.94103
4 42 19.05565
4 43 84.47139
4 44 39.87615
4 45 70.15945
4 46 25.16254
4 47 88.21103
4 48 24.54672
4 49 4.54992
5 6 51.86490
5 7 29.71572
5 8 57.84506
5 9 34.97451
5 10 80.82601
5 11 22.51813
5 12 12.83942
5 13 65.64206
5 14 77.43930
5 15 51.28455
5 16 30.67378
5 17 66.00901
5 18 29.68292
5 19 50.12991
5 20 39.93578
5 21 74.25655
5 22 44.97487
5 23 27.78902
5 24 61.24323
5 25 33.99105
5 26 33.10953
5 27 46.20193
5 28 20.50250
5 29 32.29704
5 30 29.93194
5 31 48.75884
5 32 54.89558
5 33 32.11661
5 34 37.27569
5 35 17.33947
5 36 48.33520
5 37 75.37638
5 38 57.23064
5 39 27.24728
5 40 59.40380
5 41 56.59592
5 42 60.46769
5 43 17.25404
5 44 38.36421
5 45 66.91747
5 46 53.43606
5 47 24.18964
5 48 58.96757
5 49 70.74031
6 7 38.54514
6 8 105.88937
6 9 16.92436
6 10 125.99019
6 11 67.85061
6 12 53.12162
6 13 78.40740
6 14 73.35160
6 15 100.28340
6 16 49.22541
6 17 83.23465
6 18 71.82934
6 19 20.44456
6 20 12.20468
6 21 118.55460
6 22 91.09079
6 23 61.15097
6 24 103.06548
6 25 83.44334
6 26 25.97296
6 27 81.18806
6 28 66.74008
6 29 25.73611
6 30 78.78116
6 31 100.52688
6 32 99.80342
6 33 83.49597
6 34 76.98992
6 35 38.64053
6 36 28.56166
6 37 78.12694
6 38 90.23695
6 39 58.57795
6 40 67.63202
6 41 44.75250
6 42 107.31040
6 43 34.82517
6 44 88.49593
6 45 69.38228
6 46 101.34789
6 47 27.69087
6 48 92.06965
6 49 110.37309
7 8 70.41456
7 9 25.70365
7 10 88.56597
7 11 33.90684
7 12 21.76656
7 13 44.87250
7 14 50.10686
7 15 65.80244
7 16 50.95478
7 17 48.03864
7 18 35.61369
7 19 26.10379
7 20 31.18025
7 21 80.96432
7 22 55.11700
7 23 54.52023
7 24 65.11522
7 25 50.53129
7 26 12.61616
7 27 42.71982
7 28 50.19649
7 29 36.04862
7 30 45.75654
7 31 70.90961
7 32 62.87997
7 33 59.02447
7 34 66.49347
7 35 31.97931
7 36 20.93144
7 37 50.30037
7 38 51.71797
7 39 53.07193
7 40 35.63897
7 41 26.89211
7 42 71.04303
7 43 24.27396
7 44 55.94312
7 45 41.16626
7 46 65.96151
7 47 21.61564
7 48 53.55769
7 49 71.97885
8 9 89.48419
8 10 24.50473
8 11 38.05176
8 12 52.83617
8 13 68.29186
8 14 91.62660
8 15 7.27181
8 16 84.31594
8 17 62.90296
8 18 34.80174
8 19 96.51489
8 20 95.14604
8 21 20.12148
8 22 15.35199
8 23 73.95747
8 24 19.38941
8 25 23.93388
8 26 81.34120
8 27 35.60947
8 28 58.33442
8 29 89.99581
8 30 27.95298
8 31 25.01118
8 32 11.42229
8 33 40.77826
8 34 69.80629
8 35 75.16299
8 36 90.54503
8 37 83.60329
8 38 37.57031
8 39 75.38876
8 40 71.47154
8 41 88.38938
8 42 4.99792
8 43 74.03665
8 44 20.46227
8 45 80.03859
8 46 4.54218
8 47 79.41999
8 48 37.50350
8 49 27.52675
9 10 110.23999
9 11 51.44818
9 12 36.65091
9 13 69.59672
9 14 69.76352
9 15 83.69800
9 16 37.41522
9 17 73.37521
9 18 55.94931
9 19 21.81741
9 20 5.82779
9 21 102.94022
9 22 74.91274
9 23 47.23374
9 24 87.81718
9 25 66.72479
9 26 14.04186
9 27 66.88324
9 28 50.76914
9 29 14.79846
9 30 62.10866
9 31 83.60344
9 32 83.91949
9 33 66.76903
9 34 62.57882
9 35 23.04889
9 36 25.97925
9 37 72.45071
9 38 76.63347
9 39 44.86546
9 40 59.51925
9 41 41.58338
9 42 91.12615
9 43 18.12007
9 44 71.71318
9 45 63.27294
9 46 84.94357
9 47 10.78491
9 48 78.49395
9 49 95.67873
10 11 59.42683
10 12 73.99330
10 13 74.05107
10 14 98.33856
10 15 31.77650
10 16 108.44313
10 17 67.38832
10 18 54.29069
10 19 114.14724
10 20 116.03086
10 21 7.76265
10 22 35.93127
10 23 98.41176
10 24 24.00394
10 25 47.65894
10 26 100.48024
10 27 47.49716
10 28 82.80014
10 29 112.44124
10 30 51.08027
10 31 47.55095
10 32 26.36585
10 33 65.12032
10 34 94.13074
10 35 98.13281
10 36 107.19695
10 37 88.98103
10 38 43.31248
10 39 99.79174
10 40 80.37390
10 41 101.84890
10 42 20.68682
10 43 96.14160
10 44 44.80469
10 45 87.88982
10 46 28.24257
10 47 100.77842
10 48 42.19491
10 49 21.91497
11 12 14.79994
11 13 51.93190
11 14 69.50521
11 15 32.54831
11 16 52.76387
11 17 50.22450
11 18 7.65447
11 19 59.71305
11 20 57.13715
11 21 52.48728
11 22 23.61522
11 23 46.91793
11 24 38.81785
11 25 16.62519
11 26 43.73808
11 27 25.21075
11 28 33.87237
11 29 53.07864
11 30 11.85984
11 31 37.59563
11 32 33.11649
11 33 30.69708
11 34 50.89768
11 35 39.30104
11 36 54.77906
11 37 64.71503
11 38 36.03949
11 39 47.21635
11 40 49.06734
11 41 56.59873
11 42 39.75509
11 43 36.72423
11 44 22.04146
11 45 57.76811
11 46 33.50962
11 47 41.53574
11 48 37.64559
11 49 48.22450
12 13 52.88330
12 14 65.80073
12 15 47.16646
12 16 42.74157
12 17 53.17002
12 18 20.07184
12 19 46.31231
12 20 42.33774
12 21 66.89515
12 22 38.34919
12 23 40.60592
12 24 52.51337
12 25 30.52292
12 26 29.70342
12 27 34.75312
12 28 31.64395
12 29 38.99572
12 30 25.78229
12 31 49.63203
12 32 47.62908
12 33 37.37991
12 34 49.05273
12 35 26.51201
12 36 42.44661
12 37 63.09330
12 38 45.68084
12 39 40.08396
12 40 47.05284
12 41 47.49807
12 42 54.53089
12 43 22.55425
12 44 35.75146
12 45 54.88497
12 46 48.29488
12 47 26.80196
12 48 47.48121
12 49 61.31720
13 14 24.28834
13 15 68.17422
13 16 93.56865
13 17 7.11022
13 18 46.14244
13 19 59.23535
13 20 74.45853
13 21 66.77032
13 22 56.12296
13 23 93.42288
13 24 52.11583
13 25 62.36167
13 26 55.56452
13 27 33.60002
13 28 83.73532
13 29 80.92105
13 30 59.40130
13 31 83.22538
13 32 56.98440
13 33 82.29931
13 34 101.26993
13 35 74.99043
13 36 50.60494
13 37 15.35045
13 38 31.52264
13 39 92.73734
13 40 10.98170
13 41 37.08897
13 42 65.74173
13 43 67.93382
13 44 66.54582
13 45 14.65087
13 46 65.38375
13 47 66.44160
13 48 32.23806
13 49 52.28102
14 15 90.79103
14 16 101.00051
14 17 31.06493
14 18 65.30643
14 19 52.90803
14 20 73.27484
14 21 91.05134
14 22 78.48661
14 23 104.13311
14 24 76.22420
14 25 82.62329
14 26 56.59190
14 27 56.17245
14 28 97.39624
14 29 83.51951
14 30 78.97802
14 31 104.24559
14 32 80.50354
14 33 100.10616
14 34 114.64594
14 35 82.05331
14 36 45.18141
14 37 10.13362
14 38 55.63468
14 39 102.88150
14 40 20.83766
14 41 28.74598
14 42 89.41943
14 43 74.27762
14 44 87.34631
14 45 11.93331
14 46 88.40571
14 47 70.36203
14 48 56.44808
14 49 76.54856
15 16 77.19588
15 17 63.33146
15 18 30.42224
15 19 91.86849
15 20 89.28581
15 21 27.16403
15 22 12.36456
15 23 66.70549
15 24 23.37957
15 25 17.30273
15 26 76.23402
15 27 34.69825
15 28 51.07927
15 29 83.54443
15 30 21.66409
15 31 19.28849
15 32 13.90410
15 33 33.60531
15 34 62.61953
15 35 68.53921
15 36 86.30336
15 37 83.30935
15 38 38.76411
15 39 68.15798
15 40 70.24359
15 41 85.31977
15 42 11.67492
15 43 67.78005
15 44 13.34608
15 45 79.00346
15 46 4.57919
15 47 73.44396
15 48 39.04515
15 49 32.71002
16 17 94.95893
16 18 60.18090
16 19 59.10584
16 20 38.45681
16 21 102.51503
16 22 73.49771
16 23 14.33357
16 24 90.81304
16 25 60.80623
16 26 46.19549
16 27 76.87444
16 28 27.58720
16 29 23.70084
16 30 57.75940
16 31 68.49804
16 32 83.54196
16 33 47.97580
16 34 29.77992
16 35 18.98119
16 36 61.81760
16 37 101.03273
16 38 87.90252
16 39 11.68798
16 40 85.73053
16 41 75.34150
16 42 87.75797
16 43 26.72324
16 44 63.86496
16 45 91.99632
16 46 80.26175
16 47 31.60666
16 48 89.64131
16 49 100.64290
17 18 43.78338
17 19 64.60612
17 20 78.47955
17 21 60.21867
17 22 51.57686
17 23 93.73714
17 24 45.98939
17 25 59.03770
17 26 59.45289
17 27 29.35962
17 28 83.09495
17 29 83.88584
17 30 56.50033
17 31 79.25798
17 32 51.50476
17 33 79.94736
17 34 100.54633
17 35 76.76177
17 36 56.00248
17 37 21.60350
17 38 25.55199
17 39 93.25325
17 40 17.11313
17 41 43.35085
17 42 60.06049
17 43 70.06189
17 44 62.86085
17 45 21.75946
17 46 60.26320
17 47 69.30341
17 48 26.04133
17 49 45.53463
18 19 61.71596
18 20 61.74210
18 21 47.02749
18 22 19.53631
18 23 54.57236
18 24 32.44255
18 25 17.56246
18 26 46.72573
18 27 17.60346
18 28 41.38540
18 29 59.05528
18 30 13.67192
18 31 39.41481
18 32 27.99280
18 33 36.21643
18 34 58.22460
18 35 45.95967
18 36 55.90985
18 37 59.69623
18 38 28.38766
18 39 54.85873
18 40 44.54238
18 41 55.47243
18 42 35.62955
18 43 42.61133
18 44 22.68748
18 45 53.40921
18 46 30.35046
18 47 46.63152
18 48 29.99115
18 49 41.40012
19 20 22.76265
19 21 106.46987
19 22 81.20676
19 23 67.95149
19 24 90.40838
19 25 76.27472
19 26 17.07947
19 27 67.33195
19 28 68.93695
19 29 36.49355
19 30 71.48224
19 31 95.93609
19 32 88.78143
19 33 81.92678
19 34 82.65097
19 35 43.11216
19 36 8.63043
19 37 57.84889
19 38 75.06904
19 39 65.75641
19 40 48.29245
19 41 24.34162
19 42 97.07093
19 43 36.32149
19 44 81.64766
19 45 49.26031
19 46 92.06497
19 47 29.02217
19 48 76.82103
19 49 96.50104
20 21 108.74530
20 22 80.64544
20 23 49.54891
20 24 93.64276
20 25 72.24029
20 26 19.03745
20 27 72.67815
20 28 54.55715
20 29 14.79520
20 30 67.66098
20 31 88.68399
20 32 89.70013
20 33 71.36533
20 34 65.24482
20 35 26.47321
20 36 28.51354
20 37 76.54710
20 38 82.37096
20 39 47.04509
20 40 64.17400
20 41 44.71048
20 42 96.85059
20 43 22.76113
20 44 77.16846
20 45 67.43840
20 46 90.60778
20 47 15.95556
20 48 84.22975
20 49 101.50119
21 22 29.29223
21 23 93.03923
21 24 16.24198
21 25 41.77461
21 26 92.95628
21 27 39.73534
21 28 77.50805
21 29 105.56553
21 30 44.82652
21 31 44.70920
21 32 19.39607
21 33 60.76070
21 34 89.75572
21 35 91.49312
21 36 99.47363
21 37 81.82131
21 38 35.76116
21 39 94.28269
21 40 72.81639
21 41 94.09755
21 42 15.50667
21 43 89.19943
21 44 39.51415
21 45 80.44860
21 46 23.07881
21 47 93.62630
21 48 34.71982
21 49 15.21738
22 23 64.82635
22 24 18.25224
22 25 13.66574
22 26 66.22408
22 27 22.53439
22 28 49.62146
22 29 76.51997
22 30 15.76243
22 31 28.22918
22 32 10.04631
22 33 35.97947
22 34 63.76223
22 35 62.24215
22 36 75.19310
22 37 71.15458
22 38 27.97143
22 39 65.83524
22 40 57.89654
22 41 73.33604
22 42 16.22302
22 43 60.25705
22 44 13.96635
22 45 66.67455
22 46 11.03512
22 47 65.13604
22 48 28.59720
22 49 28.54450
23 24 82.81246
23 25 51.43420
23 26 52.95378
23 27 72.05312
23 28 15.62943
23 29 35.48512
23 30 49.20487
23 31 55.91552
23 32 74.72071
23 33 35.29963
23 34 15.97298
23 35 24.87511
23 36 69.11760
23 37 102.76819
23 38 82.95024
23 39 2.71404
23 40 86.90694
23 41 80.75023
23 42 77.82567
23 43 32.22677
23 44 53.62703
23 45 94.09575
23 46 70.20498
23 47 39.00969
23 48 84.56351
23 49 92.95799
24 25 31.91707
24 26 77.28778
24 27 23.49336
24 28 67.76159
24 29 91.49528
24 30 33.60919
24 31 42.63463
24 32 9.67339
24 33 53.90916
24 34 81.99296
24 35 78.10857
24 36 83.30725
24 37 67.40642
24 38 20.59986
24 39 83.70362
24 40 57.26490
24 41 77.90698
24 42 15.20336
24 43 75.05177
24 44 31.65084
24 45 65.22185
24 46 18.92317
24 47 78.91153
24 48 19.94899
24 49 10.29521
25 26 60.07967
25 27 30.03543
25 28 36.07886
25 29 66.24179
25 30 4.79292
25 31 21.85344
25 32 23.32683
25 33 22.96862
25 34 50.13943
25 35 51.27209
25 36 71.40025
25 37 76.55031
25 38 38.44515
25 39 52.57167
25 40 61.79780
25 41 72.57088
25 42 26.99343
25 43 50.51807
25 44 5.42534
25 45 70.69647
25 46 19.63355
25 47 56.33670
25 48 39.49699
25 49 42.20712
26 27 55.21810
26 28 52.33795
26 29 26.93075
26 30 55.29841
26 31 79.16960
26 32 74.49959
26 33 64.84741
26 34 66.87520
26 35 28.28334
26 36 16.17872
26 37 58.68851
26 38 64.33213
26 39 51.00766
26 40 45.48842
26 41 29.34763
26 42 82.35517
26 43 20.72764
26 44 65.38047
26 45 49.47953
26 46 76.82737
26 47 14.58886
26 48 66.17283
26 49 84.42485
27 28 58.97851
27 29 72.76964
27 30 28.12598
27 31 49.90082
27 32 24.86951
27 33 52.00428
27 34 75.69397
27 35 61.25376
27 36 59.99721
27 37 48.63015
27 38 11.02921
27 39 72.23402
27 40 35.86419
27 41 54.54070
27 42 33.93347
27 43 56.62116
27 44 33.56413
27 45 44.47993
27 46 32.24212
27 47 59.06791
27 48 12.77550
27 49 29.28572
28 29 42.66298
28 30 34.23142
28 31 40.92785
28 32 59.40561
28 33 20.39131
28 34 17.53923
28 35 28.10488
28 36 68.13533
28 37 94.66228
28 38 69.59762
28 39 17.23639
28 40 78.60908
28 41 77.08618
28 42 62.24022
28 43 33.02814
28 44 38.04022
28 45 86.52725
28 46 54.61279
28 47 40.64793
28 48 71.10437
28 49 77.98733
29 30 62.04318
29 31 80.04156
29 32 86.18647
29 33 61.21695
29 34 51.39769
29 35 15.52310
29 36 40.66842
29 37 85.40135
29 38 83.28459
29 39 32.88199
29 40 71.49634
29 41 55.86078
29 42 92.38194
29 43 16.44398
29 44 70.65949
29 45 76.17936
29 46 85.54019
29 47 14.59299
29 48 85.13976
29 49 100.27152
30 31 26.11373
30 32 25.79345
30 33 23.88867
30 34 49.36006
30 35 47.26900
30 36 66.63825
30 37 73.25469
30 38 37.43452
30 39 50.13565
30 40 58.20590
30 41 68.06773
30 42 30.57432
30 43 46.14602
30 44 10.18685
30 45 67.07817
30 46 23.51308
30 47 51.79273
30 48 38.66619
30 49 43.78599
31 32 33.05056
31 33 20.62738
31 34 48.12745
31 35 64.51848
31 36 91.82810
31 37 97.80540
31 38 56.19944
31 39 57.91181
31 40 83.40820
31 41 94.13441
31 42 29.99962
31 43 66.00205
31 44 16.90129
31 45 92.31237
31 46 23.83700
31 47 72.84336
31 48 56.78638
31 49 51.96165
32 33 44.57975
32 34 72.99350
32 35 72.10729
32 36 82.26907
32 37 72.31785
32 38 26.14883
32 39 75.78552
32 40 60.57694
32 41 78.76894
32 42 9.06504
32 43 69.83990
32 44 22.34711
32 45 69.02289
32 46 9.65791
32 47 74.41265
32 48 26.11036
32 49 19.63526
33 34 29.02916
33 35 45.84061
33 36 79.25636
33 37 95.39691
33 38 61.17521
33 39 37.28497
33 40 79.75830
33 41 84.75044
33 42 45.25564
33 43 48.68368
33 44 22.26277
33 45 88.42787
33 46 37.75774
33 47 56.04376
33 48 62.31775
33 49 64.13850
34 35 39.69415
34 36 83.00943
34 37 112.13348
34 38 86.04342
34 39 18.65312
34 40 96.08429
34 41 93.29806
34 42 74.24947
34 43 46.38368
34 44 50.71988
34 45 103.91562
34 46 66.70813
34 47 53.64516
34 48 87.45808
34 49 92.28741
35 36 44.37333
35 37 82.07671
35 38 72.14396
35 39 22.79111
35 40 66.86760
35 41 56.87712
35 42 77.80562
35 43 7.85266
35 44 55.48871
35 45 73.02406
35 46 70.76648
35 47 14.13460
35 48 73.95622
35 49 87.34471
36 37 49.56832
36 38 67.24076
36 39 67.14156
36 40 39.66396
36 41 16.43578
36 42 90.77814
36 43 36.89797
36 44 76.81993
36 45 40.83987
36 46 86.16813
36 47 30.41414
36 48 68.95869
36 49 88.96969
37 38 46.83350
37 39 101.75768
37 40 16.05365
37 41 33.61201
37 42 81.09082
37 43 74.50835
37 44 80.98976
37 45 9.22198
37 46 80.62736
37 47 71.53896
37 48 47.48433
37 49 67.10632
38 39 83.18397
38 40 37.06372
38 41 59.49391
38 42 34.53459
38 43 67.28908
38 44 41.00905
38 45 44.75082
38 46 35.28166
38 47 69.34012
38 48 1.86435
38 49 22.44172
39 40 85.96895
39 41 79.08588
39 42 79.15862
39 43 30.31149
39 44 54.98715
39 45 93.00784
39 46 71.55623
39 47 36.90104
39 48 84.82651
39 49 93.79380
40 41 26.25955
40 42 69.59915
40 43 59.48232
40 44 66.50869
40 45 8.90436
40 46 68.05905
40 47 57.22268
40 48 38.21356
40 49 59.13626
41 42 87.71566
41 43 49.04687
41 44 77.91386
41 45 25.34387
41 46 84.31468
41 47 43.82488
41 48 61.00594
41 49 81.90447
42 43 76.23314
42 44 24.20071
42 45 78.00043
42 46 7.63445
42 47 81.29000
42 48 34.26675
42 49 22.68823
43 44 55.19138
43 45 65.41099
43 46 69.54317
43 47 7.62550
43 48 69.13269
43 49 83.85145
44 45 75.41300
44 46 16.57815
44 47 61.22971
44 48 41.86855
44 49 41.87606
45 46 76.71892
45 47 62.33470
45 48 45.72879
45 49 66.32948
46 47 74.89014
46 48 35.41855
46 49 28.13772
47 48 71.20273
47 49 87.23964
48 49 21.04477
42.5622 85.1067
73.7099 74.7770
42.4651 7.8394
63.2903 74.0456
97.4024 19.5850
33.4298 49.7394
18.9981 99.5560
48.8332 75.1512
75.4119 9.9455
24.5463 83.5669
98.5407 1.8498
54.4701 41.7162
45.6701 53.6157
93.7018 75.7426
92.3484 99.9932
68.5578 12.3746
2.9326 53.0260
96.5027 69.2073
62.1146 42.1067
39.4426 99.5074
20.1626 87.4070
95.5110 8.9968
70.6913 24.5537
7.6057 39.4756
88.9298 23.8457
57.0455 25.2917
38.5438 82.4516
79.4207 45.3286
21.7723 32.8736
12.7891 74.5801
55.8778 29.9402
51.0517 4.2763
79.8671 20.4631
35.3742 17.6817
6.9375 23.5166
20.1881 60.9338
47.3412 96.0294
96.6340 90.8104
90.4101 44.3923
7.2559 42.1670
84.0057 80.8985
63.7059 97.5563
80.1923 11.4039
26.5360 65.5564
57.5274 19.8878
87.5809 89.0536
72.9264 13.7473
27.3111 73.1424
92.0712 43.5458
99.2246 23.7541
