100
0 1 60.36995
0 2 90.70238
0 3 60.23728
0 4 57.84961
0 5 85.30894
0 6 36.19643
0 7 46.66447
0 8 63.09713
0 9 89.15670
0 10 61.41709
0 11 76.13637
0 12 62.93772
0 13 97.96747
0 14 85.74885
0 15 53.65578
0 16 23.94147
0 17 43.49531
0 18 81.64965
0 19 21.29440
0 20 72.69070
0 21 40.49311
0 22 32.12637
0 23 18.19168
0 24 31.49596
0 25 19.95622
0 26 75.17046
0 27 10.04419
0 28 77.03485
0 29 75.92732
0 30 22.57503
0 31 45.15286
0 32 7.26440
0 33 51.11506
0 34 42.58319
0 35 54.32776
0 36 59.80067
0 37 67.12106
0 38 79.60011
0 39 11.85946
0 40 74.10076
0 41 64.20671
0 42 38.93109
0 43 58.78025
0 44 27.07438
0 45 50.43542
0 46 38.46270
0 47 27.33836
0 48 63.69186
0 49 61.46316
0 50 74.22152
0 51 51.02436
0 52 75.74243
0 53 43.36560
0 54 69.06611
0 55 96.00744
0 56 12.37623
0 57 24.51490
0 58 47.29580
0 59 47.68870
0 60 35.44127
0 61 79.61293
0 62 71.76824
0 63 62.00008
0 64 65.12577
0 65 81.19065
0 66 58.73457
0 67 53.19151
0 68 46.11217
0 69 71.51356
0 70 13.67637
0 71 101.65661
0 72 47.28554
0 73 33.68256
0 74 48.76545
0 75 27.28206
0 76 25.56495
0 77 54.61096
0 78 16.68255
0 79 63.59515
0 80 26.46098
0 81 61.54422
0 82 23.61522
0 83 40.04579
0 84 36.16763
0 85 70.32601
0 86 90.14929
0 87 25.69819
0 88 62.32579
0 89 42.11817
0 90 81.45387
0 91 35.82514
0 92 53.30636
0 93 68.58876
0 94 26.27598
0 95 67.39081
0 96 73.26709
0 97 75.94292
0 98 56.16505
0 99 78.84783
1 2 54.24600
1 3 24.50023
1 4 62.25049
1 5 44.65326
1 6 55.47342
1 7 66.30962
1 8 96.66329
1 9 59.80336
1 10 65.30417
1 11 16.75324
1 12 72.90430
1 13 57.68209
1 14 43.49854
1 15 86.74023
1 16 74.34171
1 17 22.49933
1 18 71.04537
1 19 73.08638
1 20 28.75625
1 21 74.01095
1 22 77.94252
1 23 47.31044
1 24 76.29684
1 25 79.47537
1 26 16.29493
1 27 69.53687
1 28 16.85968
1 29 31.38282
1 30 67.15484
1 31 16.91368
1 32 65.70642
1 33 28.76441
1 34 18.40516
1 35 60.49985
1 36 9.15954
1 37 46.30871
1 38 65.46539
1 39 50.46133
1 40 13.74029
1 41 41.55251
1 42 28.32160
1 43 28.07997
1 44 57.64540
1 45 81.36299
1 46 49.73778
1 47 37.67882
1 48 16.61322
1 49 67.32907
1 50 51.81966
1 51 16.30751
1 52 48.97345
1 53 39.62034
1 54 35.09901
1 55 60.95602
1 56 72.68476
1 57 40.58211
1 58 85.39145
1 59 61.90563
1 60 71.01374
1 61 19.65227
1 62 17.11967
1 63 81.84905
1 64 25.42456
1 65 33.39229
1 66 24.93552
1 67 10.45858
1 68 23.72097
1 69 26.97657
1 70 54.38957
1 71 63.39790
1 72 63.09015
1 73 81.38433
1 74 48.69767
1 75 33.74736
1 76 43.57343
1 77 16.09541
1 78 54.04647
1 79 96.17644
1 80 36.95009
1 81 11.58973
1 82 69.85933
1 83 77.44642
1 84 25.44149
1 85 25.17952
1 86 66.80756
1 87 76.38507
1 88 86.67223
1 89 69.61305
1 90 26.84537
1 91 33.42034
1 92 41.89826
1 93 98.99197
1 94 73.03815
1 95 100.37629
1 96 81.05037
1 97 19.44696
1 98 13.50156
1 99 22.97386
2 3 78.73049
2 4 48.14924
2 5 9.97899
2 6 61.67709
2 7 62.58317
2 8 88.63331
2 9 10.28373
2 10 47.94424
2 11 46.20214
2 12 55.48721
2 13 8.21738
2 14 11.79449
2 15 82.23791
2 16 90.34049
2 17 51.42253
2 18 34.55845
2 19 110.27879
2 20 25.49844
2 21 76.50868
2 22 88.45607
2 23 72.52981
2 24 86.75539
2 25 110.01977
2 26 44.92922
2 27 100.62565
2 28 55.48732
2 29 22.96096
2 30 107.34573
2 31 65.75184
2 32 97.87187
2 33 82.09886
2 34 57.90208
2 35 49.79157
2 36 63.35385
2 37 25.33293
2 38 29.18830
2 39 78.90085
2 40 53.08401
2 41 26.88723
2 42 53.58925
2 43 82.31150
2 44 101.78366
2 45 77.55763
2 46 56.05743
2 47 63.90952
2 48 70.20671
2 49 50.19044
2 50 20.41271
2 51 69.16421
2 52 16.51496
2 53 47.72563
2 54 22.64868
2 55 6.71107
2 56 101.69339
2 57 82.93121
2 58 85.89193
2 59 57.24229
2 60 77.05052
2 61 57.36562
2 62 66.47397
2 63 68.03018
2 64 79.18558
2 65 82.27839
2 66 79.17753
2 67 63.31057
2 68 47.55451
2 69 79.13599
2 70 78.26227
2 71 10.97312
2 72 58.75131
2 73 92.01929
2 74 45.97876
2 75 73.87401
2 76 87.35252
2 77 69.98228
2 78 93.79881
2 79 87.42501
2 80 65.37575
2 81 65.51554
2 82 84.88798
2 83 81.20097
2 84 69.97520
2 85 29.09021
2 86 19.60462
2 87 114.49718
2 88 74.45914
2 89 70.02672
2 90 33.75738
2 91 81.37478
2 92 38.43276
2 93 87.26463
2 94 86.73216
2 95 90.54154
2 96 56.61726
2 97 65.53959
2 98 67.58775
2 99 68.12604
3 4 81.26412
3 5 69.07589
3 6 69.18479
3 7 81.64032
3 8 110.12991
3 9 84.20061
3 10 84.73151
3 11 36.65770
3 12 91.48067
3 13 81.91404
3 14 67.83807
3 15 99.81942
3 16 80.14391
3 17 38.91613
3 18 93.72878
3 19 65.78192
3 20 53.25189
3 21 85.93251
3 22 85.88910
3 23 53.87638
3 24 84.49489
3 25 76.10116
3 26 37.10835
3 27 67.20247
3 28 30.26149
3 29 55.82163
3 30 58.23261
3 31 20.52157
3 32 63.26661
3 33 10.29951
3 34 30.75325
3 35 78.87196
3 36 15.37824
3 37 69.25523
3 38 88.45447
3 39 54.03811
3 40 30.03506
3 41 64.42098
3 42 43.05477
3 43 4.18570
3 44 46.56150
3 45 94.75491
3 46 64.77379
3 47 47.16859
3 48 9.66489
3 49 86.45646
3 50 75.35338
3 51 13.08300
3 52 72.91579
3 53 57.00859
3 54 59.20146
3 55 85.43837
3 56 71.25119
3 57 35.88987
3 58 96.71051
3 59 78.24882
3 60 81.92992
3 61 31.01715
3 62 18.20950
3 63 98.51300
3 64 4.91489
3 65 21.08812
3 66 1.65937
3 67 17.03175
3 68 42.04940
3 69 11.48253
3 70 59.76899
3 71 87.70871
3 72 79.13281
3 73 88.82664
3 74 67.06454
3 75 34.41627
3 76 36.25971
3 77 10.11121
3 78 47.91769
3 79 109.93679
3 80 45.37681
3 81 13.41266
3 82 76.85237
3 83 88.39996
3 84 26.55843
3 85 49.67894
3 86 90.92246
3 87 67.95466
3 88 102.39378
3 89 82.97032
3 90 49.30896
3 91 24.71873
3 92 62.22287
3 93 113.56543
3 94 80.18229
3 95 114.19770
3 96 100.67022
3 97 22.40933
3 98 11.67205
3 99 23.59841
4 5 49.01634
4 6 21.66953
4 7 15.49294
4 8 41.19421
4 9 41.32004
4 10 3.83043
4 11 67.59516
4 12 10.70328
4 13 56.33489
4 14 50.80108
4 15 34.11542
4 16 47.63373
4 17 42.35512
4 18 24.78763
4 19 79.12998
4 20 47.66785
4 21 29.65198
4 22 43.28457
4 23 42.21572
4 24 41.78463
4 25 73.49195
4 26 65.95816
4 27 66.10149
4 28 74.87620
4 29 49.09015
4 30 79.53522
4 31 61.13622
4 32 64.78002
4 33 78.44683
4 34 50.60210
4 35 3.52302
4 36 69.36309
4 37 24.85078
4 38 24.67143
4 39 48.39204
4 40 71.21416
4 41 26.82488
4 42 38.58254
4 43 82.99279
4 44 79.26161
4 45 29.41918
4 46 20.55410
4 47 39.90059
4 48 77.10614
4 49 5.19234
4 50 27.76593
4 51 68.23299
4 52 32.15605
4 53 24.37152
4 54 37.58841
4 55 50.46248
4 56 65.38076
4 57 63.65600
4 58 37.95589
4 59 11.24211
4 60 31.55409
4 61 77.82444
4 62 79.36018
4 63 21.65578
4 64 84.41252
4 65 95.49448
4 66 80.71344
4 67 64.75178
4 68 39.48090
4 69 88.02023
4 70 44.25371
4 71 57.19097
4 72 12.37028
4 73 46.48725
4 74 14.22479
4 75 56.23309
4 76 68.11519
4 77 71.23381
4 78 68.52190
4 79 40.13233
4 80 42.23583
4 81 72.21203
4 82 42.64965
4 83 34.26720
4 84 58.65655
4 85 48.44986
4 86 37.83566
4 87 83.52267
4 88 27.75118
4 89 23.28625
4 90 62.53383
4 91 68.96014
4 92 20.56944
4 93 40.97066
4 94 43.38298
4 95 43.68413
4 96 19.45708
4 97 81.23940
4 98 70.32878
4 99 84.74135
5 6 59.22216
5 7 62.19732
5 8 90.18465
5 9 18.56267
5 10 49.58954
5 11 36.23440
5 12 57.68356
5 13 13.61179
5 14 2.26369
5 15 82.89574
5 16 87.39576
5 17 44.10001
5 18 40.28947
5 19 104.11550
5 20 16.10910
5 21 75.57635
5 22 86.44720
5 23 67.33190
5 24 84.70190
5 25 104.99030
5 26 34.95256
5 27 95.33225
5 28 45.52680
5 29 13.27154
5 30 100.63335
5 31 56.98524
5 32 92.34176
5 33 72.84546
5 34 49.82943
5 35 49.99746
5 36 53.70214
5 37 24.34081
5 38 34.39221
5 39 73.44956
5 40 43.10508
5 41 24.02742
5 42 47.05323
5 43 72.73093
5 44 94.33575
5 45 77.90957
5 46 53.13875
5 47 58.07484
5 48 60.41090
5 49 51.96071
5 50 22.20746
5 51 59.92867
5 52 17.32355
5 53 43.54144
5 54 16.26420
5 55 16.54268
5 56 96.77371
5 57 75.46014
5 58 85.68952
5 59 56.69770
5 60 75.46131
5 61 47.44343
5 62 56.51128
5 63 70.06685
5 64 69.38502
5 65 72.30164
5 66 69.57939
5 67 54.01175
5 68 40.47029
5 69 69.20699
5 70 73.53503
5 71 18.91357
5 72 58.24509
5 73 90.09564
5 74 43.91557
5 75 66.47972
5 76 79.75203
5 77 60.54656
5 78 86.94910
5 79 89.08661
5 80 59.29242
5 81 55.78772
5 82 81.94143
5 83 80.21095
5 84 61.86144
5 85 19.69418
5 86 27.73027
5 87 108.23103
5 88 76.41173
5 89 69.20788
5 90 23.94899
5 91 73.03878
5 92 35.34879
5 93 89.51773
5 94 84.08796
5 95 92.50153
5 96 60.51267
5 97 55.56171
5 98 58.08489
5 99 58.16151
6 7 13.01144
6 8 41.41669
6 9 57.48560
6 10 25.22177
6 11 65.81753
6 12 27.53732
6 13 69.72451
6 14 60.41240
6 15 31.32463
6 16 28.72375
6 17 33.00613
6 18 45.91247
6 19 57.46601
6 20 51.76637
6 21 18.83102
6 22 27.26721
6 23 21.58548
6 24 25.51059
6 25 52.21163
6 26 64.33061
6 27 44.49369
6 28 70.98759
6 29 54.29510
6 30 58.09119
6 31 48.73603
6 32 43.11087
6 33 64.13007
6 34 39.31338
6 35 18.15304
6 36 60.34234
6 37 36.36222
6 38 44.58473
6 39 27.25702
6 40 67.33284
6 41 35.29794
6 42 27.37981
6 43 69.98151
6 44 58.71020
6 45 26.00546
6 46 6.49332
6 47 22.68610
6 48 67.36402
6 49 25.35239
6 50 42.36447
6 51 56.30471
6 52 45.29083
6 53 17.73205
6 54 44.00554
6 55 65.69573
6 56 43.98031
6 57 44.82373
6 58 30.23609
6 59 11.88801
6 60 16.95024
6 61 74.00046
6 62 71.95258
6 63 30.33760
6 64 73.13524
6 65 86.58651
6 66 68.27769
6 67 54.46030
6 68 32.08660
6 69 77.92971
6 70 22.66047
6 71 72.07577
6 72 11.90505
6 73 30.93988
6 74 15.71132
6 75 38.83552
6 76 48.95983
6 77 59.82367
6 78 47.71355
6 79 41.06114
6 80 24.86845
6 81 63.05413
6 82 23.30280
6 83 22.81916
6 84 43.64439
6 85 50.99744
6 86 56.45663
6 87 61.85617
6 88 33.40527
6 89 14.16985
6 90 65.03833
6 91 52.15163
6 92 23.88290
6 93 44.42583
6 94 25.05657
6 95 45.31240
6 96 38.02047
6 97 74.84382
6 98 59.70363
6 99 78.34559
7 8 30.72758
7 9 56.45044
7 10 17.71053
7 11 74.89551
7 12 16.50156
7 13 70.80035
7 14 63.75629
7 15 21.57371
7 16 32.85197
7 17 44.24305
7 18 39.76780
7 19 67.50583
7 20 57.90592
7 21 14.20045
7 22 27.88072
7 23 34.11285
7 24 26.43515
7 25 60.14210
7 26 73.32644
7 27 53.75124
7 28 80.96464
7 29 59.93273
7 30 69.12091
7 31 61.12457
7 32 53.06143
7 33 76.95749
7 34 51.29966
7 35 12.97490
7 36 71.95488
7 37 37.93396
7 38 40.13231
7 39 39.22991
7 40 77.26784
7 41 38.53805
7 42 39.03717
7 43 82.62230
7 44 70.84041
7 45 16.22168
7 46 16.93635
7 47 35.63886
7 48 79.24071
7 49 16.68837
7 50 42.22835
7 51 68.64945
7 52 46.18547
7 53 26.81610
7 54 48.73523
7 55 65.42862
7 56 52.37526
7 57 57.70884
7 58 23.49360
7 59 5.52152
7 60 16.22101
7 61 83.98244
7 62 83.17184
7 63 17.32721
7 64 85.43349
7 65 98.34557
7 66 80.80206
7 67 66.37580
7 68 42.59002
7 69 89.96308
7 70 33.84994
7 71 72.10801
7 72 3.97289
7 73 31.01782
7 74 19.68158
7 75 51.84684
7 76 61.75859
7 77 72.07330
7 78 59.72282
7 79 30.07957
7 80 37.84992
7 81 74.73193
7 82 28.22592
7 83 18.85915
7 84 56.48118
7 85 57.87573
7 86 53.32247
7 87 71.80419
7 88 20.76363
7 89 7.79339
7 90 72.19987
7 91 65.16097
7 92 28.81902
7 93 32.68267
7 94 28.49077
7 95 34.20261
7 96 26.64001
7 97 85.75473
7 98 71.75654
7 99 89.28308
8 9 80.65216
8 10 40.76055
8 11 105.62041
8 12 33.23297
8 13 96.68258
8 14 91.99065
8 15 10.33877
8 16 40.26831
8 17 74.31115
8 18 58.31757
8 19 80.20566
8 20 87.96286
8 21 24.51294
8 22 31.61679
8 23 57.90511
8 24 31.85096
8 25 68.23585
8 26 104.04855
8 27 66.08060
8 28 111.62959
8 29 89.72669
8 30 84.60967
8 31 89.86219
8 32 67.22784
8 33 104.21529
8 34 80.70428
8 35 40.64209
8 36 101.75882
8 37 66.03525
8 38 61.45357
8 39 60.68510
8 40 107.93693
8 41 67.67268
8 42 68.77885
8 43 110.58671
8 44 90.07490
8 45 15.43120
8 46 46.92557
8 47 62.98591
8 48 108.74639
8 49 38.46485
8 50 68.54765
8 51 97.43818
8 52 73.15153
8 53 57.45117
8 54 78.29741
8 55 90.01573
8 56 62.85258
8 57 81.47249
8 58 15.84729
8 59 35.81432
8 60 29.13618
8 61 114.64914
8 62 113.31392
8 63 20.76681
8 64 114.25551
8 65 127.98420
8 66 109.12059
8 67 95.84601
8 68 73.01555
8 69 119.23812
8 70 54.28748
8 71 96.73649
8 72 34.39418
8 73 31.46965
8 74 50.16348
8 75 77.70731
8 76 84.72043
8 77 101.02894
8 78 79.21502
8 79 1.52408
8 80 64.87789
8 81 104.46956
8 82 39.48493
8 83 23.33186
8 84 83.95143
8 85 88.21608
8 86 74.94745
8 87 83.84414
8 88 14.39483
8 89 27.29252
8 90 102.53059
8 91 90.80896
8 92 59.11014
8 93 6.44936
8 94 37.01553
8 95 4.31699
8 96 35.60804
8 97 116.09456
8 98 101.03217
8 99 119.61129
9 10 40.48251
9 11 53.97994
9 12 47.42997
9 13 16.85168
9 14 20.74429
9 15 74.96567
9 16 86.14901
9 17 53.11344
9 18 24.71761
9 19 109.48984
9 20 31.54863
9 21 70.61530
9 22 83.38586
9 23 71.02443
9 24 81.74644
9 25 107.86195
9 26 52.57491
9 27 98.85671
9 28 63.27585
9 29 29.75039
9 30 107.29903
9 31 69.34970
9 32 96.41093
9 33 86.49073
9 34 60.49469
9 35 43.47655
9 36 68.95740
9 37 22.03987
9 38 19.77908
9 39 77.58402
9 40 60.55553
9 41 25.27250
9 42 54.17851
9 43 87.53295
9 44 102.81825
9 45 70.57515
9 46 52.48800
9 47 63.34210
9 48 76.23134
9 49 42.56895
9 50 15.18621
9 51 73.64969
9 52 13.61984
9 53 45.80210
9 54 25.36984
9 55 9.36749
9 56 99.48163
9 57 84.19330
9 58 79.26653
9 59 51.37280
9 60 71.73890
9 61 65.40044
9 62 73.47015
9 63 59.90083
9 64 85.16373
9 65 89.71069
9 66 84.47373
9 67 68.01345
9 68 49.06523
9 69 85.76616
9 70 76.11958
9 71 16.08683
9 72 52.81007
9 73 86.83168
9 74 41.93668
9 75 75.15326
9 76 88.75320
9 77 74.92623
9 78 94.06159
9 79 79.37617
9 80 65.07934
9 81 71.33723
9 82 80.76458
9 83 75.29613
9 84 72.39856
9 85 34.93664
9 86 9.37457
9 87 113.80845
9 88 66.31881
9 89 64.13346
9 90 42.30491
9 91 84.00688
9 92 35.86424
9 93 78.82219
9 94 82.28777
9 95 82.26984
9 96 47.43540
9 97 73.00131
9 98 72.72913
9 99 75.81214
10 11 70.00595
10 12 8.39050
10 13 56.05471
10 14 51.47395
10 15 34.48756
10 16 50.37736
10 17 45.81659
10 18 22.06022
10 19 82.67720
10 20 49.43878
10 21 31.56970
10 22 45.57485
10 23 45.97882
10 24 44.14407
10 25 76.73489
10 26 68.36210
10 27 69.52627
10 28 77.51195
10 29 50.64657
10 30 83.21078
10 31 64.69259
10 32 68.29521
10 33 82.08626
10 34 54.13390
10 35 7.23515
10 36 72.60021
10 37 25.86826
10 38 22.72286
10 39 52.11270
10 40 73.87222
10 41 28.42304
10 42 42.20389
10 43 86.53029
10 44 83.05667
10 45 30.14732
10 46 24.36465
10 47 43.72699
10 48 80.37903
10 49 2.40512
10 50 27.78760
10 51 71.72765
10 52 32.42671
10 53 27.98051
10 54 39.17824
10 55 49.76258
10 56 68.68607
10 57 67.48623
10 58 39.02629
10 59 14.21599
10 60 33.93091
10 61 80.43474
10 62 82.38587
10 63 20.48570
10 64 87.80312
10 65 98.62475
10 66 84.21110
10 67 68.12689
10 68 42.82563
10 69 91.29092
10 70 47.86348
10 71 56.50970
10 72 15.11839
10 73 48.64534
10 74 17.82166
10 75 60.04645
10 76 71.94546
10 77 74.67632
10 78 72.29334
10 79 39.60069
10 80 46.06168
10 81 75.44906
10 82 45.52615
10 83 36.07306
10 84 62.37812
10 85 50.45773
10 86 36.20362
10 87 87.06221
10 88 26.82358
10 89 25.40211
10 90 64.36151
10 91 72.74337
10 92 23.43448
10 93 39.94340
10 94 46.06553
10 95 42.92399
10 96 15.94311
10 97 84.14362
10 98 73.70826
10 99 87.63043
11 12 78.20633
11 13 47.48172
11 14 34.46169
11 15 96.22388
11 16 87.99792
11 17 34.75646
11 18 70.50187
11 19 89.72224
11 20 23.31454
11 21 84.64711
11 22 90.58348
11 23 61.66793
11 24 88.86586
11 25 95.58412
11 26 1.64826
11 27 85.57706
11 28 9.30873
11 29 24.35928
11 30 83.89175
11 31 33.66688
11 32 81.81728
11 33 43.52336
11 34 33.55778
11 35 66.64118
11 36 22.78168
11 37 46.71005
11 38 64.50241
11 39 65.61153
11 40 7.14478
11 41 42.61776
11 42 40.61899
11 43 40.76805
11 44 74.36543
11 45 90.79344
11 46 59.53238
11 47 51.55185
11 48 27.06336
11 49 72.27671
11 50 50.23631
11 51 32.20615
11 52 46.21587
11 53 48.42716
11 54 33.07362
11 55 52.62716
11 56 88.50905
11 57 57.28103
11 58 96.03854
11 59 69.88398
11 60 82.34938
11 61 11.51677
11 62 20.94037
11 63 88.68514
11 64 35.53832
11 65 36.10214
11 66 37.64599
11 67 26.79559
11 68 34.21176
11 69 33.93863
11 70 68.83783
11 71 53.46999
11 72 71.25918
11 73 94.16775
11 74 55.67645
11 75 50.13167
11 76 60.32592
11 77 30.92621
11 78 70.71063
11 79 104.93508
11 80 51.29410
11 81 23.66545
11 82 83.15687
11 83 88.54237
11 84 42.08255
11 85 20.76242
11 86 62.36772
11 87 93.08005
11 88 94.16810
11 89 79.49327
11 90 13.22753
11 91 50.06019
11 92 47.26044
11 93 107.07754
11 94 86.17675
11 95 108.99286
11 96 84.84595
11 97 19.40010
11 98 28.14154
11 99 21.92813
12 13 63.48876
12 14 59.61540
12 15 28.14131
12 16 48.82332
12 17 52.65193
12 18 26.22632
12 19 83.91854
12 20 57.82391
12 21 28.38006
12 22 42.85071
12 23 49.09250
12 24 41.63413
12 25 76.59684
12 26 76.56587
12 27 70.23611
12 28 85.56279
12 29 59.03511
12 30 85.25755
12 31 71.19171
12 32 69.46554
12 33 88.22423
12 34 60.74049
12 35 12.61504
12 36 79.89585
12 37 34.20057
12 38 28.49364
12 39 54.76014
12 40 81.90464
12 41 36.81271
12 42 48.54223
12 43 93.05845
12 44 86.24688
12 45 24.54569
12 46 28.58021
12 47 48.44896
12 48 87.59972
12 49 6.00793
12 50 35.66079
12 51 78.41285
12 52 40.41843
12 53 34.47242
12 54 47.56870
12 55 56.78980
12 56 68.87158
12 57 71.79309
12 58 33.77284
12 59 15.65416
12 60 31.79067
12 61 88.50579
12 62 90.02021
12 63 12.54305
12 64 94.75506
12 65 106.09687
12 66 90.87059
12 67 75.13559
12 68 49.94552
12 69 98.50973
12 70 49.80627
12 71 63.51661
12 72 15.75587
12 73 45.52271
12 74 24.49797
12 75 64.94613
12 76 76.09768
12 77 81.50647
12 78 75.24404
12 79 31.98039
12 80 50.77828
12 81 82.74296
12 82 44.48542
12 83 32.43853
12 84 68.13450
12 85 58.80643
12 86 42.10869
12 87 88.23655
12 88 18.97313
12 89 23.07116
12 90 72.74376
12 91 77.97905
12 92 31.27193
12 93 31.88398
12 94 44.41506
12 95 35.06011
12 96 10.48320
12 97 91.93306
12 98 80.70027
12 99 95.43719
13 14 14.28239
13 15 90.40458
13 16 98.33862
13 17 57.54831
13 18 41.56551
13 19 117.19282
13 20 29.56605
13 21 84.71763
13 22 96.59206
13 23 79.85031
13 24 94.88520
13 25 117.45049
13 26 46.41102
13 27 107.94289
13 28 56.54505
13 29 26.53085
13 30 113.94079
13 31 70.53642
13 32 105.08475
13 33 86.14171
13 34 63.43196
13 35 58.00547
13 36 66.59851
13 37 33.44103
13 38 36.55046
13 39 86.12587
13 40 54.58281
13 41 34.69099
13 42 60.22022
13 43 85.67864
13 44 107.86297
13 45 85.75000
13 46 64.01053
13 47 70.93284
13 48 72.97409
13 49 58.27757
13 50 28.62144
13 51 73.26128
13 52 24.69924
13 53 55.33364
13 54 29.12591
13 55 8.45082
13 56 109.15883
13 57 88.98325
13 58 94.10532
13 59 65.45624
13 60 85.22036
13 61 58.06501
13 62 68.29648
13 63 76.02783
13 64 81.90089
13 65 83.42886
13 66 82.50859
13 67 67.31139
13 68 53.83295
13 69 81.20567
13 70 85.76997
13 71 6.00157
13 72 66.96647
13 73 100.16654
13 74 54.05024
13 75 79.97790
13 76 93.30443
13 77 73.70512
13 78 100.29772
13 79 95.45738
13 80 72.27930
13 81 68.53249
13 82 92.88067
13 83 89.40913
13 84 75.47017
13 85 33.10628
13 86 25.40092
13 87 121.35816
13 88 82.45942
13 89 78.23749
13 90 34.38555
13 91 86.64701
13 92 46.28443
13 93 95.18190
13 94 94.77966
13 95 98.51504
13 96 64.17138
13 97 66.84020
13 98 71.17554
13 99 69.11796
14 15 84.58193
14 16 88.42336
14 17 44.05672
14 18 42.52959
14 19 104.31303
14 20 15.31049
14 21 77.01489
14 22 87.66808
14 23 67.86043
14 24 85.91662
14 25 105.50184
14 26 33.22378
14 27 95.78503
14 28 43.72907
14 29 12.24882
14 30 100.66656
14 31 56.29837
14 32 92.73396
14 33 71.87507
14 34 49.47298
14 35 51.68425
14 36 52.48367
14 37 26.02552
14 38 36.61852
14 39 73.89528
14 40 41.40105
14 41 25.39031
14 42 47.26229
14 43 71.54727
14 44 94.13011
14 45 79.55603
14 46 54.25455
14 47 58.45308
14 48 59.05260
14 49 53.85415
14 50 24.25929
14 51 58.98585
14 52 19.35049
14 53 44.41900
14 54 16.92166
14 55 18.17157
14 56 97.32327
14 57 75.27205
14 58 87.23691
14 59 58.24528
14 60 76.78081
14 61 45.57681
14 62 54.90409
14 63 71.95904
14 64 68.01479
14 65 70.55945
14 66 68.38530
14 67 53.04116
14 68 40.53165
14 69 67.66974
14 70 74.17192
14 71 19.90008
14 72 59.79457
14 73 91.32807
14 74 45.24494
14 75 66.33644
14 76 79.51029
14 77 59.47763
14 78 86.95483
14 79 90.90854
14 80 59.59385
14 81 54.50036
14 82 82.97732
14 83 81.63156
14 84 61.45447
14 85 18.83074
14 86 29.95241
14 87 108.39393
14 88 78.28515
14 89 70.67834
14 90 21.97155
14 91 72.51828
14 92 36.53162
14 93 91.41567
14 94 85.18409
14 95 94.35977
14 96 62.61444
14 97 53.83350
14 98 56.97340
14 99 56.37162
15 16 31.76890
15 17 64.31229
15 18 54.29971
15 19 71.67808
15 20 79.43914
15 21 14.21952
15 22 23.28073
15 23 47.62370
15 24 23.13398
15 25 60.54623
15 26 94.67499
15 27 57.42073
15 28 101.95568
15 29 81.39858
15 30 75.58317
15 31 79.58504
15 32 58.23562
15 33 93.87691
15 34 70.52690
15 35 32.90019
15 36 91.63206
15 37 58.56362
15 38 56.55459
15 39 50.58694
15 40 98.27360
15 41 59.69517
15 42 58.70256
15 43 100.25405
15 44 80.45976
15 45 5.43108
15 46 37.05676
15 47 52.66395
15 48 98.54957
15 49 32.41416
15 50 61.87771
15 51 87.15843
15 52 66.24826
15 53 47.85065
15 54 70.10486
15 55 84.24968
15 56 54.51162
15 57 71.28139
15 58 7.94334
15 59 26.96235
15 60 18.97187
15 61 104.97542
15 62 103.27714
15 63 17.15797
15 64 103.96717
15 65 117.79806
15 66 98.80130
15 67 85.65651
15 68 63.18212
15 69 108.99697
15 70 44.21792
15 71 90.99670
15 72 25.45616
15 73 24.03167
15 74 41.25404
15 75 67.38620
15 76 74.61180
15 77 90.76255
15 78 69.49256
15 79 10.35439
15 80 54.54489
15 81 94.32397
15 82 30.19277
15 83 13.61002
15 84 73.61602
15 85 79.44871
15 86 70.18293
15 87 75.49745
15 88 12.55935
15 89 17.15488
15 90 93.77336
15 91 80.51122
15 92 50.37373
15 93 14.98729
15 94 28.07459
15 95 14.53878
15 96 33.41354
15 97 106.14168
15 98 90.80564
15 99 109.64930
16 17 53.24266
16 18 72.37243
16 19 39.98748
16 20 78.22029
16 21 21.23102
16 22 8.65154
16 23 27.21824
16 24 8.64388
16 25 29.07414
16 26 86.72363
16 27 25.81381
16 28 91.10380
16 29 81.07284
16 30 44.43549
16 31 62.07359
16 32 27.09209
16 33 72.09916
16 34 56.00325
16 35 44.47236
16 36 76.27742
16 37 65.05871
16 38 72.07370
16 39 26.12273
16 40 87.72051
16 41 63.73593
16 42 47.41973
16 43 79.43249
16 44 50.88879
16 45 29.85980
16 46 34.35123
16 47 36.69689
16 48 81.67546
16 49 49.52496
16 50 71.06602
16 51 69.07709
16 52 74.00083
16 53 44.16962
16 54 71.66029
16 55 94.41913
16 56 22.74446
16 57 46.28104
16 58 24.49893
16 59 36.39371
16 60 17.07271
16 61 93.96959
16 62 88.55769
16 63 43.89482
16 64 84.85234
16 65 100.36433
16 66 78.80310
16 67 69.63891
16 68 54.21218
16 69 90.83504
16 70 20.53145
16 71 100.79261
16 72 35.30825
16 73 9.74112
16 74 44.42552
16 75 45.72777
16 76 48.41734
16 77 72.82940
16 78 40.61142
16 79 40.97403
16 80 37.42404
16 81 78.52530
16 82 5.46183
16 83 18.79477
16 84 53.96952
16 85 76.80464
16 86 84.61862
16 87 43.74233
16 88 42.42529
16 89 25.75349
16 90 90.03437
16 91 57.13546
16 92 52.16476
16 93 46.19714
16 94 4.41161
16 95 44.46324
16 96 58.08426
16 97 92.29541
16 98 73.76347
16 99 95.54642
17 18 56.57193
17 19 60.57543
17 20 29.76753
17 21 51.51341
17 22 56.03528
17 23 27.30737
17 24 54.34420
17 25 63.43701
17 26 33.48512
17 27 53.43201
17 28 38.52465
17 29 33.08514
17 30 56.62453
17 31 19.11063
17 32 50.00927
17 33 36.94239
17 34 8.56073
17 35 40.03744
17 36 27.74319
17 37 33.55988
17 38 51.91522
17 39 32.07670
17 40 34.96917
17 41 28.98129
17 42 5.94609
17 43 40.78849
17 44 50.37540
17 45 58.95734
17 46 27.43938
17 47 17.05512
17 48 35.19527
17 49 47.54705
17 50 40.65709
17 51 25.92263
17 52 39.84085
17 53 18.23732
17 54 28.77764
17 55 57.64630
17 56 55.71210
17 57 31.51072
17 58 62.89979
17 59 40.18963
17 60 48.58764
17 61 41.49709
17 62 39.00919
17 63 60.41584
17 64 42.10332
17 65 54.15352
17 66 38.40398
17 67 22.51950
17 68 4.07709
17 69 46.04840
17 70 34.43929
17 71 62.19241
17 72 41.25481
17 73 59.57165
17 74 28.17802
17 75 22.46226
17 76 35.93801
17 77 28.87956
17 78 42.90173
17 79 73.87173
17 80 17.23819
17 81 30.54455
17 82 48.41634
17 83 54.99126
17 84 19.49456
17 85 27.07323
17 86 57.49338
17 87 64.55050
17 88 64.85957
17 89 47.16589
17 90 38.09394
17 91 31.12641
17 92 23.77693
17 93 76.87189
17 94 51.46613
17 95 78.09447
17 96 61.75418
17 97 41.83774
17 98 28.06430
17 99 45.34009
18 19 102.91528
18 20 47.32745
18 21 53.47308
18 22 67.60993
18 23 64.85397
18 24 66.19533
18 25 98.07773
18 26 68.90319
18 27 90.34766
18 28 79.29345
18 29 47.05172
18 30 102.58397
18 31 75.41418
18 32 88.75039
18 33 93.34273
18 34 65.07884
18 35 28.10892
18 36 79.63454
18 37 24.73963
18 38 6.07686
18 39 71.35482
18 40 75.99260
18 41 29.50153
18 42 54.96282
18 43 96.31477
18 44 100.87882
18 45 50.75286
18 46 43.25740
18 47 60.21471
18 48 87.46326
18 49 23.26252
18 50 20.28669
18 51 81.45101
18 52 24.65647
18 53 42.04232
18 54 37.48494
18 55 33.69144
18 56 89.88358
18 57 83.73603
18 58 59.94965
18 59 36.01554
18 60 55.98879
18 61 81.89737
18 62 87.12919
18 63 37.78696
18 64 95.86490
18 65 103.81976
18 66 93.57469
18 67 76.70388
18 68 52.73971
18 69 98.02122
18 70 67.97357
18 71 40.06229
18 72 37.06420
18 73 70.62698
18 74 33.55223
18 75 75.35383
18 76 88.36285
18 77 83.70973
18 78 90.66325
18 79 56.92862
18 80 62.41970
18 81 82.36762
18 82 67.43117
18 83 57.87380
18 84 75.50455
18 85 49.74912
18 86 17.07859
18 87 107.32561
18 88 43.97051
18 89 47.42097
18 90 61.25637
18 91 86.81983
18 92 33.18672
18 93 55.62936
18 94 68.08623
18 95 59.34645
18 96 23.39935
18 97 87.79215
18 98 82.10491
18 99 91.03271
19 20 90.34258
19 21 59.73567
19 22 48.62049
19 23 38.67476
19 24 48.56865
19 25 14.74633
19 26 89.03836
19 27 14.29061
19 28 88.69083
19 29 93.65801
19 30 8.25321
19 31 56.35312
19 32 14.45372
19 33 55.56078
19 34 57.34220
19 35 75.60941
19 36 70.06462
19 37 87.54048
19 38 100.75407
19 39 32.04928
19 40 86.31193
19 41 84.30118
19 42 57.06500
19 43 63.11227
19 44 20.27694
19 45 69.27329
19 46 59.68524
19 47 46.38099
19 48 71.82711
19 49 82.67041
19 50 94.76674
19 51 60.19092
19 52 95.94185
19 53 63.78124
19 54 88.07372
19 55 115.88789
19 56 17.40189
19 57 32.56192
19 58 64.48315
19 59 68.85084
19 60 54.82332
19 61 90.87508
19 62 80.85820
19 63 82.03843
19 64 70.58623
19 65 86.56159
19 66 64.13176
19 67 64.05583
19 68 63.84305
19 69 77.19288
19 70 34.95933
19 71 121.24957
19 72 68.37878
19 73 48.91084
19 74 69.86070
19 75 39.83035
19 76 30.28106
19 77 63.19812
19 78 19.05808
19 79 80.94733
19 80 44.92299
19 81 71.09351
19 82 41.83821
19 83 58.34256
19 84 47.65105
19 85 87.59201
19 86 110.98422
19 87 4.41087
19 88 81.63360
19 89 62.33016
19 90 97.12606
19 91 41.89846
19 92 73.82044
19 93 86.18312
19 94 43.62202
19 95 84.35616
19 96 94.14459
19 97 85.30489
19 98 65.40958
19 99 87.65969
20 21 69.82951
20 22 78.70673
20 23 55.33156
20 24 76.93628
20 25 92.62127
20 26 21.76338
20 27 82.71950
20 28 32.38815
20 29 3.33016
20 30 86.25733
20 31 40.98798
20 32 79.45538
20 33 56.74562
20 34 34.43288
20 35 47.49592
20 36 37.88241
20 37 24.37859
20 38 41.29162
20 39 60.95170
20 40 29.36943
20 41 21.03302
20 42 33.76441
20 43 56.81363
20 44 79.23254
20 45 74.12441
20 46 45.29615
20 47 45.41906
20 48 44.88368
20 49 51.81656
20 50 27.04133
20 51 43.82382
20 52 22.90675
20 53 34.34309
20 54 10.42836
20 55 32.20951
20 56 84.63809
20 57 60.43981
20 58 80.78148
20 59 52.47690
20 60 68.68479
20 61 34.81409
20 62 41.95074
20 63 69.30547
20 64 53.85444
20 65 58.31726
20 66 53.68189
20 67 37.91668
20 68 26.64927
20 69 54.22837
20 70 62.05861
20 71 35.01889
20 72 53.98797
20 73 82.40048
20 74 38.27145
20 75 51.62119
20 76 64.57425
20 77 44.50965
20 78 72.51217
20 79 87.07247
20 80 46.24316
20 81 40.10352
20 82 72.88861
20 83 74.22147
20 84 46.31447
20 85 3.59923
20 86 39.40134
20 87 94.31201
20 88 75.26365
20 89 63.88645
20 90 14.93035
20 91 57.26284
20 92 29.09451
20 93 88.45675
20 94 75.43871
20 95 90.88563
20 96 63.23615
20 97 41.69417
20 98 42.09404
20 99 44.66432
21 22 14.48298
21 23 33.40466
21 24 13.35459
21 25 50.12402
21 26 83.15709
21 27 45.47550
21 28 89.74532
21 29 72.14785
21 30 62.85785
21 31 65.85667
21 32 45.73626
21 33 79.76590
21 34 57.16350
21 35 27.15955
21 36 78.35382
21 37 51.54560
21 38 54.20496
21 39 36.49551
21 40 86.10310
21 41 51.63061
21 42 45.72125
21 43 86.24383
21 44 66.89166
21 45 10.04293
21 46 25.16743
21 47 38.77711
21 48 85.05671
21 49 30.21056
21 50 56.24060
21 51 73.40905
21 52 60.03439
21 53 36.41136
21 54 61.32683
21 55 79.54061
21 56 43.16014
21 57 57.09163
21 58 11.41958
21 59 19.29839
21 60 5.05747
21 61 92.75322
21 62 90.20904
21 63 22.70212
21 64 90.16817
21 65 104.31029
21 66 84.87281
21 67 72.21041
21 68 50.84532
21 69 95.35511
21 70 30.17674
21 71 86.19711
21 72 17.82355
21 73 17.20474
21 74 31.91765
21 75 53.19946
21 76 60.48415
21 77 77.05742
21 78 55.81899
21 79 24.57214
21 80 40.56894
21 81 80.98686
21 82 17.97775
21 83 4.69493
21 84 59.59494
21 85 69.34420
21 86 67.48519
21 87 63.78683
21 88 21.93352
21 89 6.49362
21 90 83.52866
21 91 66.29869
21 92 41.00993
21 93 29.00043
21 94 16.89895
21 95 28.75205
21 96 37.07107
21 97 93.27352
21 98 77.23409
21 99 96.75045
22 23 32.08026
22 24 1.77047
22 25 37.28606
22 26 89.21728
22 27 34.46458
22 28 94.45958
22 29 81.35678
22 30 53.05578
22 31 66.99305
22 32 35.69121
22 33 78.37521
22 34 59.91379
22 35 40.43735
22 36 80.75347
22 37 63.15234
22 38 67.95588
22 39 32.46500
22 40 90.95779
22 41 62.46190
22 42 50.09511
22 43 85.49492
22 44 59.18880
22 45 21.86149
22 46 33.56954
22 47 40.46037
22 48 86.64088
22 49 44.39680
22 50 68.57864
22 51 74.25779
22 52 71.95531
22 53 44.36818
22 54 71.25545
22 55 92.02860
22 56 31.32554
22 57 53.24546
22 58 15.86509
22 59 32.29171
22 60 11.74681
22 61 97.39559
22 62 92.97667
22 63 36.50280
22 64 90.47601
22 65 105.62485
22 66 84.62872
22 67 74.22523
22 68 56.39846
22 69 96.23561
22 70 26.28815
22 71 98.56961
22 72 30.98686
22 73 3.69396
22 74 42.63561
22 75 51.63814
22 76 55.76592
22 77 78.00951
22 78 48.68258
22 79 32.32911
22 80 41.60925
22 81 83.15332
22 82 9.21881
22 83 10.99696
22 84 59.40315
22 85 77.66586
22 86 80.97632
22 87 52.33517
22 88 34.41741
22 89 20.19145
22 90 91.38906
22 91 63.73588
22 92 51.13699
22 93 37.56498
22 94 6.01614
22 95 35.81445
22 96 51.46571
22 97 96.50168
22 98 78.69683
22 99 99.85087
23 24 30.64200
23 25 37.65873
23 26 60.50109
23 27 28.10050
23 28 64.14345
23 29 58.49329
23 30 37.73122
23 31 35.00303
23 32 25.41412
23 33 46.80302
23 34 28.91141
23 35 38.74391
23 36 49.07295
23 37 49.00465
23 38 62.30758
23 39 6.62708
23 40 60.84574
23 41 46.01959
23 42 21.98003
23 43 53.67065
23 44 37.19133
23 45 43.09823
23 46 21.80594
23 47 10.25699
23 48 54.65335
23 49 46.47183
23 50 56.16478
23 51 42.19330
23 52 57.57334
23 53 25.22299
23 54 51.06864
23 55 77.81587
23 56 29.46522
23 57 23.95675
23 58 43.39979
23 59 33.44083
23 60 28.84962
23 61 66.96267
23 62 61.35094
23 63 51.12865
23 64 58.42017
23 65 73.56094
23 66 52.65427
23 67 42.45039
23 68 29.20828
23 69 64.15562
23 70 7.17031
23 71 83.47795
23 72 33.48498
23 73 35.16601
23 74 31.41747
23 75 19.99310
23 76 27.76157
23 77 45.94772
23 78 26.31941
23 79 57.97395
23 80 10.40879
23 81 51.35528
23 82 23.22793
23 83 35.10666
23 84 27.34285
23 85 53.23100
23 86 72.30946
23 87 43.05464
23 88 53.13902
23 89 32.19720
23 90 65.27524
23 91 32.91466
23 92 35.21805
23 93 62.27003
23 94 26.54014
23 95 62.15573
23 96 59.57243
23 97 65.07737
23 98 46.71551
23 99 68.33069
24 25 37.63388
24 26 87.49532
24 27 34.34134
24 28 92.78882
24 29 79.58670
24 30 52.75945
24 31 65.49225
24 32 35.37724
24 33 77.08139
24 34 58.30743
24 35 38.89248
24 36 79.19017
24 37 61.44431
24 38 66.45080
24 39 31.27282
24 40 89.27961
24 41 60.72300
24 42 48.40168
24 43 84.15589
24 44 58.56935
24 45 21.31281
24 46 31.80357
24 47 38.86740
24 48 85.13274
24 49 43.01736
24 50 66.91125
24 51 72.78600
24 52 70.25930
24 53 42.59788
24 54 69.49283
24 55 90.36256
24 56 31.37884
24 57 52.13348
24 58 16.01158
24 59 30.73752
24 60 10.23239
24 61 95.72917
24 62 91.40148
24 63 35.69055
24 64 89.05971
24 65 104.14812
24 66 83.24866
24 67 72.67829
24 68 54.67349
24 69 94.78263
24 70 25.02438
24 71 96.89319
24 72 29.45676
24 73 5.46441
24 74 40.90837
24 75 50.30672
24 76 54.75558
24 77 76.53501
24 78 47.95236
24 79 32.48831
24 80 40.05718
24 81 81.60589
24 82 8.15329
24 83 10.28429
24 84 57.98222
24 85 75.89751
24 86 79.42149
24 87 52.36452
24 88 33.89121
24 89 18.81304
24 90 89.62713
24 91 62.52315
24 92 49.38504
24 93 37.66428
24 94 5.22109
24 95 36.09523
24 96 50.42058
24 97 94.90322
24 98 77.18909
24 99 98.26117
25 26 94.68745
25 27 10.04777
25 28 95.88323
25 29 95.84723
25 30 22.38590
25 31 63.53200
25 32 13.77364
25 33 66.20818
25 34 62.13497
25 35 70.05436
25 36 77.97759
25 37 85.86234
25 38 96.73820
25 39 31.68463
25 40 93.12508
25 41 83.28732
25 42 58.87301
25 43 73.93599
25 44 33.48853
25 45 58.92613
25 46 55.87217
25 47 47.22165
25 48 80.94342
25 49 76.32432
25 50 92.75543
25 51 68.60332
25 52 94.65574
25 53 62.35480
25 54 88.72732
25 55 115.10059
25 56 8.38184
25 57 40.67713
25 58 52.92474
25 59 62.53588
25 60 45.58643
25 61 98.33219
25 62 89.54129
25 63 72.82419
25 64 81.00434
25 65 97.17052
25 66 74.49582
25 67 71.54439
25 68 66.06447
25 69 87.57979
25 70 31.79808
25 71 120.93004
25 72 61.77541
25 73 36.80038
25 74 66.48928
25 75 45.79818
25 76 39.84562
25 77 71.96873
25 78 28.24437
25 79 69.12815
25 80 46.41143
25 81 79.42965
25 82 32.36655
25 83 47.86399
25 84 54.49117
25 85 90.27934
25 86 108.10960
25 87 16.91107
25 88 71.49708
25 89 53.88800
25 90 101.32998
25 91 51.44350
25 92 72.06325
25 93 74.45003
25 94 33.26407
25 95 72.22777
25 96 86.36659
25 97 93.86836
25 98 73.85148
25 99 96.54706
26 27 84.66773
26 28 10.71044
26 29 22.89842
26 30 83.31163
26 31 33.16802
26 32 80.92915
26 33 43.65793
26 34 32.59034
26 35 65.01616
26 36 22.88306
26 37 45.07507
26 38 62.90983
26 39 64.54634
26 40 8.19120
26 41 40.97335
26 42 39.31764
26 43 41.18292
26 44 73.93657
26 45 89.24515
26 46 58.02761
26 47 50.35230
26 48 27.58364
26 49 70.63431
26 50 48.64467
26 51 32.07596
26 52 44.65303
26 53 46.90006
26 54 31.46004
26 55 51.39534
26 56 87.54634
26 57 56.66391
26 58 94.54192
26 59 68.29950
26 60 80.90001
26 61 13.05091
26 62 21.89869
26 63 87.06372
26 64 36.19419
26 65 37.34920
26 66 38.03890
26 67 26.53145
26 68 32.82458
26 69 34.85976
26 70 67.67120
26 71 52.38741
26 72 69.67940
26 73 92.81042
26 74 54.07773
26 75 49.36075
26 76 59.80051
26 77 30.98219
26 78 70.05544
26 79 103.35690
26 80 50.14754
26 81 23.95467
26 82 81.85235
26 83 87.07441
26 84 41.43889
26 85 19.15625
26 86 60.90274
26 87 92.44316
26 88 92.55875
26 89 77.97094
26 90 12.37124
26 91 49.70331
26 92 45.63689
26 93 105.47894
26 94 84.85537
26 95 107.40891
26 96 83.19770
26 97 20.61240
26 98 28.20000
26 99 23.25877
27 28 86.02149
27 29 85.96107
27 30 18.97925
27 31 53.76465
27 32 3.96075
27 33 57.54651
27 34 52.10229
27 35 62.60419
27 36 68.29558
27 37 76.81848
27 38 88.61938
27 39 21.88976
27 40 83.21451
27 41 74.03439
27 42 48.95585
27 43 65.29113
27 44 27.67475
27 45 54.98326
27 46 47.48397
27 47 37.38250
27 48 71.56724
27 49 69.34873
27 50 83.84135
27 51 59.08867
27 52 85.51466
27 53 53.13362
27 54 79.08292
27 55 105.85599
27 56 4.47693
27 57 31.41761
27 58 50.30456
27 59 55.48480
27 60 40.59139
27 61 88.50859
27 62 80.00522
27 63 67.86708
27 64 72.11727
27 65 88.28811
27 66 65.62853
27 67 61.79957
27 68 56.12102
27 69 78.64240
27 70 22.82000
27 71 111.56838
27 72 54.89681
27 73 34.98576
27 74 57.98168
27 75 35.94437
27 76 31.17063
27 77 62.53501
27 78 20.03820
27 79 66.78487
27 80 36.47919
27 81 69.84114
27 82 27.55333
27 83 44.05536
27 84 44.71576
27 85 80.32885
27 86 99.54398
27 87 18.31985
27 88 67.35620
27 89 48.26002
27 90 91.28941
27 91 42.48483
27 92 62.99357
27 93 71.99421
27 94 29.35089
27 95 70.26526
27 96 80.34004
27 97 84.28771
27 98 64.31558
27 99 87.04500
28 29 33.60813
28 30 82.26945
28 31 32.46678
28 32 82.14691
28 33 38.50912
28 34 35.25580
28 35 73.63905
28 36 18.91261
28 37 55.15562
28 38 73.33954
28 39 67.30266
28 40 3.70036
28 41 50.85986
28 42 44.46389
28 43 34.44718
28 44 71.93569
28 45 96.53465
28 46 64.93717
28 47 54.40920
28 48 20.66688
28 49 79.71766
28 50 59.09268
28 51 28.97237
28 52 55.21913
28 53 54.17854
28 54 41.80889
28 55 61.88151
28 56 89.29620
28 57 56.16037
28 58 101.16382
28 59 76.18806
28 60 87.04259
28 61 3.02008
28 62 12.78845
28 63 95.53961
28 64 28.24112
28 65 26.89669
28 66 31.49870
28 67 24.63555
28 68 38.90463
28 69 25.61685
28 70 71.23734
28 71 62.54423
28 72 77.49049
28 73 97.94897
28 74 62.26972
28 75 50.08812
28 76 58.61264
28 77 26.73922
28 78 69.65391
28 79 111.03459
28 80 53.76342
28 81 18.68801
28 82 86.53986
28 83 93.39398
28 84 41.44354
28 85 29.60527
28 86 71.60911
28 87 91.74080
28 88 100.78196
28 89 84.96976
28 90 22.16062
28 91 47.54295
28 92 54.33508
28 93 113.48185
28 94 89.68498
28 95 115.16706
28 96 92.69922
28 97 10.35735
28 98 24.09419
28 99 12.64307
29 30 89.58716
29 31 44.12571
29 32 82.71657
29 33 59.63862
29 34 37.73619
29 35 49.13371
29 36 40.44454
29 37 25.10887
29 38 40.97996
29 39 64.16884
29 40 30.81069
29 41 22.27347
29 42 37.01426
29 43 59.46176
29 44 82.54509
29 45 76.12552
29 46 47.85460
29 47 48.63154
29 48 47.24611
29 49 53.04187
29 50 26.86781
29 51 46.74160
29 52 22.41229
29 53 37.04713
29 54 11.50181
29 55 29.65153
29 56 87.83972
29 57 63.76017
29 58 82.99061
29 59 54.46215
29 60 71.16511
29 61 35.85905
29 62 43.80667
29 63 70.74469
29 64 56.22507
29 65 59.96328
29 66 56.31221
29 67 40.80268
29 68 29.92893
29 69 56.30231
29 70 65.17330
29 71 32.09888
29 72 55.98836
29 73 85.05038
29 74 40.40051
29 75 54.94873
29 76 67.88429
29 77 47.28736
29 78 75.84208
29 79 88.79706
29 80 49.49259
29 81 42.56543
29 82 75.71572
29 83 76.59116
29 84 49.59051
29 85 6.62828
29 86 38.00882
29 87 97.63314
29 88 76.79680
29 89 66.11488
29 90 14.29292
29 91 60.48417
29 92 31.21729
29 93 90.01186
29 94 78.21406
29 95 92.54749
29 96 63.97120
29 97 43.25101
29 98 44.81560
29 99 46.08471
30 31 50.26539
30 32 17.38244
30 33 47.95525
30 34 52.44398
30 35 76.02060
30 36 63.46511
30 37 85.58876
30 38 99.96970
30 39 31.25621
30 40 80.07325
30 41 82.02659
30 42 53.76715
30 43 55.39943
30 44 12.12177
30 45 72.69334
30 46 59.43228
30 47 43.98097
30 48 64.70374
30 49 83.44214
30 50 92.91734
30 51 53.46952
30 52 93.68322
30 53 62.08986
30 54 84.85791
30 55 113.19724
30 56 23.01846
30 57 26.68275
30 58 68.76990
30 59 69.82334
30 60 57.83072
30 61 84.32684
30 62 73.85530
30 63 84.56985
30 64 62.97801
30 65 78.83572
30 66 56.57540
30 67 57.71133
30 68 60.16367
30 69 69.56860
30 70 35.48042
30 71 118.27621
30 72 69.52903
30 73 53.83276
30 74 69.12590
30 75 34.83366
30 76 23.67190
30 77 56.28727
30 78 13.74599
30 79 85.23585
30 80 42.22346
30 81 64.30063
30 82 45.39836
30 83 62.02945
30 84 41.91632
30 85 83.32587
30 86 109.46984
30 87 9.72458
30 88 84.76389
30 89 64.69081
30 90 92.02537
30 91 34.93505
30 92 72.11099
30 93 90.36671
30 94 47.61935
30 95 88.84379
30 96 95.65068
30 97 78.32663
30 98 58.62049
30 99 80.54198
31 32 49.85185
31 33 17.92855
31 34 10.59180
31 35 58.61167
31 36 14.65847
31 37 51.68677
31 38 70.53274
31 39 36.57716
31 40 29.96470
31 41 46.91776
31 42 22.65606
31 43 21.86897
31 44 40.79821
31 45 74.45141
31 46 44.25222
31 47 27.14483
31 48 19.65347
31 49 66.32100
31 50 58.41814
31 51 7.57764
31 52 56.81609
31 53 36.77730
31 54 44.01575
31 55 72.35410
31 56 57.22407
31 57 23.79256
31 58 76.83584
31 59 57.74323
31 60 62.06032
31 61 34.82571
31 62 26.78471
31 63 77.99849
31 64 24.40864
31 65 38.70122
31 66 19.75300
31 67 8.04641
31 68 22.72240
31 69 29.52553
31 70 41.55725
31 71 75.86357
31 72 58.61559
31 73 70.15253
31 74 46.91149
31 75 17.88784
31 76 26.66065
31 77 11.20277
31 78 37.29506
31 79 89.62255
31 80 25.58398
31 81 16.58475
31 82 58.23033
31 83 68.56796
31 84 9.04890
31 85 37.49911
31 86 74.86869
31 87 59.55741
31 88 81.88207
31 89 62.62534
31 90 42.89453
31 91 16.86532
31 92 42.87139
31 93 93.15271
31 94 61.53902
31 95 93.88445
31 96 80.58911
31 97 30.84249
31 98 11.71271
31 99 33.86409
32 33 53.64451
32 34 48.39766
32 35 61.26383
32 36 64.36410
32 37 74.37745
32 38 86.78884
32 39 18.97143
32 40 79.36571
32 41 71.43292
32 42 45.70584
32 43 61.38765
32 44 24.74164
32 45 55.46863
32 46 45.63064
32 47 34.28094
32 48 67.60700
32 49 68.24976
32 50 81.48444
32 51 55.13416
32 52 82.98361
32 53 50.61424
32 54 76.12135
32 55 103.21989
32 56 8.10594
32 57 27.46232
32 58 51.38747
32 59 54.41710
32 60 40.75231
32 61 84.61819
32 62 76.05410
32 63 67.80487
32 64 68.18149
32 65 84.35002
32 66 61.69646
32 67 57.88169
32 68 52.81688
32 69 74.70054
32 70 20.81782
32 71 108.83280
32 72 53.93089
32 73 36.59083
32 74 55.98717
32 75 32.05970
32 76 27.29797
32 77 58.57612
32 78 16.35757
32 79 67.85428
32 80 33.23502
32 81 65.89499
32 82 28.07991
32 83 44.71248
32 84 40.80357
32 85 76.99188
32 86 97.40563
32 87 18.79593
32 88 67.66975
32 89 48.01538
32 90 87.73568
32 91 38.55201
32 92 60.56550
32 93 72.99144
32 94 30.23962
32 95 71.46452
32 96 79.70137
32 97 80.34166
32 98 60.36331
32 99 83.09132
33 34 28.38174
33 35 75.74948
33 36 20.77509
33 37 69.53087
33 38 88.44338
33 39 46.03849
33 40 37.57003
33 41 64.73866
33 42 39.88453
33 43 7.74510
33 44 36.26207
33 45 89.00914
33 46 60.43832
33 47 41.51908
33 48 18.24027
33 49 83.60201
33 50 76.15446
33 51 12.93466
33 52 74.32530
33 53 54.10717
33 54 61.13256
33 55 88.78537
33 56 61.69902
33 57 26.60053
33 58 90.15101
33 59 74.11132
33 60 75.47226
33 61 39.74426
33 62 27.50143
33 63 94.15252
33 64 15.02978
33 65 31.05585
33 66 8.64023
33 67 18.83635
33 68 40.63639
33 69 21.63300
33 70 52.08845
33 71 91.73255
33 72 74.83269
33 73 81.11657
33 74 64.26466
33 75 26.83112
33 76 26.40869
33 77 12.76076
33 78 37.96720
33 79 104.14233
33 80 39.46746
33 81 20.02035
33 82 69.21099
33 83 81.83696
33 84 20.48601
33 85 53.15324
33 86 92.42186
33 87 57.67416
33 88 97.53526
33 89 77.41964
33 90 55.30161
33 91 15.29033
33 92 60.71774
33 93 108.06939
33 94 72.52300
33 95 108.38287
33 96 97.88913
33 97 31.90803
33 98 15.50905
33 99 33.50102
34 35 48.13912
34 36 21.19715
34 37 41.75273
34 38 60.34015
34 39 32.19834
34 40 32.02342
34 41 37.06995
34 42 12.34912
34 43 32.39655
34 44 44.82360
34 45 65.27543
34 46 34.36345
34 47 19.46613
34 48 28.05071
34 49 55.79133
34 50 48.70156
34 51 17.67519
34 52 47.51657
34 53 26.27768
34 54 35.50363
34 55 64.33577
34 56 54.95818
34 57 26.12431
34 58 68.38756
34 59 47.63838
34 60 53.74199
34 61 38.05591
34 62 33.21135
34 63 67.92368
34 64 34.23727
34 65 47.27993
34 66 30.13230
34 67 15.14696
34 68 12.35216
34 69 38.67639
34 70 35.98449
34 71 68.42033
34 72 48.58878
34 73 63.28387
34 74 36.38023
34 75 17.62105
34 76 30.15652
34 77 20.88196
34 78 38.76779
34 79 80.37236
34 80 18.58067
34 81 23.82643
34 82 51.62531
34 83 60.24542
34 84 12.07438
34 85 31.24719
34 86 65.40170
34 87 61.03722
34 88 72.04991
34 89 53.41350
34 90 39.78594
34 91 23.55369
34 92 32.33660
34 93 83.66823
34 94 54.84370
34 95 84.62517
34 96 70.04577
34 97 36.60081
34 98 20.45800
34 99 39.98094
35 36 67.34000
35 37 25.66346
35 38 27.63411
35 39 44.89212
35 40 69.95663
35 41 27.03126
35 42 35.97751
35 43 80.48062
35 44 75.82764
35 45 27.94370
35 46 17.16122
35 47 36.69271
35 48 75.02025
35 49 8.04090
35 50 29.38794
35 51 65.80801
35 52 33.52193
35 53 21.86406
35 54 37.67392
35 55 52.47812
35 56 61.92117
35 57 60.38488
35 58 36.10044
35 59 8.15998
35 60 28.69071
35 61 76.61305
35 62 77.61867
35 63 22.06658
35 64 82.14073
35 65 93.59353
35 66 78.27128
35 67 62.52663
35 68 37.36902
35 69 85.92643
35 70 40.73073
35 71 59.17054
35 72 9.46180
35 73 43.72652
35 74 11.90430
35 75 53.09458
35 76 64.81723
35 77 68.89220
35 78 65.05819
35 79 39.67842
35 80 39.03100
35 81 70.18498
35 82 39.41526
35 83 31.82994
35 84 55.79725
35 85 48.01859
35 86 40.54047
35 87 80.00280
35 88 27.80794
35 89 20.69900
35 90 62.24165
35 91 65.92783
35 92 19.38224
35 93 40.97175
35 94 40.26750
35 95 43.41553
35 96 22.21161
35 97 79.65551
35 98 68.08907
35 99 83.17245
36 37 54.94879
36 38 74.16021
36 39 51.10513
36 40 17.23573
36 41 50.14622
36 42 33.00699
36 43 19.08152
36 44 53.02480
36 45 86.34425
36 46 55.08097
36 47 40.36273
36 48 7.87379
36 49 74.51442
36 50 60.69706
36 51 10.06076
36 52 57.99405
36 53 45.82124
36 54 44.16185
36 55 70.06114
36 56 71.82693
36 57 37.68055
36 58 89.58459
36 59 67.92624
36 60 74.92846
36 61 20.86199
36 62 12.28076
36 63 88.12514
36 64 16.37112
36 65 26.41080
36 66 15.91008
36 67 6.68643
36 68 29.98064
36 69 18.72234
36 70 55.84502
36 71 72.36746
36 72 68.99799
36 73 84.03064
36 74 55.43922
36 75 32.52191
36 76 39.85685
36 77 8.15874
36 78 51.09737
36 79 101.38384
36 80 39.14711
36 81 2.84918
36 82 72.20760
36 83 81.43521
36 84 23.64439
36 85 34.31586
36 86 75.89291
36 87 72.99747
36 88 92.60069
36 89 74.49083
36 90 34.63754
36 91 28.64745
36 92 49.41393
36 93 104.52733
36 94 75.48346
36 95 105.62605
36 96 88.48438
36 97 16.19808
36 98 5.38200
36 99 19.30609
37 38 19.22131
37 39 55.57985
37 40 51.73202
37 41 4.83526
37 42 33.39696
37 43 72.00268
37 44 81.72832
37 45 53.56909
37 46 30.88830
37 47 41.61695
37 48 62.75814
37 49 28.27295
37 50 7.37459
37 51 57.26855
37 52 8.96093
37 53 23.78435
37 54 13.95608
37 55 29.50114
37 56 77.48530
37 57 63.42990
37 58 61.42223
37 59 32.46282
37 60 51.82250
37 61 57.87892
37 62 62.45601
37 63 46.27374
37 64 71.23007
37 65 79.14243
37 66 69.18072
37 67 52.27969
37 68 29.52014
37 69 73.28525
37 70 54.09676
37 71 35.75195
37 72 34.00364
37 73 66.73245
37 74 20.65398
37 75 54.52480
37 76 68.05619
37 77 59.31961
37 78 72.54512
37 79 64.98254
37 80 43.46945
37 81 57.66358
37 82 59.61484
37 83 56.21758
37 84 53.02425
37 85 26.10736
37 86 24.26711
37 87 91.87687
37 88 52.51234
37 89 45.11085
37 90 39.20677
37 91 64.62473
37 92 13.82495
37 93 65.70711
37 94 61.41064
37 95 68.51689
37 96 38.89262
37 97 63.27084
37 98 57.59449
37 99 66.57239
38 39 68.89275
38 40 70.06797
38 41 24.04604
38 42 50.75466
38 43 91.14982
38 44 97.63027
38 45 52.58882
38 46 41.16440
38 47 56.88941
38 48 81.95768
38 49 24.42166
38 50 14.26627
38 51 76.35401
38 52 18.58025
38 53 38.50277
38 54 31.53889
38 55 29.04278
38 56 88.44864
38 57 80.07546
38 58 61.62434
38 59 35.78049
38 60 56.22256
38 61 75.92035
38 62 81.37383
38 63 40.70522
38 64 90.45064
38 65 98.06087
38 66 88.35613
38 67 71.45917
38 68 47.99091
38 69 92.43513
38 70 65.97257
38 71 35.63016
38 72 37.00410
38 73 71.14759
38 74 30.91012
38 75 71.49614
38 76 84.71962
38 77 78.49039
38 78 87.67986
38 79 60.12489
38 80 59.02033
38 81 76.86492
38 82 66.94877
38 83 58.75585
38 84 71.10731
38 85 43.76443
38 86 13.62835
38 87 105.16159
38 88 47.06121
38 89 47.91558
38 90 55.17976
38 91 82.55362
38 92 29.09305
38 93 59.27861
38 94 67.89400
38 95 62.83176
38 96 27.65655
38 97 81.94228
38 98 76.80052
38 99 85.15635
39 40 64.16963
39 41 52.51496
39 42 27.24091
39 43 53.31930
39 44 31.61120
39 45 46.46857
39 46 28.17660
39 47 15.53818
39 48 55.96865
39 49 52.47789
39 50 62.76240
39 51 43.27251
39 52 64.10137
39 53 31.79603
39 54 57.20707
39 55 84.27329
39 56 23.71373
39 57 20.96644
39 58 45.52002
39 59 39.13503
39 60 31.61619
39 61 70.01671
39 62 63.33410
39 63 55.83134
39 64 58.77066
39 65 74.40513
39 66 52.68619
39 67 44.41873
39 68 34.46641
39 69 64.82560
39 70 6.41820
39 71 89.86273
39 72 39.02871
39 73 35.09337
39 74 37.98827
39 75 19.63445
39 76 24.03546
39 77 47.00339
39 78 20.51439
39 79 60.90679
39 80 14.86004
39 81 53.15883
39 82 23.25371
39 83 37.43205
39 84 28.08866
39 85 58.66821
39 86 78.93537
39 87 36.42775
39 88 57.27923
39 89 36.32464
39 90 70.16296
39 91 31.27194
39 92 41.81225
39 93 65.48538
39 94 26.53931
39 95 64.98906
39 96 65.23673
39 97 67.28632
39 98 48.13417
39 99 70.39858
40 41 47.38000
40 42 40.91384
40 43 34.19446
40 44 70.00422
40 45 92.85139
40 46 61.26423
40 47 51.02570
40 48 20.37393
40 49 76.06981
40 50 55.84673
40 51 27.16906
40 52 52.07769
40 53 50.48580
40 54 38.53043
40 55 59.57154
40 56 86.40442
40 57 53.75019
40 58 97.52242
40 59 72.48781
40 60 83.43718
40 61 6.71479
40 62 13.79648
40 63 91.84708
40 64 28.59602
40 65 29.21500
40 66 31.13086
40 67 22.36916
40 68 35.25791
40 69 26.79757
40 70 67.96422
40 71 60.56431
40 72 73.79080
40 73 94.46252
40 74 58.57315
40 75 47.34108
40 76 56.40208
40 77 25.32450
40 78 67.25493
40 79 107.33917
40 80 50.44760
40 81 17.55001
40 82 83.10755
40 83 89.77512
40 84 38.82969
40 85 26.43580
40 86 68.72583
40 87 89.46322
40 88 97.08288
40 89 81.29883
40 90 20.37230
40 91 45.57942
40 92 50.66496
40 93 109.78163
40 94 86.23503
40 95 111.47001
40 96 89.10397
40 97 12.47087
40 98 22.58471
40 99 15.29927
41 42 29.19633
41 43 67.16904
41 44 77.74524
41 45 54.54010
41 46 29.38480
41 47 38.07477
41 48 57.96589
41 49 30.80892
41 50 11.67678
41 51 52.44396
41 52 11.66166
41 53 20.93265
41 54 10.77508
41 55 31.82513
41 56 74.93568
41 57 59.28561
41 58 61.96096
41 59 33.01653
41 60 51.43391
41 61 53.63530
41 62 57.82051
41 63 48.47544
41 64 66.41299
41 65 74.49617
41 66 64.34551
41 67 47.44445
41 68 24.91831
41 69 68.52522
41 70 51.49326
41 71 37.69581
41 72 34.56554
41 73 66.09961
41 74 19.88826
41 75 50.31510
41 76 63.89131
41 77 54.48459
41 78 68.81513
41 79 66.69773
41 80 39.80840
41 81 52.87047
41 82 58.27419
41 83 56.24218
41 84 48.47350
41 85 22.30746
41 86 28.56230
41 87 88.60126
41 88 54.55601
41 89 45.31528
41 90 35.96323
41 91 60.09717
41 92 11.59694
41 93 67.77563
41 94 60.28329
41 95 70.38240
41 96 42.40106
41 97 58.74745
41 98 52.76126
41 99 62.08280
42 43 44.51772
42 44 48.63993
42 45 53.38193
42 46 22.11369
42 47 11.79037
42 48 40.20504
42 49 43.75178
42 50 40.72379
42 51 29.97252
42 52 40.62640
42 53 14.22343
42 54 31.10547
42 55 59.52862
42 56 50.95402
42 57 30.08976
42 58 57.08355
42 59 35.29249
42 60 42.70055
42 61 47.43222
42 62 44.58042
42 63 55.57773
42 64 46.58635
42 65 59.34478
42 66 42.37693
42 67 27.34134
42 68 7.24588
42 69 50.93695
42 70 29.01477
42 71 64.51055
42 72 36.25651
42 73 53.63772
42 74 24.38259
42 75 21.13306
42 76 34.69595
42 77 33.22989
42 78 40.21475
42 79 68.38543
42 80 12.47905
42 81 35.75093
42 82 42.53832
42 83 49.12537
42 84 20.64223
42 85 31.42730
42 86 57.65283
42 87 61.17981
42 88 59.76249
42 89 41.54800
42 90 43.31491
42 91 31.85734
42 92 21.77661
42 93 71.53336
42 94 45.56450
42 95 72.62429
42 96 58.03692
42 97 47.55595
42 98 32.75557
42 99 51.03972
43 44 43.55481
43 45 95.27779
43 46 65.86664
43 47 47.62838
43 48 13.83693
43 49 88.17999
43 50 78.26898
43 51 14.94058
43 52 75.99839
43 53 58.64273
43 54 62.39348
43 55 89.02249
43 56 69.43863
43 57 34.27766
43 58 96.83775
43 59 79.45377
43 60 82.09248
43 61 35.18502
43 62 22.33684
43 63 99.65490
43 64 7.82702
43 65 23.44999
43 66 3.18005
43 67 19.76806
43 68 44.14124
43 69 14.25747
43 70 59.24631
43 71 91.43834
43 72 80.27211
43 73 88.32215
43 74 68.76850
43 75 33.85702
43 76 34.15195
43 77 12.72319
43 78 45.69205
43 79 110.45072
43 80 45.70916
43 81 17.34326
43 82 76.37647
43 83 88.51717
43 84 26.64894
43 85 53.22572
43 86 94.05711
43 87 65.09826
43 88 103.32658
43 89 83.56912
43 90 53.33176
43 91 22.96933
43 92 64.37658
43 93 114.22182
43 94 79.69958
43 95 114.70519
43 96 102.44066
43 97 26.47351
43 98 14.80465
43 99 27.49115
44 45 76.92664
44 46 58.71858
44 47 40.74147
44 48 53.53404
44 49 83.63288
44 50 89.10141
44 51 42.96406
44 52 89.25447
44 53 59.14159
44 54 79.13510
44 55 107.93655
44 56 32.12222
44 57 18.87991
44 58 74.31656
44 59 70.59382
44 60 61.84813
44 61 73.81124
44 62 62.79478
44 63 87.30903
44 64 51.22563
44 65 66.93854
44 66 44.90227
44 67 47.71227
44 68 54.23317
44 69 57.78415
44 70 37.26411
44 71 112.56761
44 72 70.56522
44 73 60.60519
44 74 67.40692
44 75 27.91341
44 76 14.66883
44 77 45.47231
44 78 11.16263
44 79 90.52421
44 80 38.62384
44 81 53.58049
44 82 50.64039
44 83 66.87923
44 84 33.28930
44 85 76.07076
44 86 105.95622
44 87 21.65216
44 88 88.37135
44 89 67.59532
44 90 83.46974
44 91 24.42494
44 92 68.86759
44 93 95.43783
44 94 53.34995
44 95 94.37964
44 96 96.73006
44 97 67.27775
44 98 47.95652
44 99 69.31026
45 46 31.65464
45 47 47.65160
45 48 93.31581
45 49 28.21672
45 50 57.15556
45 51 82.02856
45 52 61.42668
45 53 42.42065
45 54 64.87518
45 55 79.80042
45 56 52.39172
45 57 66.92984
45 58 9.25968
45 59 21.66352
45 60 15.07852
45 61 99.55453
45 62 97.94199
45 63 15.19828
45 64 98.85164
45 65 112.55508
45 66 93.76404
45 67 80.41596
45 68 57.78011
45 69 103.80984
45 70 40.18250
45 71 86.54134
45 72 20.14113
45 73 23.42090
45 74 35.89817
45 75 62.67426
45 76 70.40975
45 77 85.61048
45 78 65.86030
45 79 15.18213
45 80 49.58959
45 81 89.04899
45 82 27.44689
45 83 11.06529
45 84 68.66932
45 85 74.08739
45 86 66.19267
45 87 73.23328
45 88 12.57843
45 89 11.86207
45 90 88.40856
45 91 75.88059
45 92 45.04050
45 93 19.17618
45 94 25.80329
45 95 19.44279
45 96 31.16686
45 97 100.77511
45 98 85.60186
45 99 104.28593
46 47 19.87413
46 48 62.31799
46 49 25.10697
46 50 37.30197
46 51 51.75378
46 52 39.84892
46 53 11.26591
46 54 37.70370
46 55 60.37782
46 56 47.51780
46 57 43.32510
46 58 36.52160
46 59 13.68315
46 60 23.44340
46 61 67.95539
46 62 66.44254
46 63 33.78851
46 64 68.51707
46 65 81.44964
46 66 63.96952
46 67 49.44484
46 68 26.12592
46 69 73.02810
46 70 24.81284
46 71 66.62765
46 72 14.41183
46 73 37.25695
46 74 10.64230
46 75 36.37446
46 76 47.71274
46 77 55.15311
46 78 48.03872
46 79 46.45207
46 80 22.20028
46 81 57.84388
46 82 28.88957
46 83 29.26599
46 84 40.05417
46 85 44.50453
46 86 52.23962
46 87 64.09609
46 88 37.69018
46 89 20.03621
46 90 58.55050
46 91 49.47425
46 92 17.82488
46 93 49.44995
46 94 30.94997
46 95 50.66577
46 96 38.86901
46 97 69.17048
46 98 54.82018
46 99 72.68878
47 48 46.58866
47 49 44.72834
47 50 48.95933
47 51 34.66492
47 52 49.73640
47 53 18.42102
47 54 41.88286
47 55 69.51616
47 56 39.22213
47 57 23.83055
47 58 49.69273
47 59 33.37281
47 60 34.91552
47 61 57.28349
47 62 52.54389
47 63 52.94581
47 64 51.39382
47 65 65.78235
47 66 46.13761
47 67 33.92525
47 68 19.03612
47 69 56.67034
47 70 17.38576
47 71 74.88224
47 72 33.88299
47 73 43.81811
47 74 26.95909
47 75 16.50044
47 76 28.37275
47 77 38.34338
47 78 31.00624
47 79 62.82831
47 80 2.33862
47 81 42.83548
47 82 32.18792
47 83 41.42347
47 84 21.06608
47 85 43.18117
47 86 65.61567
47 87 50.62892
47 88 56.05992
47 89 35.95240
47 90 55.03304
47 91 29.66171
47 92 28.29040
47 93 66.61271
47 94 35.38843
47 95 67.08501
47 96 58.68916
47 97 56.04139
47 98 38.68258
47 99 59.39386
48 49 82.26863
48 50 68.40738
48 51 12.72883
48 52 65.58505
48 53 53.38522
48 54 51.70188
48 55 76.89106
48 56 75.35345
48 57 40.26666
48 58 96.17402
48 59 75.35847
48 60 81.43680
48 61 21.61695
48 62 9.32312
48 63 95.60589
48 64 8.97903
48 65 19.25616
48 66 10.83527
48 67 12.90374
48 68 37.65441
48 69 10.91415
48 70 61.14579
48 71 78.83550
48 72 76.38819
48 73 89.80600
48 74 63.11599
48 75 36.64507
48 76 41.62736
48 77 9.08100
48 78 53.24155
48 79 108.42197
48 80 45.14958
48 81 5.09566
48 82 77.88126
48 83 87.95184
48 84 27.90076
48 85 41.37504
48 86 83.38792
48 87 74.39227
48 88 99.94982
48 89 81.45393
48 90 39.87046
48 91 29.93550
48 92 57.24897
48 93 111.70130
48 94 81.19137
48 95 112.67537
48 96 96.28062
48 97 13.78928
48 98 7.94405
48 99 15.84176
49 50 30.10261
49 51 73.42479
49 52 34.77233
49 53 29.54977
49 54 41.56911
49 55 51.87853
49 56 68.35659
49 57 68.39414
49 58 37.20516
49 59 13.86413
49 60 32.85538
49 61 82.64926
49 62 84.42790
49 63 18.10655
49 64 89.59966
49 65 100.60946
49 66 85.90492
49 67 69.93601
49 68 44.65706
49 69 93.18272
49 70 48.00380
49 71 58.62469
49 72 14.54900
49 73 47.37282
49 74 19.41168
49 75 61.13547
49 76 72.80940
49 77 76.42542
49 78 72.78522
49 79 37.28772
49 80 47.06685
49 81 77.36358
49 82 44.79930
49 83 34.62759
49 84 63.75216
49 85 52.80563
49 86 37.99326
49 87 87.04014
49 88 24.46345
49 89 24.20923
49 90 66.73590
49 91 73.95495
49 92 25.52701
49 93 37.56161
49 94 45.17409
49 95 40.57194
49 96 14.28740
49 97 86.24518
49 98 75.51393
49 99 89.73919
50 51 63.69564
50 52 4.92553
50 53 30.98572
50 54 17.32599
50 55 23.45146
50 56 84.37363
50 57 70.78028
50 58 65.48554
50 59 36.94462
50 60 57.02532
50 61 61.65992
50 62 67.37335
50 63 48.14441
50 64 77.05818
50 65 84.04015
50 66 75.37252
50 67 58.50136
50 68 36.59198
50 69 78.71071
50 70 61.06025
50 71 30.01316
50 72 38.43641
50 73 72.08102
50 74 26.76389
50 75 61.85663
50 76 75.40244
50 77 65.54892
50 78 79.90709
50 79 67.38597
50 80 50.82952
50 81 63.33512
50 82 65.66251
50 83 60.93552
50 84 60.15003
50 85 29.50387
50 86 16.93144
50 87 99.11510
50 88 54.54129
50 89 49.74850
50 90 41.13815
50 91 71.77386
50 92 20.95046
50 93 67.54441
50 94 67.26155
50 95 70.65548
50 96 38.39041
50 97 67.80268
50 98 63.68339
50 99 70.98209
51 52 61.66434
51 53 43.94411
51 54 48.31895
51 55 75.85112
51 56 62.79115
51 57 28.02663
51 58 84.35491
51 59 65.18899
51 60 69.57325
51 61 30.88967
51 62 20.93800
51 63 85.46173
51 64 16.83282
51 65 31.36819
51 66 12.48346
51 67 5.98072
51 68 29.20772
51 69 22.04430
51 70 48.54803
51 71 78.82490
51 72 66.08874
51 73 77.35589
51 74 54.02149
51 75 23.91811
51 76 29.92558
51 77 3.75619
51 78 41.31062
51 79 97.20011
51 80 33.03834
51 81 10.91487
51 82 65.40043
51 83 76.07564
51 84 15.18682
51 85 40.23454
51 86 79.76384
51 87 63.03931
51 88 89.41144
51 89 70.20297
51 90 43.14030
51 91 18.59751
51 92 49.44042
51 93 100.72505
51 94 68.72118
51 95 101.46201
51 96 87.65812
51 97 25.28736
51 98 5.25752
51 99 27.95793
52 53 32.38482
52 54 13.91846
52 55 20.55544
52 56 86.28598
52 57 70.68595
52 58 69.58382
52 59 40.79956
52 60 60.53568
52 61 57.70164
52 62 64.01784
52 63 52.85843
52 64 74.35940
52 65 80.62163
52 66 73.03122
52 67 56.26498
52 68 35.76899
52 69 75.67460
52 70 62.86438
52 71 26.79624
52 72 42.31930
52 73 75.51146
52 74 29.57968
52 75 61.66686
52 76 75.26517
52 77 63.28532
52 78 80.44334
52 79 72.01432
52 80 51.46170
52 81 60.55349
52 82 68.56079
52 83 64.72350
52 84 59.26324
52 85 25.64200
52 86 18.10097
52 87 100.24863
52 88 59.23472
52 89 53.56091
52 90 36.60020
52 91 70.90009
52 92 22.60310
52 93 72.28800
52 94 70.32568
52 95 75.34425
52 96 43.31589
52 97 64.21009
52 98 61.28282
52 99 67.30993
53 54 27.55039
53 55 52.75249
53 56 54.00517
53 57 41.69526
53 58 47.73019
53 59 22.28536
53 60 34.65372
53 61 57.19802
53 62 56.61639
53 63 42.33750
53 64 60.31748
53 65 72.20277
53 66 56.40976
53 67 40.75678
53 68 15.95202
53 69 64.26206
53 70 30.56269
53 71 58.59817
53 72 23.48152
53 73 48.06143
53 74 10.15974
53 75 33.37835
53 76 46.32548
53 77 47.04142
53 78 49.37354
53 79 56.86259
53 80 20.52060
53 81 48.64944
53 82 38.76440
53 83 40.53156
53 84 34.58616
53 85 33.35965
53 86 47.38244
53 87 68.12983
53 88 47.05217
53 89 31.07241
53 90 47.32026
53 91 45.37614
53 92 10.04916
53 93 59.45098
53 94 41.18526
53 95 61.00968
53 96 43.82859
53 97 59.03845
53 98 46.29879
53 99 62.56996
54 55 28.90454
54 56 80.50978
54 57 60.28357
54 58 71.97571
54 59 43.23408
54 60 60.66898
54 61 44.42096
54 62 50.15443
54 63 59.24289
54 64 60.51102
54 65 66.79120
54 66 59.38089
54 67 42.75192
54 68 24.90915
54 69 61.75629
54 70 57.28903
54 71 33.47626
54 72 44.77211
54 73 74.93629
54 74 29.42072
54 75 51.22542
54 76 64.71340
54 77 49.72019
54 78 71.25220
54 79 77.35039
54 80 43.17356
54 81 46.68720
54 82 66.22961
54 83 65.85096
54 84 47.54158
54 85 12.31930
54 86 31.73643
54 87 92.23307
54 88 65.30056
54 89 55.16372
54 90 25.31210
54 91 59.05314
54 92 20.33631
54 93 78.51733
54 94 68.52419
54 95 81.07699
54 96 52.80953
54 97 50.48707
54 98 47.61909
54 99 53.65679
55 56 106.74196
55 57 89.11966
55 58 88.41629
55 59 60.25147
55 60 80.45837
55 61 63.67250
55 62 73.03988
55 63 69.26684
55 64 85.86926
55 65 88.72795
55 66 85.88816
55 67 70.00663
55 68 53.71957
55 69 85.74965
55 70 83.30280
55 71 6.74717
55 72 61.71707
55 73 95.52462
55 74 50.00955
55 75 80.05256
55 76 93.58049
55 77 76.68935
55 78 99.72943
55 79 88.74195
55 80 71.07793
55 81 72.21411
55 82 88.99516
55 83 84.23161
55 84 76.39885
55 85 35.80107
55 86 17.11690
55 87 120.14506
55 88 75.68567
55 89 73.04833
55 90 39.96292
55 91 87.85067
55 92 43.11712
55 93 88.18043
55 94 90.66626
55 95 91.63588
55 96 56.68027
55 97 72.00466
55 98 74.29808
55 99 74.52441
56 57 35.38328
56 58 47.18615
56 59 54.52227
56 60 38.41842
56 61 91.84010
56 62 83.65981
56 63 65.76199
56 64 76.16500
56 65 92.32268
56 66 69.69241
56 67 65.27035
56 68 58.17971
56 69 82.66157
56 70 23.44256
56 71 112.59361
56 72 53.82190
56 73 31.51138
56 74 58.12626
56 75 39.34133
56 76 35.38700
56 77 66.29382
56 78 24.42371
56 79 63.62138
56 80 38.55280
56 81 73.46234
56 82 25.19227
56 83 41.36381
56 84 48.18994
56 85 82.38108
56 86 99.74907
56 87 21.00982
56 88 64.88115
56 89 46.44215
56 90 93.74198
56 91 46.55575
56 92 63.69013
56 93 68.88037
56 94 26.59491
56 95 66.98375
56 96 78.80014
56 97 87.89889
56 98 67.99126
56 99 90.72060
57 58 66.45697
57 59 56.34515
57 60 52.33864
57 61 58.39904
57 62 48.94068
57 63 74.90629
57 64 40.80013
57 65 56.94559
57 66 34.34843
57 67 31.52949
57 68 35.40029
57 69 47.28040
57 70 27.37048
57 71 93.69772
57 72 56.62386
57 73 55.65730
57 74 50.74927
57 75 9.06857
57 76 4.64713
57 77 31.31249
57 78 13.50490
57 79 81.63067
57 80 21.52326
57 81 38.92111
57 82 44.03266
57 83 58.31505
57 84 15.23731
57 85 57.33184
57 86 87.69701
57 87 35.80353
57 88 77.08785
57 89 56.15393
57 90 65.40596
57 91 11.31193
57 92 51.03480
57 93 86.06820
57 94 47.25663
57 95 85.76032
57 96 82.16437
57 97 53.31229
57 98 33.28412
57 99 55.91040
58 59 28.99371
58 60 14.78615
58 61 104.17123
58 62 101.50430
58 63 24.13001
58 64 101.04007
58 65 115.41247
58 66 95.59755
58 67 83.37005
58 68 62.26474
58 69 106.36079
58 70 39.10234
58 71 95.14071
58 72 27.44536
58 73 16.21485
58 74 42.59860
58 75 63.38546
58 76 69.48967
58 77 88.03590
58 78 63.52661
58 79 16.48361
58 80 51.35998
58 81 92.18939
58 82 23.68267
58 83 8.32065
58 84 70.23164
58 85 80.43804
58 86 75.19368
58 87 68.19583
58 88 20.29307
58 89 16.89734
58 90 94.67935
58 91 76.22945
58 92 51.77471
58 93 21.70027
58 94 21.16824
58 95 20.11334
58 96 40.28889
58 97 104.61861
58 98 88.31211
58 99 108.08697
59 60 20.54787
59 61 79.19999
59 62 78.88886
59 63 20.28535
59 64 81.87285
59 65 94.33638
59 66 77.49083
59 67 62.57001
59 68 38.22086
59 69 86.16640
59 70 34.34322
59 71 66.90103
59 72 1.54995
59 73 35.60983
59 74 14.36183
59 75 49.83634
59 76 60.58531
59 77 68.51028
59 78 59.60136
59 79 35.07323
59 80 35.66948
59 81 70.73324
59 82 31.41568
59 83 23.99289
59 84 53.73732
59 85 52.52395
59 86 48.68603
59 87 73.21201
59 88 24.76688
59 89 12.80505
59 90 66.85107
59 91 63.03280
59 92 23.42097
59 93 37.29391
59 94 32.15480
59 95 39.10941
59 96 26.13685
59 97 81.31870
59 98 68.03039
59 99 84.85042
60 61 90.03422
60 62 86.91827
60 63 27.34404
60 64 86.25395
60 65 100.66440
60 66 80.82405
60 67 68.66112
60 68 48.26427
60 69 91.58585
60 70 25.25673
60 71 87.03703
60 72 19.24073
60 73 15.09628
60 74 31.54627
60 75 48.77472
60 76 55.64005
60 77 73.25833
60 78 50.78636
60 79 29.30425
60 80 36.57394
60 81 77.50692
60 82 13.24922
60 83 6.51508
60 84 55.46903
60 85 67.94765
60 86 69.23028
60 87 58.91105
60 88 26.93630
60 89 8.73958
60 90 81.97351
60 91 61.76091
60 92 40.36572
60 93 33.88557
60 94 12.66207
60 95 33.42168
60 96 41.02811
60 97 90.12141
60 98 73.56064
60 99 93.56907
61 62 12.97329
61 63 98.52844
61 64 28.55617
61 65 25.47032
61 66 32.35182
61 67 26.88928
61 68 41.91580
61 69 25.26795
61 70 74.03891
61 71 64.06590
61 72 80.50463
61 73 100.87587
61 74 65.26684
61 75 52.56424
61 76 60.70776
61 77 28.40935
61 78 71.86790
61 79 114.05320
61 80 56.59793
61 81 20.28733
61 82 89.43597
61 83 96.39173
61 84 43.84758
61 85 32.15626
61 86 73.86045
61 87 93.85008
61 88 103.78487
61 89 87.98740
61 90 23.74852
61 91 49.48671
61 92 57.29466
61 93 116.49390
61 94 92.59121
61 95 118.18468
61 96 95.57383
61 97 9.63786
61 98 25.85862
61 99 11.15939
62 63 98.91065
62 64 15.58803
62 65 16.69058
62 66 19.63109
62 67 18.94340
62 68 40.66858
62 69 13.00510
62 70 68.12351
62 71 74.26415
62 72 80.04043
62 73 96.27428
62 74 65.80725
62 75 44.50678
62 76 50.59274
62 77 17.67959
62 78 62.12258
62 79 112.88083
62 80 51.38548
62 81 10.22925
62 82 84.47030
62 83 93.41112
62 84 35.62585
62 85 38.69221
62 86 81.27273
62 87 83.51998
62 88 103.64970
62 89 86.12243
62 90 34.16735
62 91 38.97493
62 92 58.96083
62 93 115.84062
62 94 87.74068
62 95 117.10336
62 96 98.08587
62 97 4.48297
62 98 15.69309
62 99 7.08544
63 64 102.15742
63 65 114.52516
63 66 97.73654
63 67 82.84064
63 68 58.28012
63 69 106.43119
63 70 50.05235
63 71 75.98163
63 72 19.38655
63 73 38.42595
63 74 33.30529
63 75 69.17294
63 76 78.87223
63 77 88.79407
63 78 76.14765
63 79 19.47549
63 80 55.16846
63 81 90.94263
63 82 40.57954
63 83 25.50648
63 84 73.70116
63 85 69.99336
63 86 54.23662
63 87 86.17989
63 88 6.43163
63 89 19.88530
63 90 84.14467
63 91 82.48817
63 92 41.42853
63 93 19.45790
63 94 39.59350
63 95 22.52427
63 96 16.26263
63 97 101.18335
63 98 88.31043
63 99 104.71243
64 65 16.17501
64 66 6.50925
64 67 19.68067
64 68 44.98471
64 69 6.60977
64 70 64.42926
64 71 87.77636
64 72 82.80816
64 73 93.45571
64 74 70.27256
64 75 39.13658
64 76 41.15998
64 77 13.36651
64 78 52.80943
64 79 114.02604
64 80 49.68023
64 81 13.84020
64 82 81.47856
64 83 92.74203
64 84 31.07762
64 85 50.33819
64 86 92.23037
64 87 72.69375
64 88 106.19707
64 89 87.03152
64 90 48.54881
64 91 29.63324
64 92 64.97829
64 93 117.55722
64 94 84.80859
64 95 118.28801
64 96 103.74382
64 97 19.35775
64 98 14.09866
64 99 19.96952
65 66 22.67833
65 67 32.14162
65 68 56.30667
65 69 9.67740
65 70 79.85336
65 71 89.42957
65 72 95.40819
65 73 108.72108
65 74 81.71240
65 75 54.81497
65 76 57.32491
65 77 27.61540
65 78 68.96085
65 79 127.64763
65 80 64.28102
65 81 23.61562
65 82 96.76115
65 83 107.17874
65 84 46.39497
65 85 55.16080
65 86 97.71281
65 87 88.52445
65 88 119.00795
65 89 100.69306
65 90 49.04478
65 91 45.80627
65 92 75.25880
65 93 130.87638
65 94 100.08376
65 95 131.89836
65 96 114.41738
65 97 16.74487
65 98 27.10421
65 99 14.32778
66 67 16.90114
66 68 41.63815
66 69 13.10527
66 70 58.46741
66 71 88.27374
66 72 78.35077
66 73 87.53858
66 74 66.49908
66 75 33.08575
66 76 34.65103
66 77 9.86700
66 78 46.30064
66 79 108.94576
66 80 44.30437
66 81 14.16954
66 82 75.56869
66 83 87.28226
66 84 25.38536
66 85 50.09718
66 86 91.07164
66 87 66.29714
66 88 101.54277
66 89 82.00137
66 90 50.16694
66 91 23.14447
66 92 61.85193
66 93 112.62162
66 94 78.89776
66 95 113.20524
66 96 100.14109
66 97 23.88814
66 98 11.76185
66 99 25.16750
67 68 25.30471
67 69 23.60080
67 70 49.18510
67 71 72.89626
67 72 63.57245
67 73 77.47227
67 74 50.64034
67 75 25.93372
67 76 34.03950
67 77 7.04865
67 78 45.01899
67 79 95.51867
67 80 32.62119
67 81 8.92809
67 82 65.61941
67 83 75.17499
67 84 17.08802
67 85 34.32208
67 86 74.34280
67 87 67.13356
67 88 87.10326
67 89 68.55391
67 90 37.29604
67 91 23.31774
67 92 45.33518
67 93 98.80437
67 94 68.90475
67 95 99.77183
67 96 84.06618
67 97 22.87863
67 98 5.58218
67 99 25.98749
68 69 48.56430
68 70 36.20752
68 71 58.37337
68 72 39.38345
68 73 60.00084
68 74 25.46514
68 75 26.33406
68 76 39.87089
68 77 31.94892
68 78 46.48232
68 79 72.50019
68 80 19.65323
68 81 32.82263
68 82 49.20178
68 83 54.55349
68 84 23.56618
68 85 24.21516
68 86 53.41908
68 87 67.88659
68 88 62.98431
68 89 46.11909
68 90 36.14518
68 91 35.20067
68 92 20.23630
68 93 75.27173
68 94 52.13525
68 95 76.68807
68 96 58.76277
68 97 43.16477
68 98 30.88684
68 99 46.69342
69 70 70.34743
69 71 87.15856
69 72 87.17311
69 73 99.28680
69 74 74.02253
69 75 45.21134
69 76 47.74099
69 77 18.33142
69 78 59.40019
69 79 118.95228
69 80 55.07806
69 81 15.88412
69 82 87.31571
69 83 98.09318
69 84 36.89037
69 85 50.83683
69 86 93.26711
69 87 79.28102
69 88 110.69903
69 89 91.95634
69 90 47.16258
69 91 36.17244
69 92 68.13579
69 93 122.32868
69 94 90.64253
69 95 123.21106
69 96 107.18883
69 97 15.63909
69 98 18.22877
69 99 15.22541
70 71 89.15466
70 72 34.06158
70 73 29.08039
70 74 35.20709
70 75 25.40105
70 76 30.43758
70 77 52.30125
70 78 26.10149
70 79 54.52482
70 80 17.56339
70 81 58.04624
70 82 17.13175
70 83 31.01874
70 84 33.46221
70 85 60.07689
70 86 76.72961
70 87 39.36679
70 88 51.21219
70 89 30.34590
70 90 72.32960
70 91 37.51303
70 92 40.28315
70 93 59.14087
70 94 20.45333
70 95 58.59425
70 96 60.23032
70 97 71.93142
70 98 53.23805
70 99 75.14047
71 72 68.37519
71 73 102.08501
71 74 56.36751
71 75 84.65467
71 76 98.08274
71 77 79.37198
71 78 104.70611
71 79 95.45709
71 80 76.34229
71 81 74.34761
71 82 95.35502
71 83 90.89019
71 84 80.48885
71 85 38.59692
71 86 23.16821
71 87 125.46480
71 88 82.39656
71 89 79.70362
71 90 40.38557
71 91 91.78214
71 92 49.16149
71 93 94.84635
71 94 97.09244
71 95 98.32517
71 96 63.21310
71 97 72.83539
71 98 76.87314
71 99 75.11934
72 73 34.26477
72 74 15.82495
72 75 50.29636
72 76 60.81291
72 77 69.44206
72 78 59.52951
72 79 33.67807
72 80 36.15900
72 81 71.79676
72 82 30.41037
72 83 22.51538
72 84 54.41691
72 85 54.00827
72 86 49.99867
72 87 72.72524
72 88 23.61790
72 89 11.33162
72 90 68.33515
72 91 63.53817
72 92 24.91802
72 93 36.00342
72 94 31.03205
72 95 37.73989
72 96 26.21591
72 97 82.51726
72 98 69.01091
72 99 86.04850
73 74 46.25468
73 75 54.48142
73 76 57.97219
73 77 81.11110
73 78 50.35125
73 79 32.33277
73 80 44.88880
73 81 86.39809
73 82 11.97718
73 83 13.16195
73 84 62.41158
73 85 81.35447
73 86 84.25885
73 87 52.44217
73 88 35.79572
73 89 23.25191
73 90 95.06386
73 91 66.32991
73 92 54.79931
73 93 37.65058
73 94 8.64734
73 95 35.53130
73 96 53.78742
73 97 99.84528
73 98 81.86420
73 99 103.17620
74 75 42.83456
74 76 55.31957
74 77 57.05361
74 78 57.11343
74 79 49.39624
74 80 29.23823
74 81 58.28349
74 82 38.99168
74 83 36.47265
74 84 44.63693
74 85 38.19468
74 86 41.62327
74 87 74.26598
74 88 38.53884
74 89 25.75005
74 90 52.51977
74 91 55.21867
74 92 9.18683
74 93 51.40133
74 94 40.75674
74 95 53.39018
74 96 33.67899
74 97 67.94295
74 98 56.20793
74 99 71.46768
75 76 13.60037
75 77 27.59319
75 78 21.14682
75 79 77.70845
75 80 14.17963
75 81 34.27831
75 82 42.52524
75 83 55.08366
75 84 8.88659
75 85 48.59170
75 86 78.78485
75 87 43.44969
75 88 71.94241
75 89 51.33518
75 90 57.33833
75 91 13.33335
75 92 42.40510
75 93 81.83022
75 94 45.85064
75 95 81.92290
75 96 75.16226
75 97 48.66239
75 98 28.96906
75 99 51.59048
76 77 32.92257
76 78 11.68692
76 79 84.93851
76 80 26.08161
76 81 40.81823
76 82 46.60733
76 83 61.45325
76 84 18.70369
76 85 61.40326
76 86 92.32293
76 87 33.14232
76 88 80.85260
76 89 59.87600
76 90 68.97988
76 91 11.72307
76 92 55.68174
76 93 89.48440
76 94 49.75088
76 95 89.02450
76 96 86.49965
76 97 55.03190
76 98 35.13297
76 99 57.43408
77 78 44.44373
77 79 100.77372
77 80 36.74878
77 81 8.12451
77 82 69.15631
77 83 79.76433
77 84 18.91477
77 85 40.91072
77 86 81.35306
77 87 65.92006
77 88 92.83646
77 89 73.77242
77 90 42.54207
77 91 21.35671
77 92 52.11214
77 93 104.24947
77 94 72.47685
77 95 105.03505
77 96 90.61845
77 97 22.10954
77 98 2.78487
77 99 24.60149
78 79 79.62134
78 80 29.07793
78 81 52.22549
78 82 39.91404
78 83 55.94773
78 84 28.62808
78 85 69.58162
78 86 96.61540
78 87 22.40077
78 88 77.23039
78 89 56.43535
78 90 78.44794
78 91 23.39784
78 92 59.29529
78 93 84.47918
78 94 42.75461
78 95 83.52757
78 96 85.72514
78 97 66.53794
78 98 46.55511
78 99 69.01499
79 80 64.75242
79 81 104.10691
79 82 40.00346
79 83 23.67899
79 84 83.83220
79 85 87.37706
79 86 73.59732
79 87 84.62530
79 88 13.06947
79 89 27.00155
79 90 101.68223
79 91 90.85284
79 92 58.29008
79 93 5.34056
79 94 37.61794
79 95 4.26198
79 96 34.15268
79 97 115.61658
79 98 100.73559
79 99 119.13704
80 81 41.54871
80 82 33.11764
80 83 43.06296
80 84 19.08008
80 85 43.86837
80 86 67.55284
80 87 49.12283
80 88 58.19719
80 89 37.95378
80 90 55.33202
80 91 27.37932
80 92 30.29006
80 93 68.60922
80 94 36.36928
80 95 69.00396
80 96 61.02505
80 97 54.98798
80 98 37.21705
80 99 58.29786
81 82 74.53845
81 83 84.01793
81 84 25.39666
81 85 36.56403
81 86 78.39692
81 87 73.90171
81 88 95.39320
81 89 77.19128
81 90 36.00698
81 91 29.37145
81 92 52.25605
81 93 107.28268
81 94 77.82655
81 95 108.35224
81 96 91.33209
81 97 14.44668
81 98 5.68601
81 99 17.31434
82 83 16.63436
82 84 50.43641
82 85 71.53082
82 86 79.37041
82 87 45.84138
82 88 39.80646
82 89 21.56337
82 90 84.86696
82 91 54.52562
82 92 46.70313
82 93 45.04738
82 94 3.33015
82 95 43.77620
82 96 54.06176
82 97 88.10512
82 98 69.94299
82 99 91.40683
83 84 61.91331
83 85 73.64841
83 86 72.08529
83 87 62.25535
83 88 23.63330
83 89 11.18785
83 90 87.77864
83 91 67.96967
83 92 45.51840
83 93 28.56291
83 94 14.76951
83 95 27.64839
83 96 40.63850
83 97 96.59198
83 98 80.07481
83 99 100.04546
84 85 43.03031
84 86 76.98463
84 87 51.00543
84 88 77.04966
84 89 57.01078
84 90 50.28760
84 91 11.63969
84 92 42.34123
84 93 87.67132
84 94 53.76497
84 95 88.08317
84 96 78.00566
84 97 39.77590
84 98 20.13813
84 99 42.71054
85 86 42.58139
85 87 91.51170
85 88 75.82612
85 89 63.55017
85 90 14.32713
85 91 53.86870
85 92 29.11709
85 93 88.96983
85 94 74.17594
85 95 91.26365
85 96 64.70741
85 97 38.62592
85 98 38.49869
85 99 41.68228
86 87 115.36200
86 88 60.55388
86 89 61.11470
86 90 51.15714
86 91 88.61963
86 92 37.36187
86 93 72.54496
86 94 80.54516
86 95 76.18673
86 96 40.45242
86 97 81.09197
86 98 79.31424
86 99 84.02415
87 88 85.64691
87 89 66.52711
87 90 100.78802
87 91 44.56386
87 92 78.17308
87 93 89.88877
87 94 47.49882
87 95 87.95718
87 96 98.43780
87 97 87.98650
87 98 68.21705
87 99 90.23317
88 89 20.98581
88 90 90.04375
88 91 85.27214
88 92 47.00571
88 93 13.22042
88 94 38.32430
88 95 16.11419
88 96 21.66437
88 97 106.08110
88 98 92.50306
88 99 109.61287
89 90 77.80539
89 91 64.62504
89 92 34.90822
89 93 30.66079
89 94 21.34430
89 95 31.26267
89 96 32.49849
89 97 89.00084
89 98 73.74464
89 99 92.50564
90 91 59.75009
90 92 43.44177
90 93 103.21175
90 94 87.63608
90 95 105.55184
90 96 78.09799
90 97 32.47417
90 98 39.79681
90 99 34.74142
91 92 53.63395
91 93 95.05165
91 94 57.80713
91 95 95.04892
91 96 88.09338
91 97 43.43330
91 98 23.69734
91 99 45.76219
92 93 60.04744
92 94 48.76479
92 95 62.21531
92 96 39.15859
92 97 60.71972
92 98 50.90125
92 99 64.21239
93 94 42.75429
93 95 4.13906
93 96 32.37937
93 97 118.43645
93 98 104.09991
93 99 121.96513
94 95 41.27444
94 96 53.67989
94 97 91.35517
94 98 73.25170
94 99 94.66644
95 96 36.21392
95 97 119.81942
95 98 104.99334
95 99 123.34149
96 97 99.70023
96 98 89.64791
96 99 103.16321
97 98 20.03038
97 99 3.53177
98 99 22.73254
71.3592 18.8852
68.4209 79.1836
15.3037 90.1923
92.6036 75.2519
18.3904 42.1421
25.2711 90.6731
37.9547 32.8251
25.6912 28.4772
10.6528 1.6811
8.6993 82.3096
14.5616 42.2538
61.3178 94.3565
10.4967 34.9137
14.0006 98.3057
26.9223 92.2216
18.8131 8.0293
50.5659 7.0179
56.8484 59.8886
0.2824 59.0692
90.4760 9.5044
40.1687 84.5441
31.0237 15.3160
41.9924 5.8585
59.5399 32.7142
41.9436 7.6283
78.8766 0.3990
60.1313 93.2124
76.1971 10.0829
70.4951 95.9152
38.0582 87.1201
93.8581 17.0328
75.5453 63.8436
76.7412 14.0061
93.4374 64.9862
65.3314 61.0396
21.6506 40.8069
77.5438 78.3652
23.9203 66.3698
5.0192 62.8759
64.9194 28.8439
68.3174 92.9235
28.7269 66.8955
55.0315 54.2269
95.6698 72.4026
96.5306 28.8563
21.2843 12.8656
38.7429 39.2704
58.2839 42.8940
84.9213 81.1164
13.6474 40.0292
17.4411 69.8918
81.1300 68.9653
19.6944 74.2717
41.3834 50.2225
33.4174 76.5961
8.7589 91.6769
73.3076 6.6633
82.0353 40.9533
26.1512 4.9881
26.1231 33.9818
36.0369 15.9837
72.0653 98.4950
81.7770 89.8933
9.4596 22.4136
93.8320 80.0108
97.3915 95.7893
92.7225 73.5968
75.9086 71.8818
52.9800 61.1763
94.3581 86.5996
59.4139 25.5450
7.9995 98.3812
26.0561 32.4333
42.1187 2.1667
31.6753 47.2270
74.4919 45.9868
86.4550 39.5173
82.9475 72.2525
85.4110 27.8771
9.7952 2.9410
60.6161 43.0672
79.9931 79.8208
48.7221 12.1591
32.1469 10.7574
75.6659 54.7955
43.6154 83.5074
1.6850 76.0901
94.3072 7.3186
9.1006 15.9920
29.3276 21.5842
48.3623 97.0253
86.7482 51.2367
33.3500 56.2599
4.4954 3.5996
46.8541 9.4022
6.6496 0.0653
0.0409 35.6711
80.7176 94.2493
80.9772 74.2206
83.1033 96.8535
