50
0 1 85.81065
0 2 37.64290
0 3 76.40424
0 4 18.67708
0 5 66.01738
0 6 35.52855
0 7 87.09776
0 8 17.11369
0 9 96.17694
0 10 36.16039
0 11 20.61626
0 12 100.00442
0 13 27.74003
0 14 70.57873
0 15 79.01377
0 16 71.24678
0 17 80.23851
0 18 63.28780
0 19 27.48658
0 20 85.94689
0 21 29.05920
0 22 72.70924
0 23 88.64908
0 24 63.48962
0 25 29.56459
0 26 74.25288
0 27 43.05924
0 28 110.43892
0 29 92.45546
0 30 91.05074
0 31 97.25183
0 32 38.66906
0 33 43.50777
0 34 85.94931
0 35 83.92727
0 36 63.41432
0 37 105.25675
0 38 38.25402
0 39 64.12588
0 40 71.97547
0 41 81.73911
0 42 68.04656
0 43 53.90393
0 44 87.33200
0 45 7.50982
0 46 65.82774
0 47 71.92727
0 48 73.00379
0 49 76.17411
1 2 51.88298
1 3 62.88440
1 4 71.49061
1 5 38.30932
1 6 50.31296
1 7 48.94124
1 8 70.28537
1 9 52.88749
1 10 50.20390
1 11 71.26734
1 12 14.99600
1 13 63.36288
1 14 78.26659
1 15 17.58026
1 16 48.29162
1 17 50.76494
1 18 27.71675
1 19 60.31138
1 20 46.30847
1 21 81.38934
1 22 16.39345
1 23 38.75267
1 24 25.03617
1 25 60.16736
1 26 57.48758
1 27 66.82772
1 28 27.52378
1 29 14.12225
1 30 10.60934
1 31 26.13742
1 32 75.05153
1 33 43.15910
1 34 42.24581
1 35 37.79635
1 36 30.55787
1 37 35.74437
1 38 52.94246
1 39 63.90087
1 40 47.17738
1 41 19.45429
1 42 20.96894
1 43 44.10902
1 44 36.10866
1 45 78.31979
1 46 27.49585
1 47 14.15287
1 48 36.52088
1 49 11.17245
2 3 45.47789
2 4 20.38797
2 5 28.79531
2 6 13.71802
2 7 70.72862
2 8 20.56733
2 9 79.24166
2 10 7.77703
2 11 32.48902
2 12 64.81048
2 13 11.55888
2 14 47.98708
2 15 50.51900
2 16 57.64942
2 17 45.21790
2 18 37.23906
2 19 10.18413
2 20 68.66898
2 21 47.96054
2 22 42.57465
2 23 51.37178
2 24 27.41295
2 25 26.27772
2 26 64.85941
2 27 21.83080
2 28 74.09394
2 29 61.59440
2 30 59.33660
2 31 69.47853
2 32 26.98154
2 33 20.15055
2 34 66.89633
2 35 46.67818
2 36 25.92731
2 37 67.63069
2 38 27.79722
2 39 35.73823
2 40 36.54599
2 41 44.54087
2 42 38.98095
2 43 17.00848
2 44 49.89472
2 45 30.47844
2 46 28.53005
2 47 39.41374
2 48 35.70726
2 49 44.29240
3 4 58.05858
3 5 26.74750
3 6 58.27714
3 7 103.26338
3 8 60.98944
3 9 110.06352
3 10 52.55098
3 11 77.44645
3 12 67.16614
3 13 50.13401
3 14 18.76277
3 15 73.54634
3 16 94.40145
3 17 13.85575
3 18 68.41887
3 19 53.38150
3 20 100.72239
3 21 93.13007
3 22 65.81170
3 23 30.51686
3 24 45.32341
3 25 71.69651
3 26 103.20786
3 27 33.69329
3 28 68.71148
3 29 76.93168
3 30 73.47212
3 31 88.60526
3 32 40.57124
3 33 61.20927
3 34 97.59113
3 35 28.08664
3 36 37.14922
3 37 50.84739
3 38 71.87972
3 39 12.69643
3 40 15.88209
3 41 44.04083
3 42 65.46409
3 43 31.11611
3 44 31.84941
3 45 70.93255
3 46 39.03136
3 47 59.48019
3 48 26.41564
3 49 63.47200
4 5 47.78103
4 6 23.65019
4 7 82.15235
4 8 4.45337
4 9 91.14109
4 10 21.56036
4 11 24.17884
4 12 84.90111
4 13 9.33505
4 14 53.94276
4 15 67.68302
4 16 67.19057
4 17 61.56188
4 18 52.75044
4 19 11.20038
4 20 80.51692
4 21 38.92171
4 22 60.38189
4 23 70.34126
4 24 47.59747
4 25 25.97578
4 26 72.39647
4 27 25.37464
4 28 94.44898
4 29 80.01903
4 30 78.10862
4 31 86.58829
4 32 23.16830
4 33 32.68536
4 34 79.62508
4 35 65.61770
4 36 46.23822
4 37 87.63529
4 38 32.86453
4 39 46.02593
4 40 53.32049
4 41 64.91144
4 42 56.16212
4 43 35.64764
4 44 69.14650
4 45 12.92167
4 46 48.90169
4 47 58.29324
4 48 54.76906
4 49 62.95946
5 6 37.95805
5 7 76.53619
5 8 48.93154
5 9 83.32542
5 10 33.35933
5 11 60.34325
5 12 46.17300
5 13 38.45506
5 14 40.10237
5 15 47.03169
5 16 68.17816
5 17 19.25343
5 18 41.91585
5 19 38.87822
5 20 73.98692
5 21 75.14939
5 22 39.14506
5 23 22.63902
5 24 18.59546
5 25 52.01488
5 26 77.19750
5 27 32.43432
5 28 51.78529
5 29 51.87315
5 30 48.58337
5 31 63.02889
5 32 41.34817
5 33 38.00411
5 34 70.84377
5 35 17.92317
5 36 10.44820
5 37 40.54275
5 38 49.81396
5 39 25.60314
5 40 11.49816
5 41 22.09185
5 42 38.72130
5 43 12.13575
5 44 21.36593
5 45 59.08246
5 46 12.33402
5 47 32.91286
5 48 6.99128
5 49 37.13974
6 7 59.54733
6 8 21.11490
6 9 68.37724
6 10 5.95837
6 11 23.15192
6 12 64.67058
6 13 18.95165
6 14 61.70332
6 15 44.35657
6 16 45.43974
6 17 56.22157
6 18 29.14771
6 19 13.51613
6 20 57.71804
6 21 37.26773
6 22 37.47923
6 23 59.41356
6 24 29.31509
6 25 14.06279
6 26 51.99493
6 27 34.99720
6 28 75.56183
6 29 57.26279
6 30 55.67505
6 31 63.13142
6 32 38.71917
6 33 9.04149
6 34 56.48898
6 35 54.93351
6 36 31.60489
6 37 72.88639
6 38 14.08266
6 39 49.22403
6 40 47.56600
6 41 48.26956
6 42 32.99727
6 43 27.87087
6 44 57.49828
6 45 28.06609
6 46 33.24513
6 47 36.39905
6 48 44.28244
6 49 40.69367
7 8 78.60537
7 9 9.09151
7 10 64.07604
7 11 66.69122
7 12 58.90515
7 13 78.49197
7 14 113.98365
7 15 32.08692
7 16 15.96302
7 17 94.07756
7 18 35.36842
7 19 73.02410
7 20 2.66377
7 21 66.89585
7 22 38.23599
7 23 85.85109
7 24 57.94329
7 25 58.00943
7 26 17.46314
7 27 92.23673
7 28 71.20109
7 29 38.98737
7 30 41.60150
7 31 30.67239
7 32 97.60314
7 33 51.00552
7 34 6.73644
7 35 83.70981
7 36 66.11432
7 37 84.46242
7 38 49.75984
7 39 99.43954
7 40 87.81761
7 41 66.04069
7 42 37.83196
7 43 74.97015
7 44 83.13383
7 45 81.20612
7 46 64.37664
7 47 44.77731
7 48 78.38670
7 49 42.04811
8 9 87.63321
8 10 20.08244
8 11 19.76794
8 12 84.05047
8 13 11.02786
8 14 57.78100
8 15 65.45946
8 16 63.45622
8 17 63.68375
8 18 50.22463
8 19 10.49198
8 20 77.04332
8 21 34.69799
8 22 58.42677
8 23 71.56939
8 24 47.02311
8 25 21.79077
8 26 68.40308
8 27 29.00389
8 28 94.02361
8 29 78.17202
8 30 76.42099
8 31 84.24475
8 32 27.44454
8 33 30.01964
8 34 76.30310
8 35 66.85020
8 36 46.43556
8 37 88.19790
8 38 29.03760
8 39 49.22459
8 40 55.27239
8 41 64.91014
8 42 54.04569
8 43 36.83752
8 44 70.22765
8 45 10.26976
8 46 48.93415
8 47 56.77784
8 48 55.91310
8 49 61.31313
9 10 72.76043
9 11 75.74798
9 12 60.99774
9 13 87.29738
9 14 121.53486
9 15 37.26125
9 16 24.97865
9 17 100.24720
9 18 43.11607
9 19 81.87891
9 20 10.65935
9 21 75.55619
9 22 44.36302
9 23 90.92868
9 24 64.82713
9 25 67.09943
9 26 24.99150
9 27 100.58288
9 28 72.60075
9 29 41.22489
9 30 44.28656
9 31 30.92663
9 32 106.18443
9 33 59.72377
9 34 12.65048
9 35 89.15216
9 36 72.99689
9 37 87.62112
9 38 58.83157
9 39 106.89491
9 40 94.41733
9 41 71.07261
9 42 44.71283
9 43 82.59938
9 44 88.22006
9 45 90.29763
9 46 71.03605
9 47 50.84094
9 48 84.64168
9 49 47.51268
10 11 26.99472
10 12 64.03100
10 13 14.93704
10 14 55.75112
10 15 46.32734
10 16 50.48295
10 17 51.09013
10 18 31.91335
10 19 10.42881
10 20 62.12517
10 21 41.90465
10 22 38.86396
10 23 55.38104
10 24 27.34637
10 25 19.26773
10 26 57.40592
10 27 29.31814
10 28 74.27995
10 29 58.46223
10 30 56.55573
10 31 65.30261
10 32 33.61631
10 33 13.08044
10 34 60.61674
10 35 50.79687
10 36 28.17298
10 37 70.01334
10 38 20.03962
10 39 43.29898
10 40 42.39777
10 41 45.86448
10 42 34.75222
10 43 22.59114
10 44 53.62386
10 45 28.67098
10 46 30.22369
10 47 36.78313
10 48 39.95425
10 49 41.41005
11 12 86.08756
11 13 28.38956
11 14 76.60414
11 15 61.73470
11 16 50.77765
11 17 77.65767
11 18 45.98297
11 19 24.15723
11 20 65.64491
11 21 15.72975
11 22 56.51272
11 23 82.31148
11 24 52.27632
11 25 11.16238
11 26 53.64381
11 27 47.74304
11 28 97.62889
11 29 75.76403
11 30 74.86236
11 31 79.09455
11 32 47.14744
11 33 28.22314
11 34 65.87968
11 35 77.75700
11 36 54.70635
11 37 95.99898
11 38 19.41107
11 39 66.60962
11 40 68.96686
11 41 71.28206
11 42 51.64544
11 43 49.22535
11 44 80.48454
11 45 16.07375
11 46 56.39690
11 47 57.11510
11 48 66.94373
11 49 60.72115
12 13 76.36934
12 14 84.33085
12 15 30.49268
12 16 61.09398
12 17 53.76078
12 18 42.58035
12 19 73.83159
12 20 56.41760
12 21 96.38467
12 22 31.18372
12 23 38.61940
12 24 37.39961
12 25 75.02743
12 26 69.90068
12 27 77.33385
12 28 13.01718
12 29 19.94255
12 30 17.41171
12 31 30.59376
12 32 85.95767
12 33 57.89963
12 34 52.21184
12 35 39.49284
12 36 40.91863
12 37 27.57882
12 38 67.91431
12 39 70.80662
12 40 52.53116
12 41 24.17520
12 42 35.88442
12 43 54.53229
12 44 36.43315
12 45 92.49559
12 46 37.81198
12 47 29.03494
12 48 42.29232
12 49 26.10489
13 14 48.22658
13 15 61.03477
13 16 64.30681
13 17 52.67844
13 18 46.84487
13 19 5.74240
13 20 76.64023
13 21 44.02456
13 22 53.34722
13 23 61.03419
13 24 38.97132
13 25 26.33556
13 26 70.50411
13 27 19.41344
13 28 85.56364
13 29 72.68509
13 30 70.55571
13 31 80.03321
13 32 20.54264
13 33 27.64177
13 34 75.31184
13 35 56.31005
13 36 37.09319
13 37 78.32997
13 38 31.17381
13 39 38.62740
13 40 44.30732
13 41 55.81899
13 42 49.44087
13 43 26.31980
13 44 59.81889
13 45 21.26379
13 46 39.83195
13 47 50.62954
13 48 45.44477
13 49 55.43888
14 15 86.51224
14 16 103.17845
14 17 32.38774
14 18 78.61535
14 19 52.96143
14 20 111.58280
14 21 92.16720
14 22 78.33222
14 23 49.04945
14 24 57.33379
14 25 73.41686
14 26 111.31052
14 27 28.88243
14 28 86.90496
14 29 91.96284
14 30 88.64570
14 31 103.09900
14 32 31.95222
14 33 66.99213
14 34 108.89058
14 35 46.20997
14 36 49.45784
14 37 69.55930
14 38 75.78426
14 39 14.74016
14 40 31.80040
14 41 60.47263
14 42 77.01306
14 43 39.01653
14 44 50.16617
14 45 66.58080
14 46 52.02419
14 47 72.45622
14 48 42.22464
14 49 76.95067
15 16 30.84286
15 17 63.13103
15 18 15.80568
15 19 56.72600
15 20 29.42387
15 21 69.31384
15 22 8.35697
15 23 53.84491
15 24 29.20135
15 25 50.68020
15 26 39.94731
15 27 69.48366
15 28 43.50878
15 29 14.30303
15 30 14.38093
15 31 18.99925
15 32 76.62851
15 33 35.66347
15 34 25.57170
15 35 51.91328
15 36 37.09047
15 37 53.28221
15 38 42.38281
15 39 71.77401
15 40 57.72476
15 41 33.99675
15 42 11.59389
15 43 48.59664
15 44 51.12863
15 45 71.79332
15 46 34.72413
15 47 14.12329
15 48 47.64168
15 49 10.26834
16 17 86.82150
16 18 26.46204
16 19 58.68501
16 20 15.24723
16 21 51.22490
16 22 33.75118
16 23 81.17800
16 24 49.96783
16 25 42.40676
16 26 9.45192
16 27 79.45765
16 28 74.05243
16 29 42.49504
16 30 44.03498
16 31 38.31996
16 32 84.06611
16 33 37.51407
16 34 16.67972
16 35 78.30057
16 36 57.82245
16 37 83.69404
16 38 34.42953
16 39 89.01797
16 40 79.67436
16 41 62.10529
16 42 31.35386
16 43 64.46405
16 44 78.51110
16 45 65.50447
16 46 56.71380
16 47 39.76005
16 48 71.27018
16 49 38.74595
17 18 60.38114
17 19 54.59186
17 20 91.46605
17 21 92.93689
17 22 55.94280
17 23 16.68311
17 24 36.85391
17 25 70.23045
17 26 95.98366
17 27 40.06144
17 28 54.86798
17 29 64.88706
17 30 61.36336
17 31 76.82673
17 32 48.30262
17 33 57.10231
17 34 88.05001
17 35 14.35841
17 36 29.14006
17 37 37.21821
17 38 68.73330
17 39 22.35361
17 40 8.69890
17 41 31.43923
17 42 56.41026
17 43 28.50897
17 44 18.00810
17 45 73.94031
17 46 30.11701
17 47 49.42525
17 48 15.70078
17 49 52.87593
18 19 42.09114
18 20 32.97892
18 21 54.31311
18 22 11.40596
18 23 55.17582
18 24 23.53411
18 25 34.89636
18 26 35.73399
18 27 57.86753
18 28 55.23994
18 29 29.79647
18 30 29.10683
18 31 34.09682
18 32 64.11284
18 33 20.21522
18 34 30.48548
18 35 52.06462
18 36 31.49425
18 37 60.27871
18 38 26.70505
18 39 64.08254
18 40 53.38467
18 41 36.85410
18 42 6.78463
18 43 39.60355
18 44 52.55676
18 45 56.12675
18 46 30.26497
18 47 15.14629
18 48 44.80897
18 49 16.54973
19 20 71.21963
19 21 39.88635
19 22 49.29269
19 23 61.49436
19 24 36.64544
19 25 20.85166
19 26 64.78698
19 27 24.44774
19 28 83.61640
19 29 68.87433
19 30 66.92771
19 31 75.68511
19 32 26.25175
19 33 22.42235
19 34 70.00314
19 35 56.79025
19 36 35.95698
19 37 77.77018
19 38 25.43205
19 39 42.45965
19 40 46.01049
19 41 54.41935
19 42 45.16264
19 43 26.91648
19 44 60.05486
19 45 20.29439
19 46 38.44233
19 47 47.09646
19 48 45.82307
19 49 51.77689
20 21 66.45460
20 22 35.60002
20 23 83.18890
20 24 55.39904
20 25 56.69773
20 26 18.21340
20 27 90.09573
20 28 68.78147
20 29 36.52525
20 30 39.08058
20 31 28.57288
20 32 95.58783
20 33 49.07809
20 34 4.20852
20 35 81.05565
20 36 63.57407
20 37 81.85937
20 38 48.33518
20 39 97.01385
20 40 85.24758
20 41 63.37723
20 42 35.27019
20 43 72.57868
20 44 80.47163
20 45 79.92545
20 46 61.80600
20 47 42.14183
20 48 75.77903
20 49 39.38730
21 22 65.57990
21 23 96.63710
21 24 65.21813
21 25 23.37836
21 26 51.25656
21 27 63.28498
21 28 108.56323
21 29 83.61663
21 30 83.30948
21 31 84.85056
21 32 62.08984
21 33 40.09262
21 34 67.66781
21 35 92.18695
21 36 68.68054
21 37 109.01943
21 38 28.66669
21 39 82.33895
21 40 84.23804
21 41 84.09930
21 42 60.72038
21 43 64.43216
21 44 94.66378
21 45 28.11833
21 46 70.04008
21 47 67.47341
21 48 81.54709
21 49 70.36456
22 23 47.99744
22 24 21.00047
22 25 45.35200
22 26 43.18648
22 27 61.18001
22 28 43.90165
22 29 19.78545
22 30 18.41659
22 31 26.97192
22 32 68.42187
22 33 29.21411
22 34 32.10934
22 35 45.58363
22 36 29.01463
22 37 50.28480
22 38 37.55157
22 39 63.59239
22 40 50.08705
22 41 28.50032
22 42 4.89324
22 43 40.25436
22 44 45.29194
22 45 65.35431
22 46 26.81163
22 47 6.54183
22 48 40.29665
22 49 5.35623
23 24 33.36032
23 25 73.27919
23 26 90.60674
23 27 52.52981
23 28 38.36651
23 29 52.50789
23 30 48.95909
23 31 64.66964
23 32 61.31450
23 33 57.69541
23 34 79.40889
23 35 4.72420
23 36 28.06751
23 37 20.81143
23 38 69.82205
23 39 38.00274
23 40 19.86372
23 41 19.86223
23 42 49.82663
23 43 34.74674
23 44 2.71732
23 45 81.71921
23 46 27.23461
23 47 41.61094
23 48 15.67157
23 49 43.80863
24 25 42.03978
24 26 59.15346
24 27 42.06507
24 28 47.00558
24 29 36.63410
24 30 33.80588
24 31 46.60420
24 32 50.10243
24 33 25.22198
24 34 52.29887
24 35 29.62141
24 36 8.17888
24 37 43.83974
24 38 37.22555
24 39 42.59365
24 40 29.95996
24 41 19.00895
24 42 20.14812
24 43 19.83118
24 44 30.96109
24 45 56.01117
24 46 6.76172
24 47 15.27858
24 48 21.35650
24 49 20.04849
25 26 46.74264
25 27 45.24041
25 28 86.69798
25 29 64.64919
25 30 63.71026
25 31 68.29307
25 32 46.75674
25 33 17.31683
25 34 56.49365
25 35 68.85294
25 36 45.30278
25 37 85.87934
25 38 8.71174
25 39 61.91034
25 40 61.55744
25 41 61.01335
25 42 40.48743
25 43 41.79274
25 44 71.28985
25 45 23.23329
25 46 46.68296
25 47 46.02094
25 48 58.28440
25 49 49.57032
26 27 86.67247
26 28 82.78248
26 29 50.83433
26 30 52.65057
26 31 45.27400
26 32 90.69064
26 33 44.77770
26 34 21.34600
26 35 87.69079
26 36 66.90642
26 37 93.01275
26 38 39.62753
26 39 97.35523
26 40 88.69384
26 41 71.55713
26 42 40.79084
26 43 72.90669
26 44 87.94381
26 45 69.16690
26 46 65.91212
26 47 49.21192
26 48 80.49470
26 49 48.14267
27 28 84.06282
27 29 78.63640
27 30 75.86763
27 31 87.98535
27 32 8.92655
27 33 41.97879
27 34 88.09564
27 35 48.05917
27 36 36.55804
27 37 72.32906
27 38 48.75507
27 39 21.16155
27 40 33.09855
27 41 53.93810
27 42 58.38801
27 43 22.85839
27 44 52.12745
27 45 38.23609
27 46 39.68603
27 47 56.68483
27 48 38.56268
27 49 61.64405
28 29 32.30181
28 30 30.14690
28 31 41.71946
28 32 92.91332
28 33 69.41788
28 34 64.57505
28 35 40.70810
28 36 48.80959
28 37 21.16178
28 38 79.95178
28 39 74.49071
28 40 55.69834
28 41 30.27001
28 42 48.48389
28 43 61.81188
28 44 36.86238
28 45 102.94284
28 46 45.87779
28 47 41.10211
28 48 46.54324
28 49 38.69182
29 30 3.55590
29 31 12.16321
29 32 86.44969
29 33 48.94769
29 34 32.31676
29 35 51.80958
29 36 43.31090
29 37 46.48103
29 38 56.49763
29 39 77.45540
29 40 61.16540
29 41 33.53940
29 42 24.41342
29 43 56.39583
29 44 49.91463
29 45 85.12151
29 46 40.40084
29 47 22.24176
29 48 50.53066
29 49 17.31054
30 31 15.71069
30 32 83.80034
30 33 47.59603
30 34 34.88332
30 35 48.25525
30 36 40.23109
30 37 43.33541
30 38 55.74902
30 39 74.18228
30 40 57.73224
30 41 29.99607
30 42 23.23516
30 43 53.46669
30 44 46.36263
30 45 83.66205
30 46 37.27426
30 47 19.93132
30 48 47.08609
30 49 15.15108
31 32 95.36687
31 33 54.28739
31 34 24.55884
31 35 63.91658
31 36 53.89475
31 37 57.92047
31 38 59.71052
31 39 88.46827
31 40 72.76567
31 41 45.59165
31 42 30.59276
31 43 66.40608
31 44 62.07248
31 45 90.16929
31 46 51.15010
31 47 31.42727
31 48 62.19353
31 49 26.55934
32 33 46.68238
32 34 93.87227
32 35 56.88630
32 36 45.07214
32 37 81.22419
32 38 51.64371
32 39 27.88133
32 40 41.72660
32 41 62.73890
32 42 65.29467
32 43 31.42627
32 44 60.97761
32 45 35.15071
32 46 48.19549
32 47 64.31524
32 48 47.48480
32 49 69.28793
33 34 47.67152
33 35 53.50748
33 36 29.70417
33 37 68.94123
33 38 12.12978
33 39 53.58221
33 40 48.72343
33 41 44.01355
33 42 24.54083
33 43 30.09356
33 44 55.50709
33 45 36.19310
33 46 30.54224
33 47 29.02102
33 48 43.51842
33 49 32.91509
34 35 77.37868
34 36 60.47634
34 37 77.73198
34 38 47.96192
34 39 94.25876
34 40 82.01533
34 41 59.56733
34 42 32.15605
34 43 69.94906
34 44 76.69200
34 45 79.70775
34 46 58.59254
34 47 38.63915
34 48 72.39020
34 49 35.66035
35 36 23.80706
35 37 24.65531
35 38 65.61677
35 39 34.39407
35 40 15.82322
35 41 18.39287
35 42 47.03116
35 43 30.02405
35 44 4.20150
35 45 77.00558
35 46 23.24827
35 47 39.09329
35 48 10.97092
35 49 41.72257
36 37 41.93530
36 38 41.80975
36 39 34.73427
36 40 21.89080
36 41 18.74954
36 42 28.32699
36 43 13.70042
36 44 25.99857
36 45 56.10001
36 46 3.12810
36 47 23.00289
36 48 14.13605
36 49 27.52300
37 38 80.74058
37 39 58.81054
37 40 40.46372
37 41 24.93173
37 42 53.77461
37 43 52.34457
37 44 20.45907
37 45 97.99600
37 46 39.79775
37 47 45.15197
37 48 33.88668
37 49 45.06391
38 39 63.22105
38 40 60.22449
38 41 55.81864
38 42 32.65852
38 43 40.98788
38 44 67.63681
38 45 31.76937
38 46 42.66928
38 47 38.91188
38 48 55.52930
38 49 42.06611
39 40 18.80541
39 41 46.70003
39 42 62.31343
39 43 24.58656
39 44 38.56053
39 45 58.94620
39 46 37.34183
39 47 57.72561
39 48 28.51910
39 49 62.24401
40 41 28.75390
40 42 49.98675
40 43 19.81203
40 44 20.02456
40 45 65.54085
40 46 23.44163
40 47 43.69884
40 48 10.66244
40 49 47.61456
41 42 30.89845
41 43 31.54288
41 44 17.14999
41 45 74.33448
41 46 16.01107
41 47 22.34845
41 48 18.25770
41 49 24.04724
42 43 38.35750
42 44 47.15752
42 45 60.72871
42 46 26.54769
42 47 8.67423
42 48 40.71224
42 49 9.79681
43 44 33.49928
43 45 47.02437
43 46 16.82814
43 47 34.99992
43 48 19.12649
43 49 39.84835
44 45 80.32412
44 46 24.98080
44 47 38.91535
44 48 14.38319
44 49 41.09177
45 46 58.46091
45 47 64.46178
45 48 66.05098
45 49 68.74327
46 47 20.60086
46 48 14.59554
46 49 24.94306
47 48 33.80075
47 49 4.97270
48 49 37.43024
28.2841 97.7650
59.7684 17.9389
53.0076 69.3795
98.4475 67.5209
43.9967 87.6681
76.3261 52.4852
40.2586 64.3152
11.1450 12.3702
40.1467 85.4298
8.8709 3.5677
45.9133 66.1931
21.7428 78.2140
69.7841 6.7780
50.0361 80.5499
97.9215 86.2763
42.3101 20.0061
12.5942 28.2673
95.5216 53.9776
38.1194 35.2461
45.8475 76.6217
13.7175 13.0615
6.0364 79.0707
46.3324 27.3314
93.2512 37.4497
60.3505 42.9683
26.7546 68.2400
3.1496 27.8955
69.1205 84.1090
81.4245 0.9515
49.8712 7.8650
52.6814 10.0438
39.7057 1.1862
66.6170 92.6773
38.4385 55.4588
17.8810 12.4476
89.8902 40.7696
67.0863 47.6076
95.4933 16.7594
27.0131 59.5321
88.2808 75.1260
87.1537 56.3544
74.6609 30.4562
43.7803 31.5064
67.9637 61.2799
90.6577 36.6388
31.5072 90.9820
66.9404 44.4829
52.3177 29.9718
81.2219 47.4943
51.2124 25.1235
