25
0 1 9.67287
0 2 16.59662
0 3 27.75699
0 4 45.27970
0 5 33.50925
0 6 53.55623
0 7 47.10269
0 8 63.69132
0 9 53.16031
0 10 25.46025
0 11 45.35541
0 12 22.30273
0 13 33.69361
0 14 27.49954
0 15 64.54325
0 16 19.85070
0 17 27.48943
0 18 27.38799
0 19 64.08332
0 20 72.33812
0 21 80.88178
0 22 69.39376
0 23 59.06097
0 24 20.88321
1 2 24.27623
1 3 19.34757
1 4 44.03369
1 5 33.57968
1 6 61.80727
1 7 56.46824
1 8 64.17305
1 9 55.34153
1 10 34.47042
1 11 36.27642
1 12 21.59278
1 13 38.52331
1 14 29.94935
1 15 66.27452
1 16 29.06179
1 17 20.33386
1 18 34.97990
1 19 63.27071
1 20 76.30394
1 21 86.13785
1 22 77.60416
1 23 68.59692
1 24 12.07025
2 3 36.70742
2 4 38.78043
2 5 26.48525
2 6 37.53480
2 7 33.92493
2 8 53.21993
2 9 40.76653
2 10 25.64771
2 11 54.56851
2 12 20.10484
2 13 19.01669
2 14 17.74173
2 15 52.29955
2 16 20.63768
2 17 34.11349
2 18 32.23590
2 19 55.55635
2 20 57.36813
2 21 64.83851
2 22 53.32806
2 23 46.72126
2 24 36.33742
3 4 35.80172
3 5 30.07816
3 6 72.12077
3 7 70.63207
3 8 57.38437
3 9 52.64715
3 10 53.21605
3 11 18.02141
3 12 21.33307
3 13 43.21249
3 14 32.03350
3 15 61.82351
3 16 47.59585
3 17 5.18053
3 18 54.31050
3 19 54.03878
3 20 75.89513
3 21 88.14973
3 22 87.27024
3 23 83.40441
3 24 18.69852
4 5 12.38031
4 6 56.71713
4 7 63.97741
4 8 21.58271
4 9 19.94447
4 10 64.29899
4 11 44.30020
4 12 23.04880
4 13 27.11273
4 14 21.12740
4 15 26.66362
4 16 58.98712
4 17 30.68403
4 18 69.97916
4 19 19.24868
4 20 43.24385
4 21 57.34455
4 22 68.34073
4 23 76.34833
4 24 51.35806
5 6 49.06291
5 7 53.86726
5 8 30.61823
5 9 22.84837
5 10 51.93447
5 11 43.07529
5 12 11.98701
5 13 17.91914
5 14 9.11551
5 15 33.03585
5 16 46.60746
5 17 25.01222
5 18 57.62501
5 19 30.59129
5 20 45.83131
5 21 58.23118
5 22 62.39235
5 23 66.60454
5 24 42.51683
6 7 17.13030
6 8 57.02234
6 9 43.35372
6 10 45.98161
6 11 88.96638
6 12 51.54443
6 13 31.19012
6 14 42.00903
6 15 50.73584
6 16 45.43222
6 17 68.39091
6 18 54.96429
6 19 63.89766
6 20 42.04851
6 21 40.17214
6 22 15.83784
6 23 23.70298
6 24 73.85865
7 8 69.16024
7 9 54.92685
7 10 32.45675
7 11 88.45678
7 12 52.43750
7 13 36.86591
7 14 45.25058
7 15 64.08646
7 16 33.60843
7 17 67.88936
7 18 41.00743
7 19 74.94511
7 20 58.17615
7 21 57.29252
7 22 28.63264
7 23 12.97692
7 24 67.97498
8 9 14.26475
8 10 78.42795
8 11 64.73488
8 12 42.59014
8 13 35.88138
8 14 36.50860
8 15 8.53805
8 16 73.78064
8 17 52.26200
8 18 85.45456
8 19 8.54289
8 20 27.57504
8 21 42.66417
8 22 64.22372
8 23 79.86178
8 24 72.48324
9 10 65.31065
9 11 63.63417
9 12 34.21838
9 13 22.40236
9 14 25.73419
9 15 11.54539
9 16 60.97248
9 17 47.49667
9 18 72.77002
9 19 20.54418
9 20 23.61413
9 21 37.40816
9 22 52.03497
9 23 65.81273
9 24 65.11003
10 11 70.69267
10 12 43.61825
10 13 42.91461
10 14 43.37321
10 15 76.66641
10 16 5.76229
10 17 52.74930
10 18 9.01330
10 19 81.15561
10 20 78.44300
10 21 82.61250
10 22 60.34842
10 23 41.04999
10 24 43.13572
11 12 37.43144
11 13 58.85412
11 14 47.51610
11 15 70.86012
11 16 65.17765
11 17 20.69738
11 18 70.96292
11 19 59.29197
11 20 87.23754
11 21 100.69871
11 22 103.70357
11 23 101.28946
11 24 31.01616
12 13 21.88395
12 14 10.74465
12 15 44.84901
12 16 37.97255
12 17 17.02313
12 18 48.12382
12 19 42.08451
12 20 56.32330
12 21 67.62765
12 22 66.32693
12 23 65.41389
12 24 30.90000
13 14 11.34461
13 15 33.77015
13 16 38.68142
13 17 38.83582
13 18 50.50629
13 19 39.84470
13 20 38.69510
13 21 47.62052
13 22 45.03296
13 23 49.28570
13 24 49.97639
14 15 37.05135
14 16 38.22592
14 17 27.54164
14 18 49.56142
14 19 38.03374
14 20 46.45778
14 21 57.15136
14 22 56.27490
14 23 58.10796
14 24 40.55608
15 16 72.42726
15 17 56.64417
15 18 84.23959
15 19 17.08062
15 20 19.08184
15 21 34.16857
15 22 56.68902
15 23 74.06857
15 24 75.55119
16 17 47.02813
16 18 11.83072
16 19 76.17560
16 20 75.30568
16 21 80.40020
16 22 60.44216
16 23 43.52815
16 24 38.30959
17 18 54.70012
17 19 49.08781
17 20 70.79272
17 21 83.17661
17 22 83.31784
17 23 80.77445
17 24 22.40972
18 19 87.59237
18 20 86.94046
18 21 91.49698
18 22 69.17793
18 23 48.62230
18 24 41.44798
19 20 36.08687
19 21 51.17031
19 22 72.02841
19 23 86.18559
19 24 70.42689
20 21 15.08975
20 22 43.03468
20 23 65.56785
20 24 86.97616
21 22 35.54606
21 23 61.85758
21 24 97.44788
22 23 28.10898
22 24 89.66397
23 24 79.80483
43.6480 18.6820
51.7525 13.4017
40.6961 35.0140
71.0739 14.4076
76.5522 49.7877
65.6153 43.9863
22.8506 68.0352
12.7282 54.2155
79.7891 71.1263
66.1875 66.8275
18.4412 22.2655
87.4313 6.8441
60.7049 33.0512
49.5188 51.8602
56.5574 42.9631
72.9246 76.2034
24.1924 22.6228
71.1225 19.5879
16.7726 13.4080
86.7199 66.1318
59.0955 89.3515
47.8854 99.4527
16.5960 82.5857
0.8029 59.3329
56.7341 2.4074
