100
0 1 60.16670
0 2 92.56995
0 3 19.12816
0 4 60.01980
0 5 55.90227
0 6 71.70935
0 7 75.27693
0 8 3.57722
0 9 23.65262
0 10 25.13336
0 11 46.19742
0 12 57.74805
0 13 82.54365
0 14 41.20301
0 15 93.06853
0 16 70.93089
0 17 14.69129
0 18 38.49608
0 19 17.94845
0 20 23.97922
0 21 10.76367
0 22 46.43169
0 23 62.21943
0 24 19.64722
0 25 33.28251
0 26 23.19872
0 27 79.27745
0 28 103.20087
0 29 85.52829
0 30 28.38436
0 31 54.94816
0 32 11.94760
0 33 43.22030
0 34 72.19986
0 35 42.54043
0 36 34.99184
0 37 39.17526
0 38 77.09835
0 39 77.86122
0 40 48.38020
0 41 34.38511
0 42 62.69152
0 43 67.04034
0 44 51.24012
0 45 72.33009
0 46 77.91496
0 47 53.49325
0 48 89.40633
0 49 90.26338
0 50 31.47017
0 51 53.35846
0 52 82.48071
0 53 34.99188
0 54 56.95685
0 55 49.78218
0 56 69.31733
0 57 64.74003
0 58 29.93566
0 59 61.92646
0 60 55.49218
0 61 37.23850
0 62 32.41697
0 63 4.59523
0 64 56.45481
0 65 23.03978
0 66 62.78380
0 67 85.47323
0 68 16.75307
0 69 92.75515
0 70 54.00996
0 71 46.37970
0 72 24.11995
0 73 40.57560
0 74 38.87478
0 75 57.12257
0 76 55.70148
0 77 49.08750
0 78 69.25019
0 79 88.76746
0 80 44.80662
0 81 88.54453
0 82 68.83936
0 83 55.32353
0 84 76.67736
0 85 37.33552
0 86 52.06545
0 87 81.81892
0 88 75.04833
0 89 59.70872
0 90 23.39748
0 91 33.69548
0 92 27.50371
0 93 63.39789
0 94 87.10636
0 95 65.21015
0 96 45.50916
0 97 58.17237
0 98 59.27361
0 99 61.02699
1 2 32.67801
1 3 67.71918
1 4 13.83068
1 5 48.04422
1 6 38.41709
1 7 45.84899
1 8 58.17359
1 9 47.04722
1 10 35.65142
1 11 14.16712
1 12 17.89863
1 13 43.90692
1 14 70.64335
1 15 67.23506
1 16 46.87913
1 17 45.70178
1 18 24.28454
1 19 73.71216
1 20 39.85453
1 21 54.56916
1 22 37.37207
1 23 57.47364
1 24 64.64930
1 25 30.94602
1 26 55.78590
1 27 19.11090
1 28 43.93230
1 29 59.10442
1 30 82.23406
1 31 8.68523
1 32 57.22178
1 33 17.28885
1 34 56.21626
1 35 56.66022
1 36 25.43262
1 37 32.93793
1 38 23.24590
1 39 19.56675
1 40 31.67768
1 41 45.96422
1 42 49.94864
1 43 34.92032
1 44 42.94810
1 45 35.65335
1 46 18.48085
1 47 73.50881
1 48 57.63634
1 49 34.79862
1 50 44.45024
1 51 61.40804
1 52 74.11368
1 53 74.55713
1 54 62.95586
1 55 30.24584
1 56 75.94629
1 57 57.05399
1 58 73.23236
1 59 39.87874
1 60 49.04205
1 61 41.03178
1 62 42.41241
1 63 55.78175
1 64 70.81160
1 65 52.29777
1 66 35.53493
1 67 79.89224
1 68 51.76549
1 69 55.90012
1 70 36.65599
1 71 59.51526
1 72 36.13926
1 73 19.66820
1 74 43.60848
1 75 55.07905
1 76 39.09679
1 77 25.43464
1 78 20.64224
1 79 36.72887
1 80 18.38300
1 81 51.70746
1 82 12.56393
1 83 44.35812
1 84 18.64509
1 85 48.34254
1 86 54.58656
1 87 27.35279
1 88 15.07175
1 89 26.14579
1 90 64.60011
1 91 38.48112
1 92 49.65227
1 93 4.54483
1 94 61.50543
1 95 5.20009
1 96 21.74623
1 97 24.48608
1 98 19.92089
1 99 27.85840
2 3 98.30074
2 4 38.92348
2 5 72.93482
2 6 46.00063
2 7 52.14401
2 8 90.72290
2 9 79.29679
2 10 67.65824
2 11 46.37908
2 12 39.15004
2 13 43.24557
2 14 96.60794
2 15 67.86334
2 16 56.57163
2 17 77.95950
2 18 55.03281
2 19 105.09982
2 20 70.93877
2 21 86.19184
2 22 60.79301
2 23 73.93499
2 24 94.95382
2 25 61.38360
2 26 85.29280
2 27 14.11875
2 28 11.93665
2 29 61.91532
2 30 112.90356
2 31 37.89885
2 32 88.56529
2 33 49.96655
2 34 67.04454
2 35 81.04194
2 36 57.59180
2 37 63.71493
2 38 21.54542
2 39 21.12102
2 40 55.03744
2 41 76.77225
2 42 65.16091
2 43 45.90547
2 44 63.70267
2 45 42.23519
2 46 14.73980
2 47 96.03007
2 48 56.82159
2 49 16.67579
2 50 75.82659
2 51 82.26115
2 52 83.95408
2 53 102.61209
2 54 82.56178
2 55 57.85195
2 56 92.75535
2 57 72.18832
2 58 102.27896
2 59 54.72568
2 60 67.87158
2 61 71.50692
2 62 70.55679
2 63 88.26527
2 64 91.82202
2 65 81.96035
2 66 49.71443
2 67 89.95773
2 68 84.34475
2 69 51.31186
2 70 56.28655
2 71 82.76709
2 72 68.45203
2 73 52.01098
2 74 73.58285
2 75 73.64118
2 76 63.73693
2 77 49.98499
2 78 36.03544
2 79 23.80496
2 80 50.42122
2 81 48.85980
2 82 28.49997
2 83 69.28134
2 84 22.20281
2 85 74.40867
2 86 75.30629
2 87 19.13341
2 88 17.61012
2 89 43.36872
2 90 94.23397
2 91 66.82893
2 92 81.39680
2 93 30.33042
2 94 64.08637
2 95 27.50593
2 96 49.79831
2 97 48.59619
2 98 39.12014
2 99 49.90297
3 4 71.11748
3 5 73.55634
3 6 68.50624
3 7 70.24653
3 8 22.51967
3 9 41.47203
3 10 32.97521
3 11 53.70251
3 12 60.13411
3 13 79.43391
3 14 23.92120
3 15 84.80979
3 16 64.94116
3 17 25.37393
3 18 43.58975
3 19 9.21631
3 20 27.87583
3 21 14.90735
3 22 42.65786
3 23 51.76242
3 24 3.71914
3 25 37.03027
3 26 14.01360
3 27 86.24435
3 28 107.75948
3 29 78.20220
3 30 14.60504
3 31 60.70028
3 32 11.57948
3 33 52.64043
3 34 63.47446
3 35 30.71881
3 36 42.85456
3 37 54.47936
3 38 79.97797
3 39 86.88591
3 40 46.69431
3 41 52.30833
3 42 54.73960
3 43 64.39163
3 44 45.06305
3 45 70.09312
3 46 83.63613
3 47 36.99916
3 48 83.32082
3 49 92.75513
3 50 49.08666
3 51 40.59406
3 52 70.23967
3 53 16.04595
3 54 44.09526
3 55 64.77158
3 56 54.44427
3 57 54.72826
3 58 10.82596
3 59 57.23359
3 60 47.23995
3 61 54.31965
3 62 29.06138
3 63 21.90320
3 64 41.11494
3 65 16.80527
3 66 59.57696
3 67 72.22048
3 68 35.21480
3 69 87.97255
3 70 50.14018
3 71 33.63414
3 72 33.57421
3 73 48.61960
3 74 56.42230
3 75 46.90357
3 76 72.10597
3 77 49.74813
3 78 80.93465
3 79 89.81021
3 80 55.96645
3 81 84.16833
3 82 78.37462
3 83 72.52748
3 84 85.81454
3 85 29.56748
3 86 41.58876
3 87 84.48792
3 88 81.53289
3 89 59.42308
3 90 6.97846
3 91 32.22937
3 92 45.93530
3 93 71.67742
3 94 79.35832
3 95 72.24731
3 96 48.57473
3 97 71.74870
3 98 60.97663
3 99 75.11670
4 5 35.57439
4 6 52.17955
4 7 59.58155
4 8 57.38950
4 9 42.22770
4 10 38.16020
4 11 20.00106
4 12 31.07319
4 13 57.66686
4 14 78.16981
4 15 81.04411
4 16 60.33373
4 17 46.72095
4 18 30.68099
4 19 75.69065
4 20 43.91103
4 21 56.75841
4 22 47.92400
4 23 69.43894
4 24 68.51704
4 25 36.83749
4 26 60.94948
4 27 25.00589
4 28 50.84943
4 29 72.88184
4 30 85.12032
4 31 20.71108
4 32 59.82594
4 33 18.74592
4 34 69.33287
4 35 65.64121
4 36 28.73731
4 37 25.34138
4 38 35.70061
4 39 19.32154
4 40 42.72074
4 41 38.15265
4 42 62.45054
4 43 48.53683
4 44 54.21013
4 45 49.47329
4 46 27.46761
4 47 82.85081
4 48 71.46316
4 49 45.61746
4 50 37.60106
4 51 71.83340
4 52 87.07430
4 53 80.41668
4 54 73.79465
4 55 19.02464
4 56 87.34993
4 57 69.35486
4 58 78.22643
4 59 52.82387
4 60 60.64301
4 61 32.80713
4 62 49.65910
4 63 55.43395
4 64 80.88697
4 65 57.46191
4 66 48.76605
4 67 92.73949
4 68 48.28485
4 69 69.59933
4 70 48.65164
4 71 68.96080
4 72 37.64088
4 73 23.43512
4 74 34.71981
4 75 66.52718
4 76 26.35628
4 77 36.59749
4 78 9.94702
4 79 48.81392
4 80 15.32621
4 81 65.45255
4 82 10.52135
4 83 31.83960
4 84 18.06334
4 85 56.74010
4 86 65.31451
4 87 39.21301
4 88 23.30425
4 89 39.38321
4 90 69.26355
4 91 45.85788
4 92 43.43538
4 93 11.52679
4 94 75.27862
4 95 16.49196
4 96 31.37982
4 97 11.06200
4 98 33.28787
4 99 14.10657
5 6 83.84728
5 7 90.78383
5 8 52.34584
5 9 32.28629
5 10 47.83133
5 11 45.05165
5 12 61.94859
5 13 91.15087
5 14 89.87357
5 15 112.55714
5 16 90.01392
5 17 49.58105
5 18 50.73240
5 19 73.83879
5 20 54.46943
5 21 59.24332
5 22 70.85554
5 23 93.61620
5 24 72.55373
5 25 53.53685
5 26 69.49557
5 27 59.75992
5 28 84.75979
5 29 104.13773
5 30 84.27626
5 31 51.75355
5 32 62.55241
5 33 39.61470
5 34 97.24869
5 35 82.43926
5 36 44.81508
5 37 22.45751
5 38 71.02154
5 39 51.87970
5 40 67.52599
5 41 21.52426
5 42 88.70009
5 43 79.49075
5 44 77.90675
5 45 81.84124
5 46 62.91858
5 47 98.78212
5 48 104.04296
5 49 81.17037
5 50 24.51894
5 51 91.59425
5 52 113.67751
5 53 87.66549
5 54 94.48947
5 55 18.15738
5 56 108.73560
5 57 94.53759
5 58 83.57848
5 59 81.09685
5 60 84.52227
5 61 19.38907
5 62 65.26342
5 63 52.06226
5 64 98.94239
5 65 66.73055
5 66 78.22864
5 67 118.70568
5 68 39.20711
5 69 103.28367
5 70 74.75500
5 71 86.50667
5 72 45.49377
5 73 43.60268
5 74 17.13851
5 75 89.47754
5 76 9.27431
5 77 62.72883
5 78 37.02225
5 79 84.30279
5 80 34.08934
5 81 98.94277
5 82 44.97846
5 83 3.73503
5 84 50.75379
5 85 73.47304
5 86 86.48211
5 87 74.72178
5 88 58.74082
5 89 69.58269
5 90 75.11497
5 91 62.63847
5 92 28.69317
5 93 46.90282
5 94 106.44141
5 95 51.77319
5 96 56.20051
5 97 24.71891
5 98 64.39635
5 99 23.03403
6 7 7.47957
6 8 71.61786
6 9 70.97238
6 10 49.46834
6 11 39.09699
6 12 21.91853
6 13 10.97364
6 14 57.89517
6 15 28.95045
6 16 10.58287
6 17 58.54653
6 18 37.60169
6 19 77.25113
6 20 47.99756
6 21 61.84347
6 22 25.98903
6 23 28.91578
6 24 64.78741
6 25 39.91087
6 26 54.54443
6 27 42.65709
6 28 49.85378
6 29 20.70579
6 30 81.90872
6 31 32.35451
6 32 62.69025
6 33 44.84126
6 34 21.08570
6 35 42.10851
6 36 43.93974
6 37 64.03081
6 38 25.08144
6 39 50.73652
6 40 23.34246
6 41 75.00144
6 42 20.23921
6 43 4.86113
6 44 24.11081
6 45 3.77300
6 46 36.79417
6 47 53.54426
6 48 20.34854
6 49 32.14585
6 50 72.23558
6 51 39.43730
6 52 38.51758
6 53 66.60378
6 54 38.75944
6 55 65.73503
6 56 47.16777
6 57 26.71254
6 58 68.22816
6 59 11.81725
6 60 25.19761
6 61 71.44128
6 62 40.21536
6 63 68.79001
6 64 48.38751
6 65 52.21359
6 66 9.02148
6 67 44.54511
6 68 72.23738
6 69 21.47526
6 70 18.38043
6 71 42.22777
6 72 51.80810
6 73 42.04836
6 74 74.59209
6 75 29.92047
6 76 75.64677
6 77 24.11426
6 78 58.38851
6 79 26.12839
6 80 49.92732
6 81 17.07612
6 82 48.71119
6 83 80.38425
6 84 50.60706
6 85 39.22227
6 86 33.17483
6 87 26.87648
6 88 38.56003
6 89 14.54422
6 90 62.43218
6 91 38.14935
6 92 75.50181
6 93 41.78618
6 94 23.09973
6 95 37.38617
6 96 30.01721
6 97 62.32841
6 98 19.48210
6 99 65.97885
7 8 75.50100
7 9 76.44166
7 10 54.31552
7 11 45.82992
7 12 29.03208
7 13 11.44097
7 14 57.18194
7 15 21.78253
7 16 6.10148
7 17 62.79647
7 18 43.27017
7 19 79.23492
7 20 52.07662
7 21 65.03808
7 22 28.85923
7 23 25.55154
7 24 66.54414
7 25 44.75923
7 26 56.52012
7 27 49.76881
7 28 54.87857
7 29 13.40557
7 30 83.02318
7 31 39.56166
7 32 65.53099
7 33 51.49025
7 34 15.36249
7 35 41.94011
7 36 49.73170
7 37 70.53669
7 38 31.84794
7 39 58.05503
7 40 27.60346
7 41 81.09133
7 42 17.70685
7 43 11.30328
7 44 25.18423
7 45 10.81840
7 46 43.84827
7 47 51.21229
7 48 14.43498
7 49 37.28964
7 50 78.20118
7 51 37.38804
7 52 31.83386
7 53 66.61720
7 54 36.06240
7 55 72.72765
7 56 42.54382
7 57 22.83727
7 58 68.81196
7 59 13.36795
7 60 24.25119
7 61 77.75793
7 62 43.08172
7 63 72.68814
7 64 45.62482
7 65 54.55403
7 66 13.38635
7 67 37.85265
7 68 77.18766
7 69 17.75102
7 70 21.27621
7 71 41.31538
7 72 56.78824
7 73 48.37226
7 74 80.94324
7 75 27.75576
7 76 82.72348
7 77 29.68423
7 78 65.86750
7 79 30.64466
7 80 56.74925
7 81 13.97128
7 82 56.18469
7 83 87.36739
7 84 57.95930
7 85 40.67905
7 86 31.91020
7 87 33.07118
7 88 45.81096
7 89 21.20500
7 90 63.83045
7 91 41.59923
7 92 81.15136
7 93 49.25865
7 94 15.76642
7 95 44.86535
7 96 35.96736
7 97 69.62993
7 98 26.63166
7 99 73.31897
8 9 20.12060
8 10 23.81109
8 11 44.36587
8 12 56.74575
8 13 82.35940
8 14 44.03800
8 15 93.80736
8 16 71.36832
8 17 13.47940
8 18 37.29123
8 19 21.49379
8 20 23.62906
8 21 12.39289
8 22 46.76204
8 23 63.57207
8 24 22.78592
8 25 32.50574
8 26 25.31115
8 27 77.26953
8 28 101.52276
8 29 86.12389
8 30 31.93156
8 31 53.34167
8 32 14.29648
8 33 41.05643
8 34 73.14477
8 35 44.38618
8 36 33.30360
8 37 35.94810
8 38 75.83930
8 39 75.50090
8 40 48.28391
8 41 30.82468
8 42 63.56997
8 43 66.88526
8 44 51.93047
8 45 72.05304
8 46 76.13572
8 47 56.08286
8 48 89.74528
8 49 89.00435
8 50 27.94038
8 51 55.22795
8 52 84.05110
8 53 38.25116
8 54 58.81007
8 55 46.55428
8 56 71.48534
8 57 65.98685
8 58 33.28586
8 59 62.20435
8 60 56.50541
8 61 33.75616
8 62 33.06237
8 63 2.82820
8 64 58.79090
8 65 24.71207
8 66 62.77495
8 67 87.23688
8 68 13.17859
8 69 92.83082
8 70 54.23223
8 71 48.32837
8 72 22.46470
8 73 38.72890
8 74 35.33953
8 75 58.48041
8 76 52.26331
8 77 48.53420
8 78 66.47594
8 79 87.77953
8 80 42.28586
8 81 88.56439
8 82 66.43300
8 83 51.80189
8 84 74.30275
8 85 38.59926
8 86 53.52962
8 87 80.57042
8 88 73.14807
8 89 59.18661
8 90 26.40218
8 91 33.93756
8 92 23.92649
8 93 61.24761
8 94 87.77467
8 95 63.27250
8 96 44.55650
8 97 55.13374
8 98 58.38262
8 99 57.89741
9 10 22.96356
9 11 35.44414
9 12 51.77088
9 13 80.75476
9 14 59.78778
9 15 96.99837
9 16 73.66170
9 17 19.42655
9 18 33.37698
9 19 41.60107
9 20 27.89968
9 21 27.71225
9 22 50.12476
9 23 71.11669
9 24 40.77752
9 25 32.05549
9 26 39.36049
9 27 65.24462
9 28 90.85224
9 29 88.73903
9 30 52.03644
9 31 44.97614
9 32 30.88564
9 33 30.31709
9 34 78.11825
9 35 55.47732
9 36 27.16892
9 37 17.68516
9 38 68.30584
9 39 61.41765
9 40 49.21095
9 41 10.84606
9 42 68.61891
9 43 66.12078
9 44 56.72259
9 45 70.34419
9 46 65.51182
9 47 70.22943
9 48 90.82987
9 49 81.03692
9 50 7.81979
9 51 65.80933
9 52 92.04518
9 53 56.19094
9 54 69.14491
9 55 27.86674
9 56 83.00808
9 57 72.86815
9 58 51.77660
9 59 64.09874
9 60 62.66017
9 61 13.75705
9 62 39.75846
9 63 19.78658
9 64 71.57055
9 65 37.19409
9 66 63.05898
9 67 96.20036
9 68 7.24993
9 69 92.35729
9 70 56.36446
9 71 59.66282
9 72 20.26849
9 73 30.49001
9 74 15.22216
9 75 66.30202
9 76 32.36325
9 77 46.89194
9 78 50.12292
9 79 81.41332
9 80 28.87808
9 81 87.90222
9 82 52.34063
9 83 31.68287
9 84 60.16539
9 85 47.45612
9 86 62.16924
9 87 72.92484
9 88 61.90377
9 89 56.81927
9 90 43.68939
9 91 38.53959
9 92 5.37128
9 93 48.96638
9 94 90.74134
9 95 52.21601
9 96 41.05788
9 97 37.43198
9 98 53.94169
9 99 39.57970
10 11 21.49270
10 12 32.99857
10 13 59.83727
10 14 42.94938
10 15 74.34371
10 16 51.09585
10 17 10.44731
10 18 13.48412
10 19 38.17418
10 20 6.78190
10 21 19.00372
10 22 27.18807
10 23 48.37018
10 24 30.36962
10 25 9.57463
10 26 23.58118
10 27 54.66628
10 28 78.12329
10 29 66.18209
10 30 47.15017
10 31 29.87117
10 32 21.85587
10 33 19.69871
10 34 55.16867
10 35 34.66030
10 36 10.22441
10 37 25.67414
10 38 52.04179
10 39 54.27912
10 40 26.74902
10 41 30.48191
10 42 45.65631
10 43 44.62262
10 44 33.76145
10 45 49.39542
10 46 52.94834
10 47 50.99447
10 48 68.75017
10 49 65.20908
10 50 27.01598
10 51 44.23276
10 52 69.25012
10 53 43.08849
10 54 47.35251
10 55 34.47288
10 56 61.50856
10 57 50.00160
10 58 40.35776
10 59 41.55596
10 60 39.76636
10 61 29.37595
10 62 17.70257
10 63 21.12001
10 64 51.15797
10 65 20.27313
10 66 41.04979
10 67 73.58150
10 68 22.87235
10 69 70.93624
10 70 33.67810
10 71 38.76983
10 72 2.71469
10 73 16.03157
10 74 32.44618
10 75 43.66968
10 76 43.53922
10 77 25.55668
10 78 48.01641
10 79 64.00834
10 80 23.13898
10 81 66.54385
10 82 45.57186
10 83 45.65806
10 84 53.16422
10 85 25.85099
10 86 39.85399
10 87 56.77083
10 88 50.25593
10 89 36.10812
10 90 31.34149
10 91 15.80399
10 92 28.15130
10 93 39.27257
10 94 68.11081
10 95 40.53313
10 96 20.90289
10 97 39.73556
10 98 34.72521
10 99 43.40766
11 12 17.57851
11 13 47.40387
11 14 58.40317
11 15 67.56708
11 16 44.98064
11 17 31.63185
11 18 10.90914
11 19 59.55327
11 20 25.83115
11 21 40.40397
11 22 28.49162
11 23 50.79158
11 24 50.71776
11 25 17.42493
11 26 42.20216
11 27 33.18530
11 28 57.19338
11 29 59.13382
11 30 68.16673
11 31 9.55277
11 32 43.07937
11 33 5.81756
11 34 52.62871
11 35 45.64067
11 36 11.28855
11 37 25.07675
11 38 32.90252
11 39 33.20413
11 40 23.82297
11 41 36.89759
11 42 44.65775
11 43 34.58171
11 44 35.15057
11 45 37.47344
11 46 31.77030
11 47 62.85563
11 48 59.43149
11 49 45.78640
11 50 34.59988
11 51 52.08653
11 52 69.71067
11 53 61.35138
11 54 54.22168
11 55 27.19563
11 56 68.03935
11 57 51.12321
11 58 59.66249
11 59 36.23099
11 60 41.76079
11 61 32.78946
11 62 29.85534
11 63 41.88791
11 64 61.00004
11 65 38.69298
11 66 33.18067
11 67 75.08799
11 68 39.15831
11 69 59.46780
11 70 30.55146
11 71 48.98689
11 72 22.09092
11 73 5.63698
11 74 35.83907
11 75 47.42279
11 76 37.39262
11 77 18.20431
11 78 29.71100
11 79 45.97258
11 80 10.96259
11 81 55.02334
11 82 24.95011
11 83 41.72788
11 84 32.15618
11 85 36.75341
11 86 45.74547
11 87 37.55991
11 88 28.85605
11 89 24.64183
11 90 50.88514
11 91 25.99295
11 92 38.95547
11 93 17.97538
11 94 61.42030
11 95 19.06034
11 96 12.06478
11 97 26.50840
11 98 19.99370
11 99 30.54702
12 13 29.82617
12 14 57.62192
12 15 50.78934
12 16 29.28326
12 17 43.27468
12 18 19.56361
12 19 67.65757
12 20 34.17473
12 21 49.55997
12 22 22.07197
12 23 39.95690
12 24 56.62773
12 25 24.53531
12 26 46.64221
12 27 29.57885
12 28 47.74931
12 29 42.43763
12 30 74.63656
12 31 10.57032
12 32 51.41949
12 33 23.39580
12 34 38.35196
12 35 42.35439
12 36 24.86289
12 37 42.65267
12 38 19.86914
12 39 34.65937
12 40 16.16790
12 41 54.31483
12 42 32.15533
12 43 17.75820
12 44 26.35514
12 45 19.97625
12 46 25.23995
12 47 58.28207
12 48 42.10877
12 49 32.84615
12 50 51.84177
12 51 45.25116
12 52 56.22130
12 53 63.47569
12 54 46.34734
12 55 43.82265
12 56 58.71673
12 57 39.33217
12 58 63.30394
12 59 21.98064
12 60 31.92568
12 61 50.34425
12 62 31.62688
12 63 54.00139
12 64 54.84886
12 65 43.44850
12 66 17.70799
12 67 61.99361
12 68 54.35572
12 69 41.89337
12 70 19.42536
12 71 44.52651
12 72 34.74010
12 73 21.46382
12 74 53.41127
12 75 38.00888
12 76 53.73314
12 77 10.83771
12 78 38.53865
12 79 31.03708
12 80 28.16312
12 81 37.45375
12 82 29.86290
12 83 58.47146
12 84 34.10506
12 85 35.29386
12 86 38.25617
12 87 24.45994
12 88 24.60240
12 89 8.31242
12 90 55.53129
12 91 28.05115
12 92 55.77987
12 93 22.03068
12 94 44.79353
12 95 18.78104
12 96 12.24302
12 97 40.70242
12 98 2.45120
12 99 44.47326
13 14 67.98165
13 15 25.23680
13 16 17.47008
13 17 69.17957
13 18 47.45334
13 19 88.20826
13 20 58.73113
13 21 72.76416
13 22 36.96161
13 23 36.97874
13 24 75.71478
13 25 50.34430
13 26 65.48962
13 27 43.39992
13 28 44.50871
13 29 18.67709
13 30 92.73256
13 31 39.45658
13 32 73.65011
13 33 53.22140
13 34 26.45162
13 35 52.41712
13 36 53.58934
13 37 72.47327
13 38 25.09445
13 39 52.52836
13 40 34.16848
13 41 84.04565
13 42 28.93716
13 43 15.50506
13 44 34.77018
13 45 10.45683
13 46 37.43245
13 47 62.54795
13 48 14.45138
13 49 27.34503
13 50 81.46176
13 51 48.62487
13 52 41.48848
13 53 77.05179
13 54 47.43580
13 55 73.00459
13 56 53.80376
13 57 34.27776
13 58 78.89052
13 59 22.38914
13 60 34.99782
13 61 80.16206
13 62 51.18559
13 63 79.53149
13 64 57.02423
13 65 63.18322
13 66 19.99213
13 67 47.37317
13 68 82.43886
13 69 12.14053
13 70 29.33964
13 71 52.16041
13 72 62.07943
13 73 51.04405
13 74 83.23650
13 75 38.97942
13 76 82.55671
13 77 34.29111
13 78 62.45634
13 79 20.28672
13 80 57.84660
13 81 7.81306
13 82 52.38918
13 83 87.56937
13 84 52.66221
13 85 50.06110
13 86 42.85698
13 87 24.88927
13 88 40.19638
13 89 23.95151
13 90 73.29932
13 91 49.06809
13 92 85.08303
13 93 46.49632
13 94 20.88822
13 95 41.67281
13 96 39.71314
13 97 68.37664
13 98 27.42563
13 99 71.75160
14 15 67.01966
14 16 51.18729
14 17 40.62631
14 18 47.53434
14 19 31.93267
14 20 36.18347
14 21 32.58312
14 22 35.84188
14 23 33.74694
14 24 21.91754
14 25 41.37096
14 26 20.49512
14 27 86.85731
14 28 104.11581
14 29 61.79351
14 30 30.11167
14 31 62.25560
14 32 29.90624
14 33 59.74640
14 34 46.44855
14 35 15.96746
14 36 50.06079
14 37 68.36662
14 38 75.90527
14 39 90.10856
14 40 41.57284
14 41 70.04975
14 42 39.66406
14 43 54.94344
14 44 34.25526
14 45 60.53351
14 46 82.85011
14 47 13.19311
14 48 68.05862
14 49 87.29921
14 50 66.54154
14 51 21.00112
14 52 48.90561
14 53 10.90197
14 54 23.82065
14 55 77.41819
14 56 31.30008
14 57 36.94619
14 58 15.47850
14 59 46.10865
14 60 32.99615
14 61 70.62795
14 62 28.54834
14 63 42.46951
14 64 18.06402
14 65 23.14518
14 66 50.04499
14 67 49.92603
14 68 54.94800
14 69 73.97600
14 70 41.35244
14 71 15.86695
14 72 44.87890
14 73 54.82756
14 74 73.31757
14 75 29.92138
14 76 86.37397
14 77 46.92247
14 78 88.03636
14 79 82.73965
14 80 64.64899
14 81 70.86879
14 82 82.84574
14 83 88.08028
14 84 89.25198
14 85 22.47567
14 86 25.29376
14 87 79.80230
14 88 81.87131
14 89 53.65774
14 90 17.93048
14 91 32.42182
14 92 64.91635
14 93 75.11529
14 94 62.40059
14 95 74.07446
14 96 48.96680
14 97 81.99383
14 98 57.48991
14 99 85.84481
15 16 23.35619
15 17 81.87936
15 18 64.32628
15 19 94.02315
15 20 71.15070
15 21 82.42456
15 22 47.47348
15 23 33.50548
15 24 81.26727
15 25 64.96875
15 26 72.05751
15 27 68.61807
15 28 67.32526
15 29 8.44297
15 30 95.88705
15 31 61.28592
15 32 82.29821
15 33 73.18673
15 34 21.33677
15 35 54.29736
15 36 70.83111
15 37 92.12231
15 38 50.29565
15 39 77.63890
15 40 47.79237
15 41 102.30894
15 42 30.47079
15 43 33.08561
15 44 41.87700
15 45 31.59022
15 46 62.64277
15 47 57.36497
15 48 11.04295
15 49 51.39956
15 50 99.30455
15 51 46.04609
15 52 23.95055
15 53 77.61681
15 54 43.26103
15 55 94.50952
15 56 42.43942
15 57 30.36530
15 58 81.00082
15 59 32.90972
15 60 37.88465
15 61 99.18853
15 62 60.74670
15 63 91.06451
15 64 51.18416
15 65 70.82841
15 66 34.63295
15 67 28.41162
15 68 97.06864
15 69 17.38797
15 70 40.67149
15 71 52.13011
15 72 76.94076
15 73 69.89720
15 74 102.39567
15 75 38.04838
15 76 104.50238
15 77 50.87641
15 78 86.79640
15 79 44.17074
15 80 78.50409
15 81 19.02499
15 82 76.88169
15 83 109.14784
15 84 77.71847
15 85 56.23554
15 86 43.32354
15 87 50.04425
15 88 65.28118
15 89 42.97457
15 90 77.94602
15 91 60.16922
15 92 101.89561
15 93 70.38507
15 94 6.26790
15 95 65.78045
15 96 57.32738
15 97 91.27534
15 98 48.37431
15 99 94.90787
16 17 59.00674
16 18 41.01736
16 19 74.00855
16 20 48.24826
16 21 60.50647
16 22 24.62554
16 23 19.51943
16 24 61.25899
16 25 41.66152
16 26 51.38092
16 27 52.95779
16 28 60.07349
16 29 15.08981
16 30 77.44493
16 31 39.80921
16 32 60.78885
16 33 50.42858
16 34 10.50869
16 35 36.10478
16 36 47.52308
16 37 69.09127
16 38 35.62755
16 39 60.70199
16 40 24.45087
16 41 79.00603
16 42 11.61974
16 43 12.18426
16 44 20.04749
16 45 14.35578
16 46 47.16355
16 47 45.11653
16 48 18.56289
16 49 42.38462
16 50 75.97344
16 51 31.28888
16 52 28.16837
16 53 60.75097
16 54 29.97692
16 55 72.15180
16 56 36.97698
16 57 16.90413
16 58 63.09303
16 59 9.56319
16 60 18.36860
16 61 75.99394
16 62 38.54040
16 63 68.57932
16 64 39.55540
16 65 49.60736
16 66 11.82724
16 67 34.17486
16 68 73.89928
16 69 23.16313
16 70 17.44304
16 71 35.32297
16 72 53.66518
16 73 46.85558
16 74 79.21337
16 75 21.66085
16 76 82.29582
16 77 27.67539
16 78 67.32260
16 79 36.00983
16 80 55.93806
16 81 19.73040
16 82 57.96903
16 83 86.70851
16 84 60.48989
16 85 35.42832
16 86 25.89611
16 87 37.44103
16 88 48.69623
16 89 21.00974
16 90 58.40751
16 91 37.45446
16 92 78.54216
16 93 50.63527
16 94 17.09024
16 95 46.56198
16 96 34.19335
16 97 69.90333
16 98 27.04722
16 99 73.72064
17 18 23.87196
17 19 28.97842
17 20 10.75849
17 21 10.47246
17 22 34.43572
17 23 53.34336
17 24 23.57955
17 25 19.06463
17 26 20.13122
17 27 64.79332
17 28 88.52379
17 29 73.96309
17 30 38.63602
17 31 40.26722
17 32 13.79854
17 33 29.06104
17 34 61.76485
17 35 36.30873
17 36 20.37015
17 37 29.27258
17 38 62.46718
17 39 63.84702
17 40 35.30734
17 41 29.42891
17 42 52.13205
17 43 53.76334
17 44 40.23232
17 45 58.81322
17 46 63.27826
17 47 50.80467
17 48 77.15772
17 49 75.63487
17 50 25.91553
17 51 46.85619
17 52 74.22018
17 53 38.18724
17 54 50.28806
17 55 39.43230
17 56 63.91675
17 57 55.43012
17 58 34.43942
17 59 49.64276
17 60 45.48244
17 61 30.20626
17 62 21.80331
17 63 10.72756
17 64 52.21622
17 65 17.78523
17 66 49.82290
17 67 77.98644
17 68 16.17129
17 69 79.89422
17 70 41.64410
17 71 40.48004
17 72 9.56372
17 73 26.04327
17 74 32.76590
17 75 48.35305
17 76 47.14470
17 77 35.15584
17 78 56.31564
17 79 74.31110
17 80 31.39669
17 81 75.57341
17 82 54.94536
17 83 48.10465
17 84 62.69269
17 85 28.80141
17 86 43.82906
17 87 67.19350
17 88 60.48274
17 89 45.80604
17 90 25.68866
17 91 21.72586
17 92 24.73067
17 93 49.10426
17 94 75.73862
17 95 50.68539
17 96 31.07771
17 97 46.46945
17 98 44.90323
17 99 49.77177
18 19 50.07359
18 20 15.91399
18 21 31.19787
18 22 20.15572
18 23 42.94941
18 24 40.43215
18 25 6.66265
18 26 31.51940
18 27 42.65993
18 28 65.11621
18 29 55.94560
18 30 58.16636
18 31 17.17706
18 32 33.53408
18 33 12.90110
18 34 46.97675
18 35 35.22355
18 36 6.50596
18 37 28.71544
18 38 38.60374
18 39 43.74639
18 40 17.06431
18 41 37.98901
18 42 38.09087
18 43 32.75541
18 44 27.19336
18 45 37.01431
18 46 40.29757
18 47 52.46855
18 48 57.58006
18 49 51.77024
18 50 34.98787
18 51 42.48697
18 52 62.97090
18 53 50.50588
18 54 44.93668
18 55 34.12322
18 56 59.04470
18 57 43.80539
18 58 48.97950
18 59 31.56418
18 60 33.83396
18 61 35.11034
18 62 18.99252
18 63 34.58442
18 64 51.02104
18 65 28.02384
18 66 29.90175
18 67 67.97436
18 68 35.12606
18 69 58.98302
18 70 24.42662
18 71 38.77024
18 72 15.18239
18 73 7.89535
18 74 38.34477
18 75 39.00669
18 76 44.28021
18 77 13.59087
18 78 40.50969
18 79 50.53616
18 80 18.54601
18 81 54.53060
18 82 35.75772
18 83 47.81134
18 84 42.75117
18 85 26.17636
18 86 36.57728
18 87 43.32689
18 88 37.98726
18 89 23.50258
18 90 40.31585
18 91 15.17709
18 92 37.92721
18 93 28.46351
18 94 58.06140
18 95 28.66815
18 96 7.77077
18 97 35.82622
18 98 21.39158
18 99 39.85153
19 20 34.16177
19 21 19.17135
19 22 51.29670
19 23 60.96616
19 24 12.79225
19 25 43.75866
19 26 22.74494
19 27 92.57301
19 28 114.95374
19 29 87.38423
19 30 10.43777
19 31 67.24219
19 32 16.54459
19 33 57.74343
19 34 72.68714
19 35 39.91967
19 36 48.37084
19 37 56.64341
19 38 87.52180
19 39 92.44612
19 40 55.00135
19 41 52.31603
19 42 63.91731
19 43 73.02812
19 44 54.05892
19 45 78.69157
19 46 90.36877
19 47 45.12578
19 48 92.43510
19 49 100.46103
19 50 49.41831
19 51 49.67095
19 52 79.25892
19 53 22.45035
19 54 53.13897
19 55 67.20170
19 56 62.99377
19 57 63.93997
19 58 16.98059
19 59 66.12849
19 60 56.41483
19 61 55.15442
19 62 37.34973
19 63 22.06111
19 64 49.64535
19 65 25.10464
19 66 68.27413
19 67 81.07036
19 68 34.64763
19 69 96.97847
19 70 58.87116
19 71 42.75850
19 72 38.18277
19 73 54.18971
19 74 56.82322
19 75 56.11739
19 76 73.54488
19 77 57.58066
19 78 85.29026
19 79 97.85167
19 80 60.37045
19 81 93.12150
19 82 83.67856
19 83 73.26793
19 84 91.32388
19 85 38.58657
19 86 50.80298
19 87 92.11095
19 88 88.00112
19 89 67.57612
19 90 16.15171
19 91 40.20043
19 92 45.33558
19 93 77.43311
19 94 88.55752
19 95 78.46178
19 96 55.76382
19 97 75.06708
19 98 68.68313
19 99 78.15405
20 21 15.44063
20 22 23.68836
20 23 43.33145
20 24 24.90893
20 25 9.71477
20 26 17.15081
20 27 58.51075
20 28 80.89988
20 29 63.21092
20 30 42.38117
20 31 33.08892
20 32 17.62857
20 33 25.18742
20 34 51.19283
20 35 28.23437
20 36 15.21640
20 37 32.42006
20 38 53.87017
20 39 59.02804
20 40 24.68005
20 41 36.41996
20 42 41.56963
20 43 43.25691
20 44 29.62923
20 45 48.43967
20 46 56.20700
20 47 44.31343
20 48 66.41900
20 49 66.96875
20 50 32.89086
20 51 38.14919
20 52 64.27003
20 53 36.70573
20 54 41.39241
20 55 41.23495
20 56 55.42371
20 57 45.23047
20 58 34.31543
20 59 38.89244
20 60 35.13183
20 61 35.76451
20 62 11.85888
20 63 20.80095
20 64 44.68372
20 65 13.73530
20 66 39.19122
20 67 68.32142
20 68 26.27252
20 69 69.26529
20 70 30.89320
20 71 32.38809
20 72 8.97643
20 73 20.86146
20 74 38.75510
20 75 38.45393
20 76 50.31645
20 77 25.11656
20 78 53.84148
20 79 65.05071
20 80 29.26744
20 81 64.97347
20 82 50.60364
20 83 52.36882
20 84 57.96731
20 85 19.70853
20 86 34.27039
20 87 58.54202
20 88 53.88057
20 89 35.72976
20 90 25.36237
20 91 11.07763
20 92 33.24522
20 93 43.80402
20 94 64.99804
20 95 44.44849
20 96 21.98655
20 97 46.21876
20 98 35.53017
20 99 49.95900
21 22 36.19256
21 23 51.46226
21 24 13.34251
21 25 25.15537
21 26 13.00300
21 27 73.48705
21 28 96.29340
21 29 74.96993
21 30 28.36993
21 31 48.29354
21 32 3.36443
21 33 38.61517
21 34 61.48312
21 35 32.00065
21 36 29.20132
21 37 39.61667
21 38 69.30074
21 39 73.28044
21 40 38.66051
21 41 38.37501
21 42 52.00510
21 43 57.27855
21 44 40.67153
21 45 62.71680
21 46 71.45206
21 47 44.09062
21 48 79.03640
21 49 82.38417
21 50 34.99921
21 51 42.84157
21 52 71.78572
21 53 28.51595
21 54 46.42706
21 55 49.86923
21 56 59.12396
21 57 53.97636
21 58 24.34730
21 59 51.67013
21 60 44.76434
21 61 39.88287
21 62 21.97944
21 63 10.22832
21 64 46.52745
21 65 12.35632
21 66 52.84925
21 67 74.88225
21 68 22.39085
21 69 82.63731
21 70 43.84467
21 71 35.93549
21 72 19.12787
21 73 35.01956
21 74 42.18805
21 75 46.36522
21 76 57.35119
21 77 40.11191
21 78 66.47097
21 79 80.31322
21 80 41.48516
21 81 78.49681
21 82 64.53911
21 83 58.00904
21 84 72.16194
21 85 26.57315
21 86 41.32691
21 87 73.96450
21 88 68.96804
21 89 50.56285
21 90 15.98434
21 91 23.69650
21 92 32.62116
21 93 58.26368
21 94 76.50311
21 95 59.36100
21 96 37.41094
21 97 56.91336
21 98 50.83195
21 99 60.23950
22 23 22.79488
22 24 38.94665
22 25 18.31796
22 26 28.65173
22 27 51.62848
22 28 68.37818
22 29 39.52853
22 30 56.40108
22 31 28.68796
22 32 36.81255
22 33 32.44140
22 34 27.99628
22 35 20.30814
22 36 26.12659
22 37 48.67248
22 38 40.11480
22 39 56.03781
22 40 5.92316
22 41 56.72955
22 42 18.56766
22 43 21.74139
22 44 7.05458
22 45 27.43528
22 46 47.26265
22 47 36.38633
22 48 42.99555
22 49 51.89303
22 50 53.44528
22 51 24.07130
22 52 42.99414
22 53 42.70411
22 54 25.87310
22 55 54.20320
22 56 39.55126
22 57 23.72405
22 58 43.43067
22 59 15.49726
22 60 13.67828
22 61 54.52742
22 62 14.29947
22 63 43.96608
22 64 33.44018
22 65 26.22904
22 66 16.98574
22 67 47.86781
22 68 49.66673
22 69 46.45041
22 70 7.68125
22 71 22.50703
22 72 29.86344
22 73 27.72032
22 74 57.75458
22 75 19.00753
22 76 64.39855
22 77 11.99294
22 78 57.04277
22 79 47.97682
22 80 38.26503
22 81 42.34338
22 82 49.93599
22 83 67.96424
22 84 55.34004
22 85 14.19302
22 86 17.39855
22 87 44.13551
22 88 46.64218
22 89 17.96533
22 90 36.84361
22 91 12.83094
22 92 55.23903
22 93 41.90546
22 94 41.31072
22 95 39.83510
22 96 16.56811
22 97 54.95660
22 98 21.71037
22 99 59.00264
23 24 48.33726
23 25 40.49326
23 26 39.82131
23 27 68.03511
23 28 78.68441
23 29 28.06168
23 30 62.39566
23 31 49.09686
23 32 50.71857
23 33 55.10660
23 34 12.72304
23 35 21.04690
23 36 48.82246
23 37 71.35071
23 38 52.42602
23 39 74.38065
23 40 26.97419
23 41 78.69531
23 42 8.79634
23 43 28.05975
23 44 15.78671
23 45 32.43257
23 46 62.68626
23 47 25.87148
23 48 34.52532
23 49 60.99860
23 50 75.29551
23 51 12.79129
23 52 20.93916
23 53 44.17925
23 54 10.69861
23 55 76.97481
23 56 19.01511
23 57 3.19969
23 58 47.49660
23 59 19.30925
23 60 9.12221
23 61 76.89257
23 62 31.59183
23 63 61.01251
23 64 20.11155
23 65 39.24042
23 66 24.36677
23 67 25.28163
23 68 69.43083
23 69 40.86530
23 70 20.85040
23 71 18.62866
23 72 51.08111
23 73 50.47438
23 74 80.09533
23 75 5.09706
23 76 87.18277
23 77 32.89287
23 78 77.94390
23 79 55.02876
23 80 60.94058
23 81 38.24315
23 82 69.76133
23 83 90.75197
23 84 73.91472
23 85 24.97694
23 86 10.28965
23 87 55.09821
23 88 63.30870
23 89 32.46442
23 90 44.81703
23 91 32.60010
23 92 76.40936
23 93 61.82046
23 94 28.66477
23 95 58.73155
23 96 38.72728
23 97 77.28256
23 98 38.45546
23 99 81.31041
24 25 33.82256
24 26 10.31457
24 27 83.04259
24 28 104.30367
24 29 74.59316
24 30 18.01125
24 31 57.47232
24 32 10.00518
24 33 49.92005
24 34 59.93069
24 35 27.32415
24 36 40.03960
24 37 52.84850
24 38 76.45047
24 39 83.92183
24 40 43.02650
24 41 51.54381
24 42 51.12577
24 43 60.67772
24 44 41.35994
24 45 66.38150
24 46 80.31934
24 47 34.73698
24 48 79.65937
24 49 89.18463
24 50 48.22244
24 51 37.41654
24 52 67.09633
24 53 15.55392
24 54 40.95488
24 55 62.97944
24 56 51.76526
24 57 51.26915
24 58 11.02755
24 59 53.51833
24 60 43.62303
24 61 53.21019
24 62 25.41751
24 63 21.71790
24 64 38.49909
24 65 13.20916
24 66 55.85993
24 67 69.24900
24 68 34.90472
24 69 84.27455
24 70 46.42229
24 71 30.40083
24 72 31.19440
24 73 45.75300
24 74 55.46865
24 75 43.43526
24 76 70.65983
24 77 46.17740
24 78 78.38550
24 79 86.17278
24 80 53.48207
24 81 80.46076
24 82 75.50819
24 83 71.35005
24 84 82.86840
24 85 25.86638
24 86 38.12038
24 87 80.93948
24 88 78.29495
24 89 55.77586
24 90 4.05073
24 91 28.65595
24 92 45.47780
24 93 68.67598
24 94 75.77522
24 95 69.09913
24 96 45.17877
24 97 69.59657
24 98 57.42422
24 99 73.05666
25 26 24.86057
25 27 49.22468
25 28 71.22207
25 29 56.75070
25 30 51.62561
25 31 23.67002
25 32 27.27136
25 33 18.40509
25 34 46.24229
25 35 30.01165
25 36 9.19275
25 37 31.09983
25 38 44.16708
25 39 50.40421
25 40 17.23961
25 41 38.42367
25 42 36.88215
25 43 35.07141
25 44 25.20816
25 45 39.92104
25 46 46.67413
25 47 47.15233
25 48 59.19411
25 49 57.27935
25 50 35.12770
25 51 38.25109
25 52 61.11940
25 53 43.92655
25 54 41.01517
25 55 38.04358
25 56 55.25532
25 57 41.79665
25 58 42.32341
25 59 32.10304
25 60 31.56663
25 61 36.40186
25 62 13.04991
25 63 29.71213
25 64 46.24035
25 65 21.36280
25 66 31.47724
25 67 65.76740
25 68 32.43434
25 69 61.37246
25 70 24.31214
25 71 33.80866
25 72 12.03605
25 73 13.45699
25 74 39.60978
25 75 36.10088
25 76 47.92112
25 77 16.13442
25 78 46.74394
25 79 55.50516
25 80 23.57300
25 81 56.98693
25 82 42.35489
25 83 50.90975
25 84 49.40390
25 85 20.83776
25 86 32.94531
25 87 48.84680
25 88 44.50272
25 89 26.76665
25 90 33.65411
25 91 9.57101
25 92 37.05887
25 93 35.12026
25 94 58.71942
25 95 35.28707
25 96 12.30656
25 97 41.03861
25 98 25.99444
25 99 44.99776
26 27 73.76231
26 28 94.38416
26 29 65.08876
26 30 28.12415
26 31 48.20951
26 32 11.26841
26 33 42.20357
26 34 50.78334
26 35 19.44685
26 36 32.21309
26 37 48.32407
26 38 66.39415
26 39 75.26472
26 40 32.73028
26 41 49.55662
26 42 41.66877
26 43 50.39079
26 44 31.36974
26 45 56.08605
26 46 70.75312
26 47 31.23075
26 48 69.87810
26 49 79.03434
26 50 46.04661
26 51 30.20941
26 52 59.57804
26 53 19.55560
26 54 33.81277
26 55 57.80058
26 56 46.18116
26 57 42.56962
26 58 17.46562
26 59 43.38443
26 60 34.19174
26 61 50.19275
26 62 15.17998
26 63 23.23131
26 64 33.52446
26 65 3.51052
26 66 45.59267
26 67 62.36008
26 68 34.86893
26 69 74.26970
26 70 36.16677
26 71 23.19755
26 72 25.12350
26 73 37.65690
26 74 52.84455
26 75 34.77351
26 76 66.36835
26 77 36.06093
26 78 70.89360
26 79 75.90898
26 80 46.41783
26 81 70.38642
26 82 67.15107
26 83 67.81304
26 84 74.26315
26 85 15.98478
26 86 29.53677
26 87 70.83649
26 88 68.93278
26 89 45.50388
26 90 8.94295
26 91 18.59142
26 92 44.54667
26 93 59.98083
26 94 66.39256
26 95 60.00177
26 96 35.51626
26 97 63.29972
26 98 47.33227
26 99 66.98847
27 28 25.94655
27 29 61.51498
27 30 100.82608
27 31 25.57859
27 32 76.04007
27 33 36.27782
27 34 63.35417
27 35 71.85814
27 36 44.47384
27 37 49.60415
27 38 18.32694
27 39 9.77762
27 40 45.70934
27 41 62.67276
27 42 59.54682
27 43 41.08689
27 44 55.72441
27 45 39.01281
27 46 5.98370
27 47 87.84498
27 48 57.82009
27 49 22.78192
27 50 61.70789
27 51 74.63857
27 52 81.11185
27 53 91.89377
27 54 75.48447
27 55 44.01881
27 56 87.04708
27 57 66.81046
27 58 91.05884
27 59 48.84369
27 60 60.81560
27 61 57.42264
27 62 59.56156
27 63 74.89005
27 64 84.26215
27 65 70.33316
27 66 43.82620
27 67 87.12746
27 68 70.42058
27 69 53.76090
27 70 48.51022
27 71 74.10439
27 72 55.23462
27 73 38.75015
27 74 59.54595
27 75 66.84013
27 76 50.49582
27 77 39.98183
27 78 23.59537
27 79 28.01564
27 80 36.38915
27 81 50.38733
27 82 14.81728
27 83 56.05699
27 84 10.36129
27 85 64.39196
27 86 67.61962
27 87 19.26528
27 88 4.99272
27 89 35.76211
27 90 82.67860
27 91 55.69621
27 92 67.28408
27 93 16.31573
27 94 63.86473
27 95 14.13427
27 96 38.44339
27 97 35.13301
27 98 30.30796
27 99 36.87154
28 29 62.57594
28 30 122.31306
28 31 48.25706
28 32 98.49320
28 33 61.16205
28 34 70.21812
28 35 88.26840
28 36 68.23869
28 37 75.53269
28 38 28.28369
28 39 32.88281
28 40 62.89171
28 41 88.61299
28 42 69.91733
28 43 50.87404
28 44 70.32142
28 45 46.25929
28 46 25.50210
28 47 102.25259
28 48 56.51994
28 49 17.70927
28 50 87.59418
28 51 88.21958
28 52 85.99719
28 53 110.88422
28 54 88.07774
28 55 69.78827
28 56 96.99356
28 57 76.56485
28 58 110.98377
28 59 60.05230
28 60 73.67607
28 61 83.36887
28 62 79.36578
28 63 98.99256
28 64 97.58624
28 65 91.16041
28 66 55.26720
28 67 91.87195
28 68 95.69740
28 69 50.03802
28 70 62.96794
28 71 89.55124
28 72 79.11189
28 73 62.82310
28 74 85.48095
28 75 79.11110
28 76 75.58841
28 77 58.46511
28 78 47.78132
28 79 24.28591
28 80 61.98713
28 81 48.54577
28 82 40.43651
28 83 81.12290
28 84 34.00732
28 85 82.39265
28 86 81.44051
28 87 24.33670
28 88 28.95009
28 89 50.46261
28 90 103.28018
28 91 75.79627
28 92 93.10429
28 93 41.94989
28 94 64.51214
28 95 38.73249
28 96 59.22984
28 97 60.50584
28 98 47.23808
28 99 61.72714
29 30 89.86886
29 31 52.96290
29 32 75.02005
29 33 64.74639
29 34 15.34518
29 35 48.10351
29 36 62.44764
29 37 83.68114
29 38 43.22228
29 39 70.28104
29 40 39.53247
29 41 93.91640
29 42 23.46807
29 43 24.69980
29 44 34.29959
29 45 23.56794
29 46 55.53255
29 47 53.26353
29 48 7.37058
29 49 45.84284
29 50 90.93190
29 51 40.85082
29 52 24.33043
29 53 72.10386
29 54 38.47119
29 55 86.10507
29 56 40.31029
29 57 24.86331
29 58 75.12335
29 59 24.64872
29 60 30.97153
29 61 90.76280
29 62 53.12105
29 63 83.35610
29 64 47.17120
29 65 63.63961
29 66 26.19830
29 67 29.83629
29 68 88.97107
29 69 14.77486
29 70 32.51388
29 71 46.37683
29 72 68.75461
29 73 61.45851
29 74 93.96752
29 75 32.08523
29 76 96.11929
29 77 42.46514
29 78 78.89231
29 79 38.66918
29 80 70.07550
29 81 14.34576
29 82 69.06879
29 83 100.73839
29 84 70.29122
29 85 49.13773
29 86 37.19259
29 87 43.47461
29 88 57.93001
29 89 34.56018
29 90 71.44032
29 91 52.31321
29 92 93.59721
29 93 62.37765
29 94 2.40988
29 95 57.85924
29 96 48.90089
29 97 83.01032
29 98 40.03545
29 99 86.67839
30 31 75.29457
30 32 25.31413
30 33 66.84720
30 34 74.73337
30 35 41.76649
30 36 57.19212
30 37 66.87635
30 38 94.45037
30 39 101.30226
30 40 60.79377
30 41 62.75317
30 42 66.64001
30 43 78.00309
30 44 58.01522
30 45 83.73998
30 46 98.24113
30 47 42.79671
30 48 95.48021
30 49 107.14788
30 50 59.85262
30 51 50.17918
30 52 78.96876
30 53 19.28071
30 54 53.37888
30 55 77.39594
30 56 61.21778
30 57 65.52213
30 58 14.95917
30 59 70.36685
30 60 59.25836
30 61 65.56867
30 62 43.30413
30 63 32.44193
30 64 48.13395
30 65 31.19735
30 66 73.11146
30 67 80.01591
30 68 45.08177
30 69 100.60524
30 70 63.67481
30 71 43.76833
30 72 47.47995
30 73 62.99041
30 74 67.25853
30 75 57.89257
30 76 83.91918
30 77 64.15221
30 78 94.84057
30 79 104.00517
30 80 69.85502
30 81 96.99446
30 82 92.69853
30 83 83.69756
30 84 100.21434
30 85 42.68652
30 86 52.69376
30 87 98.92548
30 88 96.12732
30 89 73.59949
30 90 19.55810
30 91 46.63917
30 92 55.75545
30 93 86.13762
30 94 90.79482
30 95 86.80744
30 96 63.16118
30 97 85.02329
30 98 75.41121
30 99 88.20389
31 32 50.69893
31 33 14.87321
31 34 48.63104
31 35 48.05381
31 36 20.04144
31 37 33.55762
31 38 23.34993
31 39 27.86118
31 40 23.01506
31 41 45.92667
31 42 41.83225
31 43 28.31379
31 44 34.34374
31 45 30.12709
31 46 23.15940
31 47 64.84572
31 48 52.35458
31 49 36.25908
31 50 43.82421
31 51 52.73145
31 52 66.36562
31 53 66.59253
31 54 54.31479
31 55 33.59617
31 56 67.41633
31 57 48.83009
31 58 65.55738
31 59 32.11307
31 60 40.52881
31 61 41.52242
31 62 34.28938
31 63 50.77255
31 64 62.12686
31 65 44.76801
31 66 28.12748
31 67 72.04595
31 68 48.67787
31 69 51.59706
31 70 28.24651
31 71 50.85591
31 72 30.88845
31 73 14.92983
31 74 44.44198
31 75 46.53631
31 76 43.35013
31 77 16.76689
31 78 28.84784
31 79 36.47160
31 80 18.60418
31 81 47.22428
31 82 21.24860
31 83 48.21410
31 84 27.03472
31 85 39.86391
31 86 45.92662
31 87 28.00944
31 88 20.83282
31 89 18.79983
31 90 57.11398
31 91 30.37593
31 92 48.37892
31 93 13.22451
31 94 55.32800
31 95 11.89695
31 96 13.29102
31 97 30.13263
31 98 12.93369
31 99 33.91586
32 33 41.54326
32 34 61.18706
32 35 30.67868
32 36 31.97076
32 37 42.97873
32 38 71.24388
32 39 76.09774
32 40 39.73439
32 41 41.60349
32 42 51.82809
32 43 58.22234
32 44 40.80259
32 45 63.75132
32 46 73.83146
32 47 41.78902
32 48 79.35057
32 49 84.26494
32 50 38.25465
32 51 41.46865
32 52 70.74183
32 53 25.30536
32 54 45.07088
32 55 53.21778
32 56 57.37336
32 57 53.35215
32 58 21.02618
32 59 52.18577
32 60 44.46777
32 61 43.20513
32 62 22.51338
32 63 12.56464
32 64 44.55512
32 65 11.52706
32 66 53.67079
32 67 73.61081
32 68 25.31053
32 69 83.21683
32 70 44.49371
32 71 34.46525
32 72 22.19024
32 73 37.78656
32 74 45.47702
32 75 45.63390
32 76 60.71412
32 77 41.65168
32 78 69.58175
32 79 81.95382
32 80 44.59211
32 81 79.14860
32 82 67.42632
32 83 61.34804
32 84 74.99378
32 85 26.11950
32 86 40.48226
32 87 75.87352
32 88 71.45794
32 89 51.94298
32 90 12.83513
32 91 24.71112
32 92 35.70590
32 93 61.00620
32 94 76.46914
32 95 61.93700
32 96 39.38939
32 97 60.18640
32 98 52.57297
32 99 63.53977
33 34 57.72664
33 35 48.05622
33 36 9.99204
33 37 19.26342
33 38 38.05842
33 39 34.78724
33 40 28.33471
33 41 31.16119
33 42 49.44520
33 43 40.27988
33 44 39.33689
33 45 43.27438
33 46 35.66382
33 47 65.29015
33 48 65.18583
33 49 50.72053
33 50 28.96498
33 51 55.34973
33 52 74.51629
33 53 61.67999
33 54 57.72731
33 55 22.05402
33 56 71.76099
33 57 55.66319
33 58 59.49660
33 59 41.48740
33 60 46.00070
33 61 26.98193
33 62 31.42634
33 63 38.75434
33 64 63.92184
33 65 38.71682
33 66 38.68025
33 67 79.76507
33 68 34.58599
33 69 65.28311
33 70 35.37183
33 71 51.65378
33 72 19.59069
33 73 5.03552
33 74 30.02313
33 75 51.44523
33 76 32.30593
33 77 23.17202
33 78 28.69057
33 79 51.31040
33 80 5.83414
33 81 60.83723
33 82 25.93674
33 83 36.38766
33 84 33.63758
33 85 38.95149
33 86 49.31676
33 87 42.64123
33 88 32.36026
33 89 30.34361
33 90 50.54943
33 91 27.77856
33 92 33.53261
33 93 20.19369
33 94 67.01324
33 95 22.47353
33 96 16.70757
33 97 22.92523
33 98 25.80875
33 99 26.95105
34 35 33.02901
34 36 53.36082
34 37 75.63750
34 38 46.13413
34 39 70.89619
34 40 29.91427
34 41 84.53183
34 42 9.63295
34 43 22.32861
34 44 21.56506
34 45 24.85832
34 46 57.59939
34 47 38.23169
34 48 21.88395
34 49 52.58941
34 50 81.31088
34 51 25.51432
34 52 17.98936
34 53 56.79108
34 54 23.24049
34 55 79.74427
34 56 27.37557
34 57 9.52886
34 58 59.91699
34 59 16.55784
34 60 16.72762
34 61 82.02508
34 62 40.17709
34 63 70.45385
34 64 32.24201
34 65 49.67695
34 66 20.68824
34 67 23.91685
34 68 77.42609
34 69 28.48833
34 70 22.56886
34 71 31.09557
34 72 57.85254
34 73 53.66397
34 74 85.26221
34 75 16.84509
34 76 89.98045
34 77 34.55462
34 78 76.81865
34 79 46.00442
34 80 63.44040
34 81 26.28333
34 82 67.72749
34 83 94.09708
34 84 70.63412
34 85 35.07027
34 86 22.05782
34 87 47.91113
34 88 59.01224
34 89 30.07070
34 90 56.61883
34 91 40.11530
34 92 83.23359
34 93 60.17972
34 94 16.06962
34 95 56.33939
34 96 41.05484
34 97 78.40342
34 98 36.30298
34 99 82.31667
35 36 39.19662
35 37 60.10434
35 38 60.12368
35 39 75.81904
35 40 26.18739
35 41 64.58211
35 42 24.95332
35 43 39.01619
35 44 18.29488
35 45 44.64016
35 46 67.56768
35 47 17.24567
35 48 53.79288
35 49 71.36096
35 50 61.03797
35 51 10.84183
35 52 40.16360
35 53 24.68136
35 54 14.42739
35 55 67.91359
35 56 27.61249
35 57 24.04503
35 58 27.10325
35 59 30.29332
35 60 17.73825
35 61 63.97671
35 62 17.27227
35 63 42.07038
35 64 16.50369
35 65 19.69216
35 66 34.10198
35 67 42.93628
35 68 52.32685
35 69 59.20447
35 70 25.40147
35 71 4.18617
35 72 37.12725
35 73 43.02073
35 74 66.98629
35 75 16.25792
35 76 77.58472
35 77 31.92745
35 78 75.26665
35 79 66.77346
35 80 53.48719
35 81 55.82542
35 82 69.12505
35 83 80.13297
35 84 75.04644
35 85 9.17568
35 86 10.97575
35 87 63.93704
35 88 66.86638
35 89 37.85883
35 90 23.77013
35 91 20.44065
35 92 60.84318
35 93 61.19669
35 94 49.06319
35 95 59.63277
35 96 34.96787
35 97 70.92787
35 98 42.00966
35 99 74.92080
36 37 22.54658
36 38 42.87415
36 39 44.12839
36 40 23.48074
36 41 31.48309
36 42 44.35654
36 43 39.11110
36 44 33.17830
36 45 43.19035
36 46 42.92350
36 47 56.30851
36 48 64.00811
36 49 55.98643
36 50 28.49139
36 51 47.34747
36 52 69.10130
36 53 51.70277
36 54 50.02700
36 55 28.89249
36 56 64.24262
36 57 49.85053
36 58 49.51129
36 59 38.06354
36 60 39.75112
36 61 28.66986
36 62 22.12165
36 63 30.75400
36 64 55.42879
36 65 28.72916
36 66 36.37762
36 67 73.98710
36 68 29.50497
36 69 65.24542
36 70 30.84979
36 71 43.00116
36 72 10.87649
36 73 5.81957
36 74 31.90673
36 75 44.66716
36 76 38.85136
36 77 20.04886
36 78 38.68058
36 79 55.37857
36 80 14.59218
36 81 60.78347
36 82 35.52297
36 83 42.04341
36 84 43.02942
36 85 30.02112
36 86 41.83489
36 87 47.60206
36 88 40.11767
36 89 29.66795
36 90 40.57566
36 91 18.75838
36 92 31.56655
36 93 29.06242
36 94 64.56657
36 95 30.34726
36 96 13.93210
36 97 32.00800
36 98 26.92331
36 99 35.92811
37 38 55.80619
37 39 44.66076
37 40 45.73638
37 41 13.11485
37 42 66.80556
37 43 59.40776
37 44 55.72478
37 45 62.53302
37 46 50.80978
37 47 76.65131
37 48 84.37890
37 49 67.73513
37 50 12.25991
37 51 69.14417
37 52 91.63352
37 53 67.26169
37 54 72.03197
37 55 10.60832
37 56 86.27809
37 57 72.39586
37 58 63.69693
37 59 59.86261
37 60 62.29248
37 61 8.10364
37 62 42.87673
37 63 34.72513
37 64 76.59644
37 65 45.30887
37 66 57.49937
37 67 96.53308
37 68 24.53415
37 69 84.54438
37 70 53.06864
37 71 64.14009
37 72 23.52337
37 73 22.24021
37 74 10.88817
37 75 67.11983
37 76 18.04432
37 77 41.44676
37 78 32.57374
37 79 69.29095
37 80 15.02902
37 81 80.09996
37 82 35.77775
37 83 20.02960
37 84 43.40265
37 85 51.08203
37 86 64.03986
37 87 60.13970
37 88 46.89411
37 89 49.49770
37 90 54.86755
37 91 40.18700
37 92 18.13911
37 93 33.78861
37 94 85.90531
37 95 37.80381
37 96 34.90469
37 97 19.75345
37 98 45.07045
37 99 22.08363
38 39 27.48583
38 40 34.60866
38 41 68.62897
38 42 43.66958
38 43 24.46310
38 44 42.41626
38 45 21.32694
38 46 12.34768
38 47 74.65515
38 48 39.53481
38 49 13.16773
38 50 66.78651
38 51 60.79908
38 52 63.55023
38 53 82.60679
38 54 61.03132
38 55 53.43735
38 56 71.30362
38 57 50.75543
38 58 82.78706
38 59 33.18610
38 60 46.36140
38 61 63.90343
38 62 51.28102
38 63 73.16177
38 64 70.33184
38 65 63.25304
38 66 28.16949
38 67 69.58007
38 68 71.97474
38 69 35.82284
38 70 35.00532
38 71 61.59758
38 72 53.46188
38 73 38.17869
38 74 66.61327
38 75 52.10185
38 76 61.91791
38 77 30.34662
38 78 38.55687
38 79 13.50674
38 80 40.85910
38 81 32.23898
38 82 28.43988
38 83 67.30440
38 84 27.68592
38 85 54.10898
38 86 53.87699
38 87 4.73343
38 88 15.24165
38 89 22.26498
38 90 75.23813
38 91 47.81758
38 92 71.57364
38 93 24.19099
38 94 45.56121
38 95 19.26293
38 96 31.89024
38 97 46.76235
38 98 19.07247
38 99 49.59261
39 40 50.16861
39 41 57.39643
39 42 66.19496
39 43 48.58555
39 44 60.95632
39 45 47.23665
39 46 15.34780
39 47 92.40964
39 48 66.97970
39 49 32.45557
39 50 56.92066
39 51 79.78006
39 52 88.82861
39 53 94.11897
39 54 80.99058
39 55 37.54132
39 56 93.27722
39 57 73.46788
39 58 92.72589
39 59 55.57962
39 60 66.57293
39 61 52.02718
39 62 61.96971
39 63 73.33631
39 64 89.32785
39 65 71.76622
39 66 50.70246
39 67 94.80161
39 68 67.24453
39 69 63.22961
39 70 54.07953
39 71 78.46553
39 72 54.36621
39 73 38.31771
39 74 53.77664
39 75 72.65485
39 76 42.72725
39 77 44.06316
39 78 14.91598
39 79 37.79129
39 80 33.33236
39 81 59.72114
39 82 9.13140
39 83 48.25151
39 84 1.25820
39 85 67.72431
39 86 72.82298
39 87 28.92077
39 88 12.36070
39 89 41.93565
39 90 84.02932
39 91 58.03918
39 92 62.75460
39 93 15.28429
39 94 72.66030
39 95 16.20902
39 96 41.14290
39 97 27.83408
39 98 35.94925
39 99 28.85079
40 41 54.83726
40 42 21.17936
40 43 18.66342
40 44 11.48939
40 45 24.05681
40 46 41.38617
40 47 42.28817
40 48 42.02931
40 49 46.71448
40 50 51.71176
40 51 29.74367
40 52 46.21669
40 53 48.00506
40 54 31.31117
40 55 50.35818
40 56 44.63730
40 57 27.34884
40 58 48.37655
40 59 14.88780
40 60 17.99078
40 61 52.14897
40 62 17.66458
40 63 45.45672
40 64 39.20966
40 65 29.95038
40 66 14.51752
40 67 51.43037
40 68 49.61487
40 69 44.59314
40 70 7.36907
40 71 28.42830
40 72 29.27029
40 73 23.94890
40 74 55.38545
40 75 23.80898
40 76 60.60698
40 77 6.24948
40 78 51.61794
40 79 43.21883
40 80 34.15497
40 81 40.29347
40 82 44.23179
40 83 64.47298
40 84 49.48796
40 85 19.50322
40 86 22.91161
40 87 38.77155
40 88 40.72198
40 89 12.83410
40 90 41.29000
40 91 15.02473
40 92 54.10966
40 93 36.19269
40 94 41.53234
40 95 33.97740
40 96 11.76495
40 97 50.30841
40 98 15.91756
40 99 54.33707
41 42 75.27423
41 43 70.24237
41 44 63.62656
41 45 73.85904
41 46 63.92202
41 47 79.99612
41 48 95.25075
41 49 80.73601
41 50 3.55299
41 51 74.55537
41 52 99.47232
41 53 66.88981
41 54 77.75343
41 55 20.75760
41 56 91.83595
41 57 80.15797
41 58 62.55891
41 59 69.53490
41 60 69.90809
41 61 5.38804
41 62 48.08926
41 63 30.62004
41 64 80.92631
41 65 47.14225
41 66 67.79032
41 67 103.96007
41 68 17.68505
41 69 95.98558
41 70 62.18498
41 71 68.75577
41 72 27.81727
41 73 33.02455
41 74 4.91017
41 75 74.08424
41 76 22.70603
41 77 51.46562
41 78 44.51279
41 79 82.06986
41 80 27.77673
41 81 91.51873
41 82 48.65865
41 83 21.21966
41 84 56.14171
41 85 56.11338
41 86 70.33586
41 87 73.03540
41 88 60.00867
41 89 60.50062
41 90 54.35632
41 91 46.25604
41 92 7.44035
41 93 46.90339
41 94 96.04587
41 95 50.88310
41 96 45.12561
41 97 30.98454
41 98 56.66483
41 99 32.25293
42 43 19.26927
42 44 11.95333
42 45 23.68871
42 46 54.10757
42 47 33.63044
42 48 28.84798
42 49 52.24389
42 50 72.00556
42 51 19.69664
42 52 25.07409
42 53 49.43797
42 54 18.61072
42 55 71.49461
42 56 27.65623
42 57 7.27941
42 58 52.05546
42 59 10.70320
42 60 7.50350
42 61 72.94803
42 62 30.56423
42 63 60.86638
42 64 28.24551
42 65 40.36016
42 66 15.73797
42 67 30.45065
42 68 67.81520
42 69 34.36206
42 70 14.10763
42 71 23.82791
42 72 48.35126
42 73 45.12750
42 74 76.18219
42 75 10.05410
42 76 81.74675
42 77 26.45678
42 78 70.55955
42 79 46.36672
42 80 55.24097
42 81 31.20933
42 82 62.01094
42 83 85.65194
42 84 65.78449
42 85 25.77809
42 86 14.38877
42 87 46.30293
42 88 54.88780
42 89 24.29735
42 90 48.00182
42 91 30.49334
42 92 73.76968
42 93 54.17553
42 94 24.72402
42 95 50.81172
42 96 32.75485
42 97 70.90516
42 98 30.45001
42 99 74.88837
43 44 20.75387
43 45 5.74436
43 46 35.40782
43 47 51.56062
43 48 25.02200
43 49 33.31213
43 50 67.44802
43 51 37.45841
43 52 40.24347
43 53 63.23604
43 54 37.20408
43 55 61.42612
43 56 46.85482
43 57 26.29581
43 58 64.58887
43 59 9.21438
43 60 22.94092
43 61 66.74706
43 62 35.82191
43 63 64.05706
43 64 46.73222
43 65 47.93852
43 66 4.95405
43 67 46.21800
43 68 67.38027
43 69 26.33250
43 70 14.33125
43 71 39.53590
43 72 46.95326
43 73 37.34086
43 74 69.91088
43 75 28.23912
43 76 71.42134
43 77 19.25405
43 78 55.23665
43 79 27.98752
43 80 45.47732
43 81 21.92345
43 82 45.80612
43 83 76.06749
43 84 48.34729
43 85 35.38255
43 86 30.85065
43 87 27.04578
43 88 36.69036
43 89 9.94022
43 90 58.46969
43 91 33.58785
43 92 70.66657
43 93 38.55399
43 94 27.04445
43 95 34.40248
43 96 25.20009
43 97 58.42564
43 98 15.38238
43 99 62.15496
44 45 26.42444
44 46 50.91808
44 47 32.35011
44 48 38.59776
44 49 53.20838
44 50 60.30725
44 51 18.91924
44 52 35.96725
44 53 42.53290
44 54 20.06199
44 55 61.18832
44 56 33.15420
44 57 16.67610
44 58 44.13641
44 59 12.38148
44 60 6.66707
44 61 61.52429
44 62 18.87020
44 63 49.19077
44 64 28.53881
44 65 29.56271
44 66 15.82076
44 67 40.81326
44 68 55.86394
44 69 42.92050
44 70 7.41840
44 71 19.22982
44 72 36.46502
44 73 34.68771
44 74 64.74715
44 75 12.32277
44 76 71.39862
44 77 17.66786
44 78 63.06403
44 79 48.48756
44 80 45.16962
44 81 39.11206
44 82 55.45616
44 83 75.00469
44 84 60.35135
44 85 15.49601
44 86 11.90790
44 87 45.99852
44 88 50.79770
44 89 20.35613
44 90 38.69247
44 91 18.55165
44 92 61.90285
44 93 47.42421
44 94 35.86996
44 95 44.88076
44 96 23.10268
44 97 61.65870
44 98 25.41686
44 99 65.69747
45 46 33.12240
45 47 56.70773
45 48 22.22896
45 49 28.56640
45 50 71.20683
45 51 42.58587
45 52 42.24016
45 53 68.94002
45 54 42.07748
45 55 63.69050
45 56 50.83285
45 57 30.32745
45 58 70.32891
45 59 14.50643
45 60 28.18086
45 61 70.10466
45 62 41.42594
45 63 69.22685
45 64 51.68123
45 65 53.59128
45 66 10.68485
45 67 48.26944
45 68 71.98205
45 69 22.13141
45 70 20.07317
45 71 45.01630
45 72 51.62608
45 73 40.83451
45 74 73.21559
45 75 33.17106
45 76 73.47417
45 77 23.84219
45 78 55.32566
45 79 22.77336
45 80 48.13930
45 81 17.66274
45 82 45.53321
45 83 78.32602
45 84 47.14446
45 85 41.12676
45 86 36.14867
45 87 23.11668
45 88 34.99951
45 89 13.52492
45 90 64.20218
45 91 39.06380
45 92 74.72091
45 93 38.82190
45 94 25.97770
45 95 34.29294
45 96 29.28852
45 97 59.82545
45 98 17.52871
45 99 63.39475
46 47 83.20026
46 48 51.86184
46 49 18.36854
46 50 62.64105
46 51 69.77675
46 52 75.28953
46 53 88.39405
46 54 70.45908
46 55 46.34502
46 56 81.69830
46 57 61.34555
46 58 87.86042
46 59 43.41546
46 60 55.73966
46 61 58.81265
46 62 56.17657
46 63 73.64474
46 64 79.40190
46 65 67.38852
46 66 38.36975
46 67 81.31137
46 68 70.22007
46 69 47.91059
46 70 43.59995
46 71 69.60755
46 72 53.79596
46 73 37.40719
46 74 61.16447
46 75 61.71322
46 76 53.65287
46 77 35.95391
46 78 27.92678
46 79 22.77676
46 80 36.73257
46 81 44.47306
46 82 18.25077
46 83 59.18742
46 84 15.70351
46 85 60.46930
46 86 62.75909
46 87 13.61344
46 88 4.17783
46 89 30.70008
46 90 79.69566
46 91 52.39011
46 92 67.98828
46 93 17.03908
46 94 57.88143
46 95 13.29659
46 96 35.23755
46 97 38.20540
46 98 25.62931
46 99 40.41214
47 48 60.09567
47 49 84.83147
47 50 76.44596
47 51 14.12190
47 52 37.14905
47 53 23.55891
47 54 15.18910
47 55 84.85322
47 56 18.44946
47 57 28.90499
47 58 28.54398
47 59 42.34920
47 60 28.62337
47 61 79.92709
47 62 34.22021
47 63 54.25262
47 64 6.18355
47 65 33.04812
47 66 47.00246
47 67 37.45027
47 68 66.07895
47 69 66.66136
47 70 39.75402
47 71 13.99643
47 72 53.28840
47 73 60.25520
47 74 82.81460
47 75 23.65762
47 76 94.36207
47 77 48.34652
47 78 92.42995
47 79 79.46374
47 80 70.68571
47 81 64.11435
47 82 86.03679
47 83 96.65217
47 84 91.69311
47 85 26.34948
47 86 20.81685
47 87 78.04062
47 88 82.87891
47 89 52.70589
47 90 30.69139
47 91 37.59610
47 92 75.51057
47 93 78.05356
47 94 53.46261
47 95 76.20146
47 96 51.95677
47 97 88.13971
47 98 57.59820
47 99 92.12277
48 49 40.38058
48 50 92.42491
48 51 47.27730
48 52 31.52558
48 53 78.14584
48 54 45.11988
48 55 85.89965
48 56 47.63200
48 57 31.36058
48 58 80.89581
48 59 27.54790
48 60 36.23510
48 61 91.76488
48 62 57.05909
48 63 86.94195
48 64 54.06424
48 65 68.16041
48 66 27.78003
48 67 36.86572
48 68 91.62242
48 69 7.45187
48 70 35.53943
48 71 52.41246
48 72 71.22231
48 73 62.36065
48 74 94.92375
48 75 38.15529
48 76 95.70297
48 77 43.99138
48 78 76.69141
48 79 33.15062
48 80 70.22458
48 81 8.02005
48 82 66.67367
48 83 100.54108
48 84 67.11102
48 85 53.90067
48 86 43.05869
48 87 39.08094
48 88 54.64643
48 89 34.88528
48 90 76.69129
48 91 55.80859
48 92 95.49733
48 93 60.50871
48 94 8.50301
48 95 55.77481
48 96 50.15473
48 97 81.96515
48 98 39.65809
48 99 85.47166
49 50 79.10083
49 51 70.75114
49 52 68.70404
49 53 94.59481
49 54 70.49475
49 55 64.25046
49 56 79.28625
49 57 58.85798
49 58 95.08953
49 59 42.52049
49 60 56.21258
49 61 75.83036
49 62 63.86370
49 63 86.32898
49 64 80.04221
49 65 75.97550
49 66 37.83986
49 67 74.63882
49 68 84.93640
49 69 34.66501
49 70 45.96105
49 71 72.40022
49 72 66.61481
49 73 51.17003
49 74 78.38819
49 75 61.53884
49 76 71.92075
49 77 43.00845
49 78 46.15129
49 79 7.22995
49 80 53.01742
49 81 32.37488
49 82 36.61581
49 83 77.43579
49 84 33.12880
49 85 66.06196
49 86 64.05373
49 87 8.44508
49 88 22.52074
49 89 33.95518
49 90 87.80140
49 91 60.53034
49 92 84.09183
49 93 34.60523
49 94 47.92489
49 95 30.07800
49 96 44.98241
49 97 56.48858
49 98 31.79446
49 99 58.77463
50 51 71.03381
50 52 96.10329
50 53 63.51253
50 54 74.24321
50 55 21.31184
50 56 88.31236
50 57 76.79807
50 58 59.24671
50 59 66.47201
50 60 66.54616
50 61 6.19548
50 62 44.58568
50 63 27.54949
50 64 77.37586
50 65 43.60744
50 66 64.86305
50 67 100.54810
50 68 14.96738
50 69 93.33760
50 70 59.03979
50 71 65.21289
50 72 24.33808
50 73 30.42551
50 74 7.40911
50 75 70.65623
50 76 24.72254
50 77 48.53080
50 78 44.59693
50 79 80.16201
50 80 26.09501
50 81 88.86856
50 82 48.02539
50 83 23.86416
50 84 55.66255
50 85 52.59108
50 86 66.86303
50 87 71.26437
50 88 58.81289
50 89 57.78170
50 90 50.96789
50 91 42.80823
50 92 6.01387
50 93 45.70595
50 94 93.03788
50 95 49.47238
50 96 42.27020
50 97 31.34108
50 98 54.15663
50 99 33.02399
51 52 29.68173
51 53 31.58547
51 54 3.60399
51 55 76.23608
51 56 17.28326
51 57 15.98788
51 58 35.22118
51 59 28.24425
51 60 14.54460
51 61 73.59197
51 62 26.53028
51 63 52.90727
51 64 9.62691
51 65 30.53120
51 66 32.95239
51 67 32.15609
51 68 62.96162
51 69 53.46957
51 70 26.17681
51 71 7.06791
51 72 46.82024
51 73 50.37850
51 74 76.67795
51 75 9.64562
51 76 86.17011
51 77 35.97565
51 78 81.07702
51 79 65.34290
51 80 61.03263
51 81 50.63903
51 82 73.96830
51 83 89.08932
51 84 79.14283
51 85 18.44276
51 86 7.02063
51 87 64.06806
51 88 69.71602
51 89 39.10930
51 90 33.62433
51 91 28.95719
51 92 71.18048
51 93 65.93072
51 94 41.40791
51 95 63.64080
51 96 40.47037
51 97 78.23225
51 98 44.33334
51 99 82.27277
52 53 59.80595
52 54 26.14749
52 55 96.56213
52 56 19.78418
52 57 19.32290
52 58 64.10993
52 59 34.27054
52 60 29.56577
52 61 97.48525
52 62 52.51230
52 63 81.56593
52 64 31.19706
52 65 59.44509
52 66 38.63362
52 67 6.02985
52 68 90.33699
52 69 38.97450
52 70 39.17452
52 71 36.72430
52 72 71.96387
52 73 70.15762
52 74 100.70511
52 75 25.86902
52 76 106.81364
52 77 51.50652
52 78 94.73992
52 79 61.75160
52 80 80.31472
52 81 38.59029
52 82 85.70835
52 83 110.67192
52 84 88.58663
52 85 45.62089
52 86 30.55489
52 87 64.90379
52 88 76.86336
52 89 47.98055
52 90 63.28182
52 91 53.51317
52 92 97.32899
52 93 78.12702
52 94 23.05786
52 95 74.32489
52 96 57.82894
52 97 95.85187
52 98 54.22732
52 99 99.81060
53 54 34.57696
53 55 77.04016
53 56 41.94930
53 57 47.36423
53 58 5.49930
53 59 54.79878
53 60 42.38646
53 61 68.27837
53 62 32.33771
53 63 37.26987
53 64 28.85924
53 65 22.99402
53 66 58.28341
53 67 60.74107
53 68 50.44760
53 69 83.78738
53 70 49.13610
53 71 25.74590
53 72 44.48725
53 73 57.04126
53 74 70.66809
53 75 40.03969
53 76 85.25078
53 77 52.63841
53 78 90.36370
53 79 90.54978
53 80 65.97128
53 81 80.48047
53 82 86.26331
53 83 86.28392
53 84 93.16567
53 85 28.53942
53 86 35.09698
53 87 86.76329
53 88 86.96732
53 89 60.64754
53 90 12.55404
53 91 36.22735
53 92 60.97646
53 93 78.87697
53 94 72.82710
53 95 78.48481
53 96 53.46204
53 97 82.82381
53 98 63.71135
53 99 86.48203
54 55 78.87418
54 56 14.24644
54 57 13.78738
54 58 38.42456
54 59 28.03955
54 60 14.73441
54 61 76.66605
54 62 29.66925
54 63 56.47647
54 64 9.63663
54 65 34.10587
54 66 32.93297
54 67 28.55218
54 68 66.41820
54 69 51.55090
54 70 27.00199
54 71 10.66212
54 72 49.96918
54 73 52.80216
54 74 79.77488
54 75 8.96983
54 76 88.87830
54 77 37.55915
54 78 82.88491
54 79 64.84052
54 80 63.46410
54 81 48.93628
54 82 75.48720
54 83 91.91915
54 84 80.39978
54 85 21.70015
54 86 8.48358
54 87 64.09761
54 88 70.60783
54 89 39.76594
54 90 37.13471
54 91 31.88555
54 92 74.51431
54 93 67.45004
54 94 38.87223
54 95 64.93972
54 96 42.42271
54 97 80.53343
54 98 45.25873
54 99 84.57994
55 56 93.05992
55 57 77.64328
55 58 73.70792
55 59 63.41298
55 60 67.85320
55 61 15.46004
55 62 50.67227
55 63 45.32356
55 64 84.25846
55 65 54.62695
55 66 60.33481
55 67 101.77737
55 68 34.92036
55 69 85.14037
55 70 57.42584
55 71 71.80240
55 72 32.68713
55 73 26.50345
55 74 16.54384
55 75 73.12531
55 76 10.25231
55 77 45.20041
55 78 23.90781
55 79 66.85849
55 80 16.30398
55 81 80.79247
55 82 29.35218
55 83 14.64922
55 84 36.31014
55 85 58.75464
55 86 70.60734
55 87 57.35474
55 88 42.21395
55 89 51.54690
55 90 64.78831
55 91 47.54916
55 92 27.30866
55 93 29.65343
55 94 88.42431
55 95 34.34532
55 96 38.76087
55 97 10.25325
55 98 46.26741
55 99 11.74287
56 57 20.56953
56 58 46.77742
56 59 38.29880
56 60 26.90473
56 61 90.85628
56 62 43.80664
56 63 69.32195
56 64 13.34946
56 65 47.04214
56 66 43.35514
56 67 19.13402
56 68 79.93271
56 69 54.85629
56 70 39.35519
56 71 23.45769
56 72 64.10175
56 73 66.87869
56 74 93.95047
56 75 20.88101
56 76 103.09154
56 77 50.81769
56 78 96.20073
56 79 72.98681
56 80 77.53142
56 81 53.27852
56 82 88.36631
56 83 106.16260
56 84 92.77978
56 85 35.72265
56 86 22.46780
56 87 73.79271
56 88 82.30896
56 89 51.42056
56 90 47.74629
56 91 46.12204
56 92 88.37873
56 93 80.36879
56 94 39.84359
56 95 77.49025
56 96 56.09541
56 97 94.46782
56 98 57.32800
56 99 98.51565
57 58 50.63937
57 59 17.97109
57 60 10.25203
57 61 78.16939
57 62 33.62808
57 63 63.38851
57 64 23.04505
57 65 41.84070
57 66 22.98726
57 67 24.17026
57 68 71.43958
57 69 37.76934
57 70 20.73022
57 71 21.76844
57 72 52.71628
57 73 51.15587
57 74 81.38738
57 75 7.83708
57 76 87.88006
57 77 33.02029
57 78 77.62764
57 79 52.72781
57 80 61.49094
57 81 35.23912
57 82 69.19496
57 83 91.59535
57 84 73.05109
57 85 27.41270
57 86 13.14931
57 87 53.22734
57 88 62.16249
57 89 31.55456
57 90 47.80093
57 91 34.33635
57 92 78.12436
57 93 61.32389
57 94 25.47057
57 95 58.03520
57 96 39.09733
57 97 77.53135
57 98 37.67999
57 99 81.53977
58 59 56.51235
58 60 44.77542
58 61 64.22827
58 62 31.72354
58 63 32.49906
58 64 33.52851
58 65 20.97160
58 66 59.64464
58 67 65.35032
58 68 45.77522
58 69 86.24080
58 70 50.30927
58 71 28.87121
58 72 41.49029
58 73 55.04646
58 74 66.49616
58 75 43.07331
58 76 81.57872
58 77 52.52490
58 78 88.15587
58 79 91.40343
58 80 63.46067
58 81 82.76069
58 82 84.60875
58 83 82.35194
58 84 91.72721
58 85 29.29687
58 86 37.93266
58 87 87.08150
58 88 86.19113
58 89 61.17757
58 90 9.01884
58 91 35.47092
58 92 56.41673
58 93 77.44274
58 94 75.98649
58 95 77.39100
58 96 52.67036
58 97 79.97298
58 98 63.74960
58 99 83.52815
59 60 13.73669
59 61 66.62301
59 62 29.71768
59 63 59.39828
59 64 37.53564
59 65 41.29471
59 66 5.05776
59 67 40.01510
59 68 64.38235
59 69 31.03474
59 70 7.99925
59 71 30.51891
59 72 44.11442
59 73 37.67701
59 74 69.85026
59 75 19.06973
59 76 73.62293
59 77 18.43014
59 78 60.51928
59 79 37.15245
59 80 47.12260
59 81 27.03190
59 82 51.69011
59 83 77.86811
59 84 55.19826
59 85 27.73648
59 86 21.67400
59 87 36.07909
59 88 44.19255
59 89 13.84223
59 90 50.98161
59 91 28.27406
59 92 68.98599
59 93 43.97158
59 94 26.64708
59 95 40.39289
59 96 24.98435
59 97 61.84931
59 98 20.08188
59 99 65.75920
60 61 67.95741
60 62 23.71425
60 63 53.84103
60 64 23.98126
60 65 32.96776
60 66 18.40932
60 67 34.25082
60 68 61.39043
60 69 41.47490
60 70 12.50246
60 71 17.16274
60 72 42.48076
60 73 41.35382
60 74 71.17102
60 75 6.08321
60 76 78.06056
60 77 24.04554
60 78 69.34545
60 79 50.88486
60 80 51.83394
60 81 38.09510
60 82 61.46804
60 83 81.64185
60 84 66.03051
60 85 18.36226
60 86 7.97927
60 87 49.54793
60 88 55.96512
60 89 25.06370
60 90 40.51721
60 91 24.15940
60 92 67.90232
60 93 53.46554
60 94 32.20842
60 95 50.65929
60 96 29.69948
60 97 68.26692
60 98 30.68849
60 99 72.30167
61 62 47.06683
61 63 33.14607
61 64 80.44589
61 65 47.51213
61 66 64.56907
61 67 102.16903
61 68 20.99770
61 69 92.18542
61 70 59.51792
61 71 68.11070
61 72 26.85237
61 73 29.40698
61 74 3.23714
61 75 72.43884
61 76 18.60931
61 77 48.32910
61 78 39.13947
61 79 77.38366
61 80 23.08692
61 81 87.72840
61 82 43.32148
61 83 18.22039
61 84 50.77330
61 85 55.22693
61 86 68.97308
61 87 68.24300
61 88 54.86013
61 89 56.89889
61 90 55.72932
61 91 44.85368
61 92 12.00291
61 93 41.77595
61 94 92.94289
61 95 45.86937
61 96 41.86195
61 97 25.65075
61 98 52.73648
61 99 27.06654
62 63 30.33076
62 64 33.73117
62 65 12.28748
62 66 31.19414
62 67 56.48095
62 68 37.84165
62 69 60.72888
62 70 21.98045
62 71 21.26612
62 72 20.30182
62 73 26.43630
62 74 50.14782
62 75 26.65660
62 76 60.31270
62 77 20.93463
62 78 59.50196
62 79 60.75530
62 80 36.61499
62 81 56.64020
62 82 54.42389
62 83 62.89755
62 84 61.05716
62 85 8.20963
62 86 22.41180
62 87 55.68971
62 88 54.64434
62 89 30.36188
62 90 23.95965
62 91 3.93149
62 92 45.10343
62 93 46.81635
62 94 54.73152
62 95 46.18632
62 96 21.12440
62 97 54.07801
62 98 32.20876
62 99 58.02584
63 64 56.75576
63 65 22.37881
63 66 59.94934
63 67 84.83766
63 68 13.31165
63 69 90.00724
63 70 51.42239
63 71 46.06160
63 72 19.88510
63 73 36.25436
63 74 34.95328
63 75 55.92665
63 76 51.48503
63 77 45.72195
63 78 64.65500
63 79 85.03814
63 80 40.23556
63 81 85.73872
63 82 64.29990
63 83 51.31959
63 84 72.14803
63 85 36.03612
63 86 51.02183
63 87 77.89081
63 88 70.71290
63 89 56.37348
63 90 25.11747
63 91 31.13796
63 92 24.04933
63 93 58.94483
63 94 85.01935
63 95 60.85353
63 96 41.79791
63 97 53.61509
63 98 55.61741
63 99 56.50471
64 65 34.78558
64 66 42.35504
64 67 31.88224
64 68 67.95011
64 69 60.71762
64 70 35.80215
64 71 12.47161
64 72 53.60723
64 73 58.90331
64 74 83.43547
64 75 18.51623
64 76 94.00927
64 77 45.41102
64 78 90.26380
64 79 74.45133
64 80 69.49491
64 81 58.28254
64 82 83.37540
64 83 96.62270
64 84 88.67402
64 85 25.54833
64 86 16.64743
64 87 73.51870
64 88 79.33632
64 89 48.72751
64 90 34.46546
64 91 36.70934
64 92 76.91424
64 93 75.34564
64 94 47.32662
64 95 73.16495
64 96 49.62372
64 97 86.84706
64 98 53.95539
64 99 90.86979
65 66 43.21477
65 67 62.53046
65 68 33.17909
65 69 72.29550
65 70 33.85059
65 71 23.69503
65 72 21.94419
65 73 34.15272
65 74 50.24675
65 75 34.14862
65 76 63.34488
65 77 32.96831
65 78 67.40736
65 79 73.01012
65 80 42.98498
65 81 68.32624
65 82 63.64144
65 83 64.94497
65 84 70.76182
65 85 14.60729
65 86 29.04233
65 87 67.73324
65 88 65.51819
65 89 42.63407
65 90 12.34605
65 91 15.44732
65 92 42.46381
65 93 56.48199
65 94 65.04211
65 95 56.54007
65 96 32.16423
65 97 59.93927
65 98 44.21794
65 99 63.65534
66 67 44.48209
66 68 63.90857
66 69 30.07598
66 70 9.44626
66 71 34.72359
66 72 43.48332
66 73 35.26690
66 74 67.77134
66 75 23.97455
66 76 70.47101
66 77 16.33239
66 78 56.13042
66 79 32.76924
66 80 44.14251
66 81 25.78945
66 82 47.09470
66 83 74.90497
66 84 50.35284
66 85 30.46244
66 86 26.21388
66 87 31.17038
66 88 39.20645
66 89 9.40037
66 90 53.59212
66 91 29.16450
66 92 67.76607
66 93 39.49640
66 94 28.40647
66 95 35.73539
66 96 22.71035
66 97 58.15136
66 98 15.61642
66 99 61.99746
67 68 94.15222
67 69 44.27772
67 70 44.54156
67 71 39.20358
67 72 76.28659
67 73 75.30721
67 74 105.37408
67 75 29.91868
67 76 112.02079
67 77 56.89758
67 78 100.53046
67 79 67.65383
67 80 85.58333
67 81 44.17148
67 82 91.57606
67 83 115.76471
67 84 94.54796
67 85 49.20684
67 86 34.15950
67 87 70.91918
67 88 82.86272
67 89 53.79013
67 90 65.33213
67 91 57.78247
67 92 101.52225
67 93 83.94917
67 94 28.36281
67 95 80.20633
67 96 63.12820
67 97 101.35218
67 98 60.04150
67 99 105.33031
68 69 93.71243
68 70 56.45876
68 71 56.47512
68 72 20.43692
68 73 33.79634
68 74 22.30344
68 75 64.46871
68 76 39.60681
68 77 48.18124
68 78 56.60506
68 79 84.76629
68 80 34.13098
68 81 89.29881
68 82 58.11910
68 83 38.79165
68 84 66.00340
68 85 44.97268
68 86 59.99303
68 87 76.66559
68 88 66.79731
68 89 58.53982
68 90 38.11650
68 91 37.33042
68 92 10.77690
68 93 54.10762
68 94 90.85874
68 95 56.96554
68 96 42.89250
68 97 44.25555
68 98 56.36643
68 99 46.57860
69 70 38.79323
69 71 58.17777
69 72 73.28322
69 73 62.96156
69 74 95.27804
69 75 44.09057
69 76 94.66491
69 77 45.56792
69 78 73.98055
69 79 27.51008
69 80 69.96771
69 81 4.46913
69 82 63.86037
69 83 99.69666
69 84 63.48444
69 85 58.40841
69 86 48.74520
69 87 34.59066
69 88 51.06274
69 89 35.59775
69 90 81.51150
69 91 59.06411
69 92 96.80349
69 93 58.31534
69 94 15.93121
69 95 53.43020
69 96 51.31675
69 97 80.38572
69 98 39.47437
69 99 83.70171
70 71 26.60548
70 72 36.26932
70 73 31.15233
70 74 62.75434
70 75 18.58533
70 76 67.67771
70 77 12.35619
70 78 57.09387
70 79 41.47824
70 80 41.15351
70 81 34.66712
70 82 49.02106
70 83 71.65507
70 84 53.53033
70 85 21.05993
70 86 19.16001
70 87 38.63434
70 88 43.61610
70 89 12.96001
70 90 44.14874
70 91 20.32366
70 92 61.32623
70 93 41.04062
70 94 34.43338
70 95 38.15975
70 96 18.66712
70 97 56.85019
70 98 18.25685
70 99 60.84684
71 72 41.25836
71 73 46.62268
71 74 71.13115
71 75 14.29676
71 76 81.53846
71 77 34.41389
71 78 78.48878
71 79 67.49158
71 80 57.16459
71 81 55.01672
71 82 72.04069
71 83 84.16312
71 84 77.73534
71 85 13.07684
71 86 9.44039
71 87 65.22670
71 88 69.12381
71 89 39.41091
71 90 26.65634
71 91 24.25875
71 92 65.02833
71 93 64.05987
71 94 47.15872
71 95 62.25675
71 96 37.96821
71 97 74.56622
71 98 43.97884
71 99 78.57594
72 73 16.48728
72 74 29.88790
72 75 46.37236
72 76 41.49832
72 77 27.79137
72 78 47.39424
72 79 65.65927
72 80 22.40710
72 81 68.87543
72 82 45.52186
72 83 43.41881
72 84 53.22331
72 85 28.40704
72 86 42.52495
72 87 58.19530
72 88 50.94696
72 89 38.25439
72 90 32.48034
72 91 18.50521
72 92 25.44170
72 93 39.55508
72 94 70.70092
72 95 41.13357
72 96 22.81690
72 97 38.48419
72 98 36.56588
72 99 42.05089
73 74 32.57822
73 75 46.68878
73 76 36.72792
73 77 19.24687
73 78 33.36933
73 79 51.04740
73 80 10.66228
73 81 58.49442
73 82 29.76086
73 83 40.52447
73 84 37.22430
73 85 33.91847
73 86 44.41778
73 87 42.87327
73 88 34.47274
73 89 27.51462
73 90 46.16078
73 91 22.75971
73 92 34.33568
73 93 23.24437
73 94 63.67313
73 95 24.64662
73 96 12.69286
73 97 27.94756
73 98 23.74606
73 99 31.96665
74 75 75.62472
74 76 17.79602
74 77 51.54461
74 78 40.44735
74 79 80.11019
74 80 25.91103
74 81 90.82467
74 82 45.23607
74 83 16.48821
74 84 52.52988
74 85 58.28885
74 86 72.12217
74 87 70.90049
74 88 57.16239
74 89 60.04801
74 90 58.11432
74 91 47.99574
74 92 12.33624
74 93 44.13164
74 94 96.15243
74 95 48.35494
74 96 45.06834
74 97 26.78962
74 98 55.81334
74 99 27.75746
75 76 83.28505
75 77 29.95528
75 78 75.32299
75 79 55.94390
75 80 57.26489
75 81 41.12192
75 82 67.52526
75 83 86.69557
75 84 72.11366
75 85 19.89077
75 86 5.31551
75 87 55.13247
75 88 62.00516
75 89 31.07819
75 90 39.98586
75 91 27.86716
75 92 71.61504
75 93 59.51550
75 94 32.91374
75 95 56.73980
75 96 35.39785
75 97 73.92181
75 98 36.75953
75 99 77.96464
76 77 55.44417
76 78 27.94118
76 79 75.14153
76 80 26.54388
76 81 90.36501
76 82 35.70732
76 83 5.56124
76 84 41.58444
76 85 68.46424
76 86 80.66508
76 87 65.54912
76 88 49.47504
76 89 61.58757
76 90 72.81250
76 91 57.34042
76 92 30.11534
76 93 37.75277
76 94 98.45325
76 95 42.65557
76 96 49.01213
76 97 15.44852
76 98 56.16498
76 99 13.89295
77 78 45.39812
77 79 40.31266
77 80 28.90036
77 81 41.13756
77 82 37.99290
77 83 59.54866
77 84 43.35407
77 85 24.51540
77 86 29.16007
77 87 34.77663
77 88 34.98972
77 89 10.65315
77 90 44.89176
77 91 17.52200
77 92 51.50787
77 93 29.95507
77 94 44.62295
77 95 27.85547
77 96 6.55440
77 97 44.51400
77 98 11.27514
77 99 48.51973
78 79 50.61353
78 80 24.99001
78 81 70.07890
78 82 10.13450
78 83 33.42781
78 84 13.84643
78 85 66.45027
78 86 74.43038
78 87 41.17269
78 88 23.94501
78 89 46.76013
78 90 79.18495
78 91 55.67316
78 92 50.58897
78 93 16.68761
78 94 81.30218
78 95 21.03307
78 96 40.64087
78 97 13.70935
78 98 40.51751
78 99 14.05213
79 80 54.31869
79 81 25.14580
79 82 40.70269
79 83 80.57565
79 84 38.30893
79 85 62.15261
79 86 58.82420
79 87 9.60620
79 88 26.66907
79 89 30.40658
79 90 84.50858
79 91 57.66749
79 92 84.84076
79 93 37.39999
79 94 40.72842
79 95 32.55486
79 96 43.26162
79 97 59.85399
79 98 29.52329
79 99 62.48150
80 81 65.55214
80 82 24.21538
80 83 30.77346
80 84 32.11315
80 85 44.33857
80 86 55.07468
80 87 45.25985
80 88 33.04820
80 89 35.54602
80 90 54.45322
80 91 33.09450
80 92 31.27641
80 93 20.09182
80 94 72.36901
80 95 23.47140
80 96 22.48759
80 97 17.46581
80 98 30.61094
80 99 21.43707
81 82 59.98198
81 83 95.36735
81 84 59.92104
81 85 54.60599
81 86 45.57829
81 87 31.40860
81 88 47.46169
81 89 31.13123
81 90 77.78672
81 91 54.87269
81 92 92.33922
81 93 54.23997
81 94 16.06474
81 95 49.38950
81 96 46.85645
81 97 76.18256
81 98 35.02988
81 99 79.54377
82 83 41.26680
82 84 7.90138
82 85 60.68083
82 86 67.13492
82 87 31.18787
82 88 14.13403
82 89 37.84838
82 90 75.80657
82 91 50.50195
82 92 53.80442
82 93 8.03953
82 94 71.47745
82 95 11.40761
82 96 34.16018
82 97 20.31818
82 98 31.61239
82 99 22.21850
83 84 47.11594
83 85 71.09919
83 86 83.83138
83 87 70.99265
83 88 55.00974
83 89 66.17824
83 90 73.75793
83 91 60.14298
83 92 28.60645
83 93 43.17583
83 94 103.05247
83 95 48.05200
83 96 53.04416
83 97 20.99204
83 98 60.91575
83 99 19.40168
84 85 66.89368
84 86 72.19999
84 87 29.31405
84 88 12.46836
84 89 41.50067
84 90 83.01049
84 91 57.12578
84 92 61.49649
84 93 14.29372
84 94 72.67685
84 95 15.51100
84 96 40.29722
84 97 26.63714
84 98 35.46238
84 99 27.72024
85 86 15.08632
85 87 58.22998
85 88 59.40880
85 89 32.10996
85 90 23.24631
85 91 11.26711
85 92 52.82359
85 93 52.84837
85 94 50.48789
85 95 51.63769
85 96 26.60325
85 97 61.79034
85 98 35.33459
85 99 65.77530
86 87 57.22478
86 88 62.69948
86 89 32.10144
86 90 34.67442
86 91 24.12920
86 92 67.51523
86 93 59.09541
86 94 38.10514
86 95 56.70835
86 96 33.94020
86 97 72.08577
86 98 37.31594
86 99 76.13315
87 88 17.28241
87 89 26.17967
87 90 79.64757
87 91 52.28707
87 92 76.12304
87 93 27.82314
87 94 45.73872
87 95 23.01535
87 96 36.55597
87 97 50.24942
87 98 23.51534
87 99 52.88166
88 89 30.94173
88 90 77.85952
88 91 50.79122
88 92 64.23428
88 93 13.11281
88 94 60.30655
88 95 9.89617
88 96 33.54063
88 97 34.02764
88 98 25.38391
88 99 36.25393
89 90 54.11456
89 91 27.38387
89 92 61.21091
89 93 30.15933
89 94 36.87763
89 95 26.55852
89 96 15.76482
89 97 48.90284
89 98 6.25166
89 99 52.71144
90 91 27.48746
90 92 48.54037
90 93 68.74740
90 94 72.55041
90 95 68.87870
90 96 44.45909
90 97 70.95980
90 98 56.16678
90 99 74.52576
91 92 43.81585
91 93 42.88538
91 94 54.04865
91 95 42.27238
91 96 17.25301
91 97 50.55566
91 98 28.77219
91 99 54.53063
92 93 51.16034
92 94 95.63175
92 95 54.74599
92 96 45.49830
92 97 37.35493
92 98 58.01953
92 99 39.00289
93 94 64.78605
93 95 4.96928
93 96 26.26476
93 97 22.58094
93 98 23.90776
93 99 25.55096
94 95 60.26912
94 96 51.08492
94 97 85.38906
94 98 42.39719
94 99 89.06432
95 96 25.15079
95 97 27.53894
95 98 20.36201
95 99 30.51688
96 97 38.56751
96 98 13.83358
96 99 42.60240
97 98 43.04590
97 99 4.04792
98 99 46.79061
6.7720 30.6092
47.8951 74.5287
73.7680 94.4898
16.8444 14.3478
36.6923 82.6395
1.3009 86.2431
76.1999 48.5535
81.0460 42.8562
6.0529 34.1134
5.4545 54.2251
26.8093 45.7813
39.8244 62.8852
56.9939 59.1153
86.2010 53.0700
38.6418 4.4940
99.8325 31.8314
77.3137 38.0294
18.3300 39.6782
38.7591 52.0282
7.7786 12.6890
29.0847 39.3925
17.4486 29.2429
52.6946 37.4661
68.2076 20.7642
20.0897 16.1644
36.3839 45.8033
28.4142 22.2548
61.0212 88.4187
85.3005 97.5696
92.1676 35.3716
8.6113 2.2845
48.8888 65.9005
17.7489 25.8919
34.1287 64.0697
78.9109 27.6428
47.3605 17.8710
32.6234 54.1917
15.4575 68.8095
71.0977 73.1105
52.6700 93.5039
53.4468 43.3413
2.9757 64.7841
69.4532 29.4719
71.3397 48.6486
57.9662 32.7781
75.7724 52.3022
64.1515 83.3191
51.3917 1.1031
95.4537 41.9691
82.2405 80.1267
5.2348 62.0418
57.4356 13.8663
87.0299 11.5898
27.8874 2.7063
60.9170 12.9343
17.9981 79.1091
69.8273 1.8182
70.9837 22.3552
23.2018 5.5851
67.9712 40.0720
62.1833 27.6142
7.4118 67.8422
39.0978 33.0387
8.8140 34.7258
56.7044 4.2672
29.2736 25.6585
67.8539 45.1284
88.5519 5.7552
3.9766 47.1274
97.6686 49.0842
59.9734 39.9198
50.4708 15.0692
24.4134 47.0577
35.5304 59.2332
4.5866 69.4225
63.1818 21.6135
10.5750 86.1807
52.1021 49.4444
37.7861 92.5262
84.6032 73.2937
30.4854 68.6264
93.2390 49.6773
46.2732 86.9875
5.0206 85.9050
51.6299 92.7959
43.8643 26.3545
57.9185 20.8703
75.2336 75.4126
59.9793 83.5359
62.2527 52.6778
23.8189 14.5828
39.8765 36.8923
1.2360 57.5500
47.6515 79.0670
93.8262 33.6233
52.2957 77.2992
46.4886 52.8280
26.0089 85.5088
59.2523 58.1624
24.1561 89.1078
