50
0 1 42.61601
0 2 73.01009
0 3 62.85132
0 4 61.21550
0 5 19.36336
0 6 14.39140
0 7 56.29178
0 8 23.10901
0 9 15.15328
0 10 39.22713
0 11 31.94305
0 12 60.65243
0 13 13.97271
0 14 58.91217
0 15 49.90846
0 16 76.08077
0 17 77.55826
0 18 11.66658
0 19 32.90796
0 20 51.12106
0 21 59.18447
0 22 77.55914
0 23 45.85746
0 24 29.64600
0 25 64.18183
0 26 52.77462
0 27 31.77424
0 28 19.89012
0 29 44.65584
0 30 29.79060
0 31 63.54795
0 32 23.48092
0 33 21.02234
0 34 59.86332
0 35 18.71579
0 36 10.36285
0 37 36.14406
0 38 38.85990
0 39 59.74577
0 40 25.80916
0 41 62.83746
0 42 32.93657
0 43 71.15119
0 44 31.09328
0 45 56.45828
0 46 67.76702
0 47 35.69600
0 48 22.75167
0 49 22.70478
1 2 40.86652
1 3 84.23466
1 4 21.98148
1 5 55.54875
1 6 28.22464
1 7 61.33069
1 8 51.71867
1 9 43.64131
1 10 76.22999
1 11 13.99017
1 12 18.05120
1 13 39.51550
1 14 44.26915
1 15 29.27486
1 16 59.37946
1 17 57.38708
1 18 35.40651
1 19 49.88272
1 20 25.21968
1 21 75.86550
1 22 46.37308
1 23 15.36323
1 24 65.94214
1 25 22.26506
1 26 20.13814
1 27 33.74901
1 28 61.94011
1 29 2.97645
1 30 48.69174
1 31 61.57838
1 32 19.97746
1 33 55.85048
1 34 28.37384
1 35 51.06271
1 36 46.53163
1 37 29.99378
1 38 63.10699
1 39 29.19865
1 40 45.48915
1 41 28.60313
1 42 48.72871
1 43 38.28019
1 44 34.65055
1 45 23.57853
1 46 35.45900
1 47 37.69652
1 48 43.34125
1 49 65.04727
2 3 84.04212
2 4 48.83774
2 5 90.45697
2 6 60.71633
2 7 53.67126
2 8 89.07513
2 9 65.59621
2 10 111.43528
2 11 42.78272
2 12 35.72184
2 13 62.85200
2 14 26.93414
2 15 24.39838
2 16 29.46760
2 17 24.35687
2 18 61.94852
2 19 59.47246
2 20 62.99166
2 21 73.50811
2 22 5.53582
2 23 28.56419
2 24 84.54469
2 25 41.45454
2 26 21.69340
2 27 74.30013
2 28 92.57073
2 29 41.79518
2 30 60.56863
2 31 46.74207
2 32 51.18402
2 33 91.37337
2 34 61.57352
2 35 71.40426
2 36 80.58131
2 37 39.37315
2 38 72.03550
2 39 13.34198
2 40 60.13524
2 41 12.26955
2 42 88.68308
2 43 2.69803
2 44 75.10709
2 45 57.49919
2 46 65.43474
2 47 44.92873
2 48 81.82321
2 49 91.70147
3 4 106.08975
3 5 77.32626
3 6 67.84721
3 7 30.63549
3 8 84.50481
3 9 48.96302
3 10 88.49471
3 11 70.64361
3 12 98.11464
3 13 52.29462
3 14 57.14205
3 15 64.40622
3 16 63.46887
3 17 68.98432
3 18 57.71532
3 19 34.92066
3 20 104.94815
3 21 10.64573
3 22 84.94356
3 23 74.37351
3 24 38.65539
3 25 104.33687
3 26 77.16439
3 27 92.75884
3 28 66.65051
3 29 87.20954
3 30 36.92043
3 31 39.84972
3 32 68.59440
3 33 79.51071
3 34 111.28740
3 35 44.14704
3 36 71.99303
3 37 54.98013
3 38 24.12474
3 39 76.57732
3 40 40.99449
3 41 82.31173
3 42 95.74627
3 43 84.18908
3 44 92.37663
3 45 106.72154
3 46 118.99787
3 47 46.91717
3 48 85.60142
3 49 56.94237
4 5 70.13980
4 6 47.32366
4 7 81.99607
4 8 64.02834
4 9 64.80494
4 10 89.32480
4 11 35.93026
4 12 13.11817
4 13 60.61552
4 14 61.60785
4 15 47.19483
4 16 74.03530
4 17 70.62944
4 18 56.01718
4 19 71.85995
4 20 18.79885
4 21 97.49714
4 22 54.06597
4 23 33.57434
4 24 86.97183
4 25 8.31270
4 26 34.56492
4 27 41.28326
4 28 79.10287
4 29 19.04545
4 30 70.66357
4 31 80.87048
4 32 40.79176
4 33 69.85382
4 34 13.35805
4 35 72.22308
4 36 62.56757
4 37 51.40762
4 38 85.07579
4 39 41.66416
4 40 67.40192
4 41 38.07120
4 42 56.50943
4 43 46.18761
4 44 42.48845
4 45 10.62407
4 46 16.72801
4 47 59.32347
4 48 54.87461
4 49 83.90857
5 6 29.74817
5 7 74.94271
5 8 9.34010
5 9 33.60836
5 10 21.03883
5 11 47.94397
5 12 72.79004
5 13 33.19653
5 14 78.10866
5 15 68.30565
5 16 95.35526
5 17 96.66029
5 18 30.87544
5 19 51.17072
5 20 55.71513
5 21 75.42578
5 22 95.28975
5 23 62.32613
5 24 39.70133
5 25 74.92140
5 26 69.37239
5 27 31.47974
5 28 13.62794
5 29 56.86088
5 30 48.01564
5 31 82.66524
5 32 39.35960
5 33 2.19814
5 34 65.13889
5 35 34.66913
5 36 9.92117
5 37 55.16512
5 38 54.43312
5 39 77.11525
5 40 44.35940
5 41 79.53479
5 42 23.16377
5 43 88.39956
5 44 30.32632
5 45 62.90151
5 46 72.37653
5 47 55.05897
5 48 16.88165
5 49 23.74449
6 7 54.40643
6 8 29.18724
6 9 19.70583
6 10 50.76034
6 11 18.31145
6 12 46.26346
6 13 15.80473
6 14 50.51800
6 15 39.13425
6 16 67.93526
6 17 68.46250
6 18 10.33897
6 19 33.90775
6 20 39.25125
6 21 62.08449
6 22 65.59037
6 23 32.64233
6 24 40.53686
6 25 49.89761
6 26 39.67927
6 27 25.46221
6 28 33.93688
6 29 30.29246
6 30 31.31754
6 31 59.54873
6 32 9.67154
6 33 30.67220
6 34 47.33275
6 35 26.56005
6 36 19.91492
6 37 27.59733
6 38 44.01095
6 39 47.37623
6 40 27.06517
6 41 49.84015
6 42 33.40255
6 43 58.65141
6 44 25.31402
6 45 43.51685
6 46 55.33031
6 47 30.26772
6 48 23.91818
6 49 36.93063
7 8 79.33110
7 9 41.36551
7 10 91.82684
7 11 49.53371
7 12 72.11995
7 13 42.47450
7 14 26.74624
7 15 36.32059
7 16 33.82794
7 17 38.93979
7 18 46.53796
7 19 23.86518
7 20 85.10065
7 21 19.99740
7 22 54.34697
7 23 48.57910
7 24 46.51903
7 25 78.70459
7 26 49.69832
7 27 79.47586
7 28 68.77018
7 29 64.21813
7 30 27.00151
7 31 10.75501
7 32 50.94316
7 33 76.86108
7 34 89.65754
7 35 41.34676
7 36 66.65300
7 37 31.65864
7 38 27.44859
7 39 47.41729
7 40 30.59578
7 41 53.18492
7 42 87.16753
7 43 54.00287
7 44 79.48572
7 45 84.87746
7 46 96.76416
7 47 25.13801
7 48 77.07528
7 49 62.06267
8 9 38.24790
8 10 25.29801
8 11 46.31108
8 12 68.08123
8 13 36.86782
8 14 79.45744
8 15 68.29501
8 16 96.86683
8 17 97.59984
8 18 33.33224
8 19 56.01462
8 20 48.37403
8 21 81.76578
8 22 94.15422
8 23 60.54715
8 24 47.82356
8 25 69.50026
8 26 67.53782
8 27 23.68938
8 28 22.92941
8 29 52.60080
8 30 52.89201
8 31 86.22847
8 32 38.14117
8 33 7.65645
8 34 57.80771
8 35 40.80210
8 36 12.86244
8 37 56.39019
8 38 61.00650
8 39 75.82580
8 40 48.91487
8 41 77.60743
8 42 13.82391
8 43 86.84756
8 44 22.47645
8 45 56.00664
8 46 64.72541
8 47 57.60094
8 48 9.17615
8 49 32.82562
9 10 51.62974
9 11 30.21935
9 12 61.10379
9 13 4.19933
9 14 47.34673
9 15 41.31383
9 16 63.85563
9 17 66.10324
9 18 9.40618
9 19 17.77437
9 20 58.76340
9 21 44.42026
9 22 69.49517
9 23 41.55604
9 24 22.30279
9 25 65.89290
9 26 47.73532
9 27 43.84671
9 28 29.31416
9 29 46.29071
9 30 14.64471
9 31 49.16965
9 32 24.01338
9 33 35.50186
9 34 66.47410
9 35 7.43001
9 36 25.42972
9 37 26.37736
9 38 24.85521
9 39 52.94360
9 40 10.77068
9 41 57.09789
9 42 47.62967
9 43 64.15201
9 44 43.43187
9 45 62.39773
9 46 74.46653
9 47 23.23612
9 48 37.36036
9 49 26.23476
10 11 68.98186
10 12 93.09333
10 13 52.21945
10 14 98.01963
10 15 88.97535
10 16 115.03638
10 17 116.72441
10 18 50.88415
10 19 68.06075
10 20 73.33891
10 21 88.79678
10 22 116.21801
10 23 83.36235
10 24 49.92988
10 25 94.73779
10 26 90.40806
10 27 48.63846
10 28 23.10093
10 29 77.36501
10 30 64.98699
10 31 100.49677
10 32 60.39035
10 33 20.42239
10 34 82.72668
10 35 50.48030
10 36 30.85727
10 37 75.36778
10 38 68.06308
10 39 98.09407
10 40 61.91547
10 41 100.57084
10 42 35.46080
10 43 109.40282
10 44 47.41045
10 45 81.15867
10 46 89.34510
10 47 74.36600
10 48 34.45379
10 49 31.63490
11 12 30.89659
11 13 26.21867
11 14 37.23318
11 15 23.43415
11 16 54.07468
11 17 53.47619
11 18 22.79274
11 19 36.03680
11 20 35.59024
11 21 62.64281
11 22 47.84401
11 23 14.38699
11 24 52.46730
11 25 35.92063
11 26 21.43392
11 27 34.49716
11 28 51.82156
11 29 16.88899
11 30 34.74014
11 31 51.43734
11 32 8.64207
11 33 48.73367
11 34 40.84258
11 35 37.57234
11 36 38.18882
11 37 17.93527
11 38 49.14806
11 39 29.51474
11 40 31.49902
11 41 31.59373
11 42 47.17309
11 43 40.60426
11 44 34.99303
11 45 36.18340
11 46 48.41673
11 47 24.84057
11 48 39.37944
11 49 53.38010
12 13 57.06377
12 14 49.91633
12 15 36.20590
12 16 61.36813
12 17 57.74199
12 18 53.24575
12 19 65.06779
12 20 29.15215
12 21 88.91377
12 22 40.97059
12 23 23.81502
12 24 83.36388
12 25 6.71212
12 26 22.93767
12 27 47.37760
12 28 79.85439
12 29 16.10188
12 30 64.37530
12 31 69.88741
12 32 37.89850
12 33 72.89792
12 34 26.04562
12 35 68.46836
12 36 64.13007
12 37 43.18981
12 38 78.67099
12 39 29.06367
12 40 61.65476
12 41 25.09813
12 42 62.91235
12 43 33.06969
12 44 48.48049
12 45 22.34338
12 46 29.78487
12 47 51.27741
12 48 59.24429
12 49 83.09606
13 14 45.95761
13 15 38.77277
13 16 62.83246
13 17 64.72438
13 18 5.47739
13 19 19.62114
13 20 54.67596
13 21 47.18566
13 22 66.93958
13 23 38.00987
13 24 26.43541
13 25 61.77649
13 26 44.36810
13 27 40.48628
13 28 30.64171
13 29 42.14186
13 30 16.65320
13 31 49.57534
13 32 19.82422
13 33 34.94052
13 34 62.31603
13 35 11.60801
13 36 24.29943
13 37 24.05856
13 38 28.30302
13 39 49.99055
13 40 12.42045
13 41 53.92375
13 42 45.29849
13 43 61.29719
13 44 40.14290
13 45 58.21931
13 46 70.30499
13 47 22.14719
13 48 35.05309
13 49 28.87485
14 15 14.99696
14 16 17.42014
14 17 18.77428
14 18 47.26737
14 19 36.11885
14 20 69.48855
14 21 46.58417
14 22 27.97858
14 23 29.07395
14 24 62.33418
14 25 56.62243
14 26 27.09245
14 27 71.61709
14 28 76.51968
14 29 46.67526
14 30 38.04036
14 31 20.83972
14 32 42.94864
14 33 79.55034
14 34 71.71350
14 35 51.35753
14 36 68.40324
14 37 23.07865
14 38 47.12262
14 39 22.04647
14 40 39.00478
14 41 27.61133
14 42 83.23622
14 43 27.28248
14 44 72.03708
14 45 66.97754
14 46 77.78193
14 47 24.12924
14 48 74.31628
14 49 73.09699
15 16 30.84601
15 17 30.04516
15 18 38.45289
15 19 35.81545
15 20 54.49451
15 21 54.45537
15 22 28.18939
15 23 14.11235
15 24 60.25802
15 25 42.89088
15 26 13.41959
15 27 57.87889
15 28 69.00058
15 29 31.68424
15 30 36.57516
15 31 33.74841
15 32 30.41126
15 33 69.47843
15 34 56.83644
15 35 47.00761
15 36 58.39367
15 37 14.98930
15 38 48.99103
15 39 12.86139
15 40 35.83899
15 41 18.28609
15 42 70.46126
15 43 23.21357
15 44 58.40647
15 45 52.07948
15 46 63.09247
15 47 20.90191
15 48 62.18882
15 49 67.50708
16 17 6.05532
16 18 64.48134
16 19 50.58715
16 20 84.36316
16 21 52.97495
16 22 27.08276
16 23 44.04163
16 24 76.62646
16 25 67.83937
16 26 40.14977
16 27 88.57000
16 28 93.16412
16 29 61.45239
16 30 52.99467
16 31 23.65530
16 32 60.22864
16 33 96.84011
16 34 85.39342
16 35 67.12684
16 36 85.70966
16 37 40.47764
16 38 59.40906
16 39 32.37221
16 40 54.69772
16 41 36.50688
16 42 100.54411
16 43 31.27714
16 44 89.04566
16 45 80.81452
16 46 90.68125
16 47 40.71560
16 48 91.71091
16 49 89.01367
17 18 65.89511
17 19 53.97571
17 20 82.00967
17 21 58.42394
17 22 21.44724
17 23 42.25108
17 24 80.19549
17 25 64.05815
17 26 37.58756
17 27 87.87081
17 28 95.29386
17 29 59.24635
17 30 56.17828
17 31 29.14114
17 32 60.23928
17 33 98.04312
17 34 82.42714
17 35 69.91342
17 36 86.88401
17 37 41.49666
17 38 63.63392
17 39 29.17587
17 40 57.49962
17 41 32.65702
17 42 100.45550
17 43 26.39883
17 44 88.42239
17 45 77.95162
17 46 87.34639
17 47 42.87062
17 48 91.96992
17 49 91.73170
18 19 24.48506
18 20 49.37030
18 21 52.38198
18 22 66.33545
18 23 35.71749
18 24 30.99601
18 25 57.63520
18 26 42.40793
18 27 35.12909
18 28 30.63414
18 29 37.89374
18 30 21.66129
18 31 52.93471
18 32 15.44082
18 33 32.40038
18 34 57.16831
18 35 16.50938
18 36 21.34201
18 37 24.48379
18 38 33.76363
18 39 48.80413
18 40 17.37444
18 41 52.28051
18 42 40.70446
18 43 60.20696
18 44 34.82440
18 45 53.16026
18 46 65.16698
18 47 24.36646
18 48 30.55143
18 49 30.73960
19 20 70.03305
19 21 28.21877
19 22 62.24149
19 23 42.06943
19 24 26.25281
19 25 70.91386
19 26 46.42353
19 27 59.33170
19 28 45.07450
19 29 52.83550
19 30 3.15523
19 31 32.59417
19 32 33.69614
19 33 53.12710
19 34 76.43080
19 35 17.66525
19 36 43.20408
19 37 22.55476
19 38 13.68884
19 39 48.65948
19 40 7.20292
19 41 53.88524
19 42 64.91954
19 43 58.69433
19 44 59.11642
19 45 71.90637
19 46 84.19395
19 47 15.01252
19 48 54.67130
19 49 39.12532
20 21 97.66185
20 22 68.48482
20 23 40.52107
20 24 79.66540
20 25 26.65157
20 26 44.42211
20 27 24.71921
20 28 66.48719
20 29 22.93070
20 30 68.10892
20 31 86.33111
20 32 36.36473
20 33 55.02286
20 34 9.44161
20 35 65.79420
20 36 49.71745
20 37 53.44952
20 38 82.00398
20 39 53.08132
20 40 64.21232
20 41 51.06406
20 42 39.00167
20 43 60.29590
20 44 25.94410
20 45 8.47784
20 46 16.85444
20 47 60.37559
20 48 39.28277
20 49 73.01306
21 22 74.32840
21 23 65.10081
21 24 39.23304
21 25 95.26854
21 26 67.44766
21 27 87.44510
21 28 66.12248
21 29 78.83846
21 30 30.78188
21 31 29.32321
21 32 61.56635
21 33 77.55725
21 34 103.48123
21 35 40.97598
21 36 68.96764
21 37 46.10278
21 38 21.03137
21 39 66.38957
21 40 35.05908
21 41 72.14641
21 42 92.01104
21 43 73.71386
21 44 87.18503
21 45 98.82464
21 46 111.03806
21 47 38.18938
21 48 81.75057
21 49 57.25677
22 23 33.76805
22 24 87.76214
22 25 46.52708
22 26 27.00883
22 27 79.74010
22 28 96.96598
22 29 47.32687
22 30 63.56185
22 31 46.55493
22 32 56.13880
22 33 96.26248
22 34 66.91183
22 35 75.02600
22 36 85.38941
22 37 43.13167
22 38 74.37070
22 39 18.33318
22 40 63.44302
22 41 17.79221
22 42 94.03598
22 43 8.20777
22 44 80.53430
22 45 62.89380
22 46 70.58617
22 47 48.08098
22 48 87.03443
22 49 95.69637
23 24 63.00735
23 25 30.24588
23 26 7.04704
23 27 46.53450
23 28 65.72876
23 29 17.62467
23 30 41.78797
23 31 47.38915
23 32 22.98041
23 33 63.11974
23 34 42.74191
23 35 48.45722
23 36 52.54887
23 37 19.67298
23 38 55.75815
23 39 15.50174
23 40 39.64764
23 41 17.20867
23 42 60.39234
23 43 26.30092
23 44 47.23533
23 45 37.97687
23 46 49.12608
23 47 27.71637
23 48 53.27204
23 49 66.41734
24 25 88.19566
24 26 68.70957
24 27 61.40738
24 28 28.09443
24 29 68.57726
24 30 24.36407
24 31 56.75791
24 32 46.21659
24 33 41.89717
24 34 87.86955
24 35 14.89877
24 36 36.37543
24 37 45.55334
24 38 19.55580
24 39 72.74247
24 40 24.42022
24 41 77.45241
24 42 60.44765
24 43 83.47047
24 44 60.69831
24 45 84.00723
24 46 95.86710
24 47 39.68442
24 48 50.94480
24 49 18.30921
25 26 29.64773
25 27 47.59760
25 28 82.89335
25 29 19.75647
25 30 70.06601
25 31 76.59003
25 32 42.19440
25 33 74.83893
25 34 21.64935
25 35 73.30814
25 36 66.73373
25 37 49.35812
25 38 84.43388
25 39 35.62777
25 40 67.16339
25 41 31.41268
25 42 63.06118
25 43 38.85967
25 44 48.76515
25 45 18.80111
25 46 24.10986
25 47 57.43246
25 48 60.45657
25 49 86.82408
26 27 52.84023
26 28 72.61914
26 29 21.73819
26 30 46.52660
26 31 46.96268
26 32 30.02240
26 33 70.16587
26 34 45.29467
26 35 54.41118
26 36 59.58960
26 37 23.91232
26 38 60.03554
26 39 9.10224
26 40 44.83086
26 41 10.16300
26 42 67.02729
26 43 19.34948
26 44 53.60199
26 45 40.67969
26 46 50.92648
26 47 31.55535
26 48 60.15177
26 49 73.00554
27 28 43.33200
27 29 33.58838
27 30 56.66503
27 31 83.73497
27 32 29.28897
27 33 30.57666
27 34 34.13797
27 35 49.58742
27 36 27.08628
27 37 50.27798
27 38 68.68896
27 39 61.86537
27 40 52.38604
27 41 62.11948
27 42 15.53924
27 43 71.78408
27 44 1.22868
27 45 32.56227
27 46 41.05819
27 47 54.70246
27 48 14.70611
27 49 51.21429
28 29 63.75811
28 30 42.03660
28 31 77.61066
28 32 43.30874
28 33 15.59200
28 34 75.75756
28 35 27.43592
28 36 16.78648
28 37 54.59264
28 38 45.21464
28 39 79.38432
28 40 39.16807
28 41 82.64563
28 42 36.72617
28 43 90.79436
28 44 42.27479
28 45 72.99473
28 46 83.33313
28 47 52.49014
28 48 29.42725
28 49 10.51832
29 30 51.61813
29 31 64.30036
29 32 22.45598
29 33 57.05805
29 34 25.56628
29 35 53.71918
29 36 48.06506
29 37 32.94141
29 38 66.03069
29 39 30.66293
29 40 48.37882
29 41 29.54088
29 42 48.83097
29 43 39.16093
29 44 34.55917
29 45 20.76597
29 46 32.54942
29 47 40.66569
29 48 44.01326
29 49 67.20772
30 31 35.58215
30 32 31.74741
30 33 49.97202
30 34 74.75131
30 35 14.68832
30 36 40.07186
30 37 22.63067
30 38 14.41674
30 39 49.33631
30 40 4.28813
30 41 54.40535
30 42 61.92768
30 43 59.66227
30 44 56.41516
30 45 70.28878
30 46 82.57566
30 47 15.68476
30 48 51.66942
30 49 36.34167
31 32 54.52801
31 33 84.47350
31 34 89.84401
31 35 50.25222
31 36 73.85345
31 37 33.78828
31 38 38.01102
31 39 42.83762
31 40 38.61073
31 41 48.44451
31 42 92.87755
31 43 47.51426
31 44 83.89267
31 45 85.04596
31 46 96.47933
31 47 29.28251
31 48 83.04498
31 49 71.57249
32 33 40.20497
32 34 43.19650
32 35 31.43216
32 36 29.56852
32 37 20.99438
32 38 45.75870
32 39 37.85964
32 40 27.90234
32 41 40.18519
32 42 40.31654
32 43 49.07269
32 44 29.53586
32 45 38.87770
32 46 51.11136
32 47 25.83948
32 48 31.77948
32 49 45.38087
33 34 64.46112
33 35 36.75335
33 36 11.15941
33 37 56.55094
33 38 56.57533
33 39 78.03742
33 40 46.26686
33 41 80.32141
33 42 21.41887
33 43 89.27750
33 44 29.39794
33 45 62.36580
33 46 71.59190
33 47 56.67667
33 48 15.87873
33 49 25.82689
34 35 73.67577
34 36 58.97302
34 37 58.14545
34 38 88.92033
34 39 53.25356
34 40 71.04278
34 41 50.29062
34 42 48.14787
34 43 58.89253
34 44 35.36036
34 45 4.80039
34 46 8.00138
34 47 65.57335
34 48 48.72338
34 49 82.02324
35 36 28.05139
35 37 32.03707
35 38 20.26110
35 39 59.08540
35 40 12.43440
35 41 63.50419
35 42 51.60247
35 43 70.11571
35 44 49.05562
35 45 69.66374
35 46 81.67508
35 47 27.45204
35 48 41.45792
35 49 21.88825
36 37 45.39311
36 38 48.30234
36 39 67.23956
36 40 36.14319
36 41 69.75173
36 42 24.13095
36 43 78.54584
36 44 26.11939
36 45 56.22516
36 46 66.56870
36 47 45.69005
36 48 14.64417
36 49 24.14530
37 38 36.21900
37 39 27.19386
37 40 21.23767
37 41 31.96923
37 42 60.73049
37 43 38.08949
37 44 50.52946
37 45 53.39033
37 46 65.42606
37 47 8.08768
37 48 51.49991
37 49 52.60459
38 39 61.84839
38 40 17.87925
38 41 67.20996
38 42 71.79544
38 43 71.46535
38 44 68.28555
38 45 84.51573
38 46 96.79087
38 47 28.50413
38 48 61.60146
38 49 36.76802
39 40 48.37642
39 41 5.77144
39 42 75.88480
39 43 11.41080
39 44 62.60588
39 45 48.77888
39 46 58.32644
39 47 33.70262
39 48 68.72322
39 49 78.86393
40 41 53.20567
40 42 57.71784
40 43 59.05058
40 44 52.13103
40 45 66.63755
40 46 78.91173
40 47 15.40963
40 48 47.46853
40 49 34.31649
41 42 76.64980
41 43 9.68073
41 44 62.94731
41 45 46.01452
41 46 54.79879
41 47 38.87861
41 48 70.08356
41 49 82.71545
42 43 86.24410
42 44 14.43397
42 45 47.25799
42 46 54.28661
42 47 63.62439
42 48 10.27053
42 49 46.43666
43 44 72.60345
43 45 54.80757
43 46 62.80475
43 47 43.98307
43 48 79.50006
43 49 90.16980
44 45 33.79031
44 46 42.26056
44 47 54.79600
44 48 13.52119
44 49 50.26121
45 46 12.28915
45 47 60.85984
45 48 46.84515
45 49 78.84166
46 47 72.99955
46 48 55.75286
46 49 89.82047
47 48 53.87581
47 49 49.02789
48 49 38.25112
29.3985 32.5764
71.8335 36.5001
90.1880 73.0129
8.2654 91.7683
90.0348 24.1754
20.4452 15.4073
43.7265 33.9258
38.6802 88.0977
27.7040 9.5296
29.6611 47.7274
3.1545 3.4213
59.5345 43.1679
89.8673 37.2925
33.4633 45.9448
64.2049 80.1070
67.0157 65.3758
71.6010 95.8791
77.2245 93.6334
36.7959 41.5979
31.2003 65.4350
76.0323 11.6324
18.8685 90.8166
92.1185 78.2012
71.0130 51.8414
8.0185 53.1137
93.5743 31.6969
76.6653 56.0500
51.3931 9.6452
10.9382 25.1714
74.0140 34.4741
30.5664 62.3441
48.0851 93.3148
52.0041 38.9278
21.0344 13.2896
85.4739 11.6201
22.5904 50.0100
27.4927 22.3903
53.0642 59.8954
18.2244 69.7951
79.8522 64.5761
31.8892 58.2651
84.9700 61.9082
38.5277 0.9303
89.6875 70.3617
50.1803 9.4483
83.3446 15.9224
92.4011 7.6156
46.1530 64.0961
36.7539 11.0465
6.8073 34.8446
