50
0 1 40.21101
0 2 32.91529
0 3 35.19087
0 4 37.13073
0 5 26.72126
0 6 58.22154
0 7 16.18131
0 8 53.53670
0 9 52.77162
0 10 50.39002
0 11 50.41186
0 12 82.42029
0 13 31.20256
0 14 70.15193
0 15 68.79094
0 16 9.84351
0 17 53.93530
0 18 43.88862
0 19 24.79200
0 20 15.23556
0 21 56.15492
0 22 36.84492
0 23 40.55939
0 24 54.19582
0 25 70.23514
0 26 11.96944
0 27 59.79979
0 28 44.66341
0 29 47.03827
0 30 71.99994
0 31 22.40055
0 32 23.45246
0 33 41.81168
0 34 55.91003
0 35 25.53540
0 36 64.04356
0 37 23.76801
0 38 44.83724
0 39 89.40635
0 40 29.48512
0 41 40.40507
0 42 45.73836
0 43 68.41389
0 44 71.88253
0 45 55.61246
0 46 69.29317
0 47 23.36021
0 48 46.08512
0 49 6.10544
1 2 45.10105
1 3 72.60051
1 4 13.07470
1 5 64.99902
1 6 57.27464
1 7 38.74890
1 8 15.03966
1 9 21.12932
1 10 26.91447
1 11 23.15809
1 12 42.22522
1 13 12.21375
1 14 38.44278
1 15 39.73912
1 16 50.04023
1 17 15.22176
1 18 33.50305
1 19 16.87195
1 20 42.95437
1 21 26.13755
1 22 66.81951
1 23 39.24408
1 24 52.81228
1 25 33.73468
1 26 52.13154
1 27 56.69010
1 28 58.02358
1 29 17.47789
1 30 52.11780
1 31 60.74458
1 32 23.22425
1 33 4.32719
1 34 18.36208
1 35 41.73000
1 36 26.40374
1 37 27.14763
1 38 15.82824
1 39 49.41156
1 40 68.12011
1 41 39.45130
1 42 35.37299
1 43 56.26301
1 44 35.65444
1 45 38.45671
1 46 62.64775
1 47 22.55013
1 48 83.89431
1 49 45.43314
2 3 63.14883
2 4 33.35898
2 5 37.19090
2 6 86.98036
2 7 16.75907
2 8 50.61078
2 9 65.36210
2 10 67.99380
2 11 65.73897
2 12 81.34514
2 13 33.08045
2 14 83.29635
2 15 83.98291
2 16 36.13072
2 17 59.93594
2 18 21.81565
2 19 40.46723
2 20 47.80580
2 21 43.27670
2 22 69.11522
2 23 67.59032
2 24 82.54758
2 25 78.63161
2 26 38.76031
2 27 87.88644
2 28 13.74105
2 29 60.49416
2 30 93.15182
2 31 34.79504
2 32 45.31178
2 33 49.02117
2 34 63.35275
2 35 56.56033
2 36 56.94234
2 37 18.95387
2 38 58.31104
2 39 84.62645
2 40 56.40902
2 41 13.03663
2 42 22.38141
2 43 93.28633
2 44 61.12385
2 45 32.56427
2 46 96.53641
2 47 44.65364
2 48 72.29826
2 49 31.48147
3 4 71.89357
3 5 31.63628
3 6 62.71138
3 7 48.47688
3 8 87.05454
3 9 79.22147
3 10 73.19750
3 11 75.19639
3 12 113.66901
3 13 65.57588
3 14 93.81883
3 15 90.85923
3 16 27.69011
3 17 84.11914
3 18 78.38473
3 19 55.77800
3 20 30.24432
3 21 91.21791
3 22 17.74217
3 23 53.90955
3 24 60.63446
3 25 97.34506
3 26 24.92635
3 27 65.52787
3 28 71.06657
3 29 73.86522
3 30 87.18806
3 31 31.12080
3 32 50.69017
3 33 73.04818
3 34 85.11961
3 35 37.14093
3 36 98.04782
3 37 58.76433
3 38 72.07083
3 39 121.81549
3 40 6.83300
3 41 73.48767
3 42 80.08894
3 43 78.70989
3 44 106.38074
3 45 90.30366
3 46 75.03279
3 47 51.12189
3 48 11.29474
3 49 33.05570
4 5 58.67576
4 6 67.55913
4 7 30.62585
4 8 18.25749
4 9 34.19794
4 10 39.57244
4 11 36.08248
4 12 49.22672
4 13 6.78455
4 14 51.25466
4 15 52.76299
4 16 46.38490
4 17 26.83346
4 18 20.52103
4 19 20.53198
4 20 44.43357
4 21 19.66429
4 22 69.31904
4 23 48.47186
4 24 62.99112
4 25 45.48707
4 26 48.86672
4 27 67.37058
4 28 45.67434
4 29 30.41521
4 30 64.99350
4 31 54.67071
4 32 28.15204
4 33 17.39386
4 34 30.42267
4 35 46.52282
4 36 27.40352
4 37 17.51398
4 38 28.60819
4 39 54.26444
4 40 66.53205
4 41 26.48898
4 42 22.45533
4 43 68.39957
4 44 34.77497
4 45 26.89090
4 46 74.12653
4 47 27.31944
4 48 83.00352
4 49 41.14761
5 6 80.50775
5 7 28.38549
5 8 76.62041
5 9 79.36264
5 10 77.07012
5 11 77.12713
5 12 106.91233
5 13 54.17739
5 14 96.86188
5 15 95.49752
5 16 18.25371
5 17 79.56168
5 18 57.02024
5 19 51.02846
5 20 36.51328
5 21 75.21845
5 22 44.75407
5 23 65.09566
5 24 77.04719
5 25 96.56313
5 26 18.09990
5 27 82.61653
5 28 41.55795
5 29 73.63673
5 30 97.87218
5 31 4.34573
5 32 50.16490
5 33 67.27177
5 34 81.86784
5 35 47.94036
5 36 86.00261
5 37 41.61921
5 38 71.40879
5 39 112.83745
5 40 25.16309
5 41 49.67139
5 42 58.18916
5 43 93.00078
5 44 92.53788
5 45 68.75840
5 46 92.41719
5 47 50.08145
5 48 37.92072
5 49 20.64825
6 7 71.59906
6 8 69.65547
6 9 44.63744
6 10 34.58278
6 11 39.31950
6 12 80.40791
6 13 61.97707
6 14 47.46036
6 15 42.47016
6 16 63.02763
6 17 56.41947
6 18 86.49298
6 19 48.85060
6 20 44.39211
6 21 83.34804
6 22 45.78159
6 23 19.67245
6 24 4.59195
6 25 57.06685
6 26 62.53744
6 27 3.16747
6 28 100.38373
6 29 43.24456
6 30 29.48690
6 31 76.91846
6 32 42.28705
6 33 53.92948
6 34 54.35453
6 35 32.99971
6 36 79.70926
6 37 69.76898
6 38 43.53303
6 39 91.11004
6 40 63.83295
6 41 88.60814
6 42 88.61886
6 43 17.60658
6 44 89.19766
6 45 94.44797
6 46 12.35530
6 47 43.05432
6 48 70.68638
6 49 63.32109
7 8 48.81485
7 9 56.37145
7 10 56.83967
7 11 55.51707
7 12 79.58155
7 13 26.96507
7 14 74.52125
7 15 74.27565
7 16 20.79910
7 17 53.90205
7 18 30.27110
7 19 28.54709
7 20 31.07052
7 21 46.88845
7 22 52.72182
7 23 52.65880
7 24 67.28974
7 25 72.01672
7 26 23.55698
7 27 72.76669
7 28 29.11954
7 29 50.92120
7 30 80.93148
7 31 24.64754
7 32 31.44871
7 33 41.79061
7 34 56.74366
7 35 40.20812
7 36 57.75933
7 37 13.27477
7 38 48.63537
7 39 84.88735
7 40 42.00397
7 41 25.07429
7 42 31.82886
7 43 79.49267
7 44 64.15262
7 45 42.26763
7 46 81.80318
7 47 30.94479
7 48 58.49804
7 49 15.58436
8 9 27.41071
8 10 36.30476
8 11 31.67206
8 12 31.02150
8 13 22.58986
8 14 40.29728
8 15 43.34266
8 16 63.19634
8 17 15.63546
8 18 33.06657
8 19 31.68249
8 20 57.77139
8 21 16.00440
8 22 81.83252
8 23 52.88987
8 24 65.38443
8 25 31.58981
8 26 65.49515
8 27 68.63948
8 28 61.83451
8 29 26.72562
8 30 59.09429
8 31 72.52849
8 32 38.26055
8 33 16.58321
8 34 19.28515
8 35 56.74249
8 36 11.36507
8 37 35.76970
8 38 26.15099
8 39 36.22708
8 40 82.27309
8 41 41.43277
8 42 34.30676
8 43 65.77624
8 44 20.71865
8 45 33.00060
8 46 73.34423
8 47 37.57884
8 48 98.32744
8 49 58.21691
9 10 10.06209
9 11 5.43740
9 12 37.53462
9 13 32.38076
9 14 18.16833
9 15 18.69878
9 16 62.21627
9 17 12.27077
9 18 54.51967
9 19 28.52479
9 20 49.28683
9 21 43.04873
9 22 68.89739
9 23 31.71549
9 24 40.83316
9 25 18.13804
9 26 63.65646
9 27 43.06842
9 28 78.64388
9 29 5.73363
9 30 31.94300
9 31 75.01763
9 32 29.84546
9 33 16.83445
9 34 9.72990
9 35 42.98138
9 36 35.91848
9 37 46.66843
9 38 7.95784
9 39 47.67885
9 40 76.27039
9 41 60.54826
9 42 56.32852
9 43 38.50480
9 44 45.13510
9 45 58.28751
9 46 46.53357
9 47 29.72630
9 48 90.20461
9 49 58.75465
10 11 4.77907
10 12 47.01850
10 13 36.17796
10 14 20.68561
10 15 18.48334
10 16 59.21400
10 17 21.98897
10 18 60.07274
10 19 28.30526
10 20 44.16318
10 21 51.34004
10 22 61.41039
10 23 22.59341
10 24 30.77573
10 25 25.51448
10 26 60.27049
10 27 33.06747
10 28 81.62426
10 29 9.76820
10 30 25.55506
10 31 72.77147
10 32 26.95874
10 33 22.73199
10 34 19.77174
10 35 36.17316
10 36 45.56527
10 37 49.04038
10 38 11.09469
10 39 57.39292
10 40 70.94753
10 41 64.98990
10 42 62.02661
10 43 29.68198
10 44 54.91933
10 45 65.30632
10 46 37.04988
10 47 27.12701
10 48 83.87158
10 49 56.49415
11 12 42.85756
11 13 33.27858
11 14 19.74580
11 15 18.77619
11 16 59.58261
11 17 17.21011
11 18 56.59721
11 19 27.07814
11 20 45.59470
11 21 46.89487
11 22 64.23077
11 23 26.40848
11 24 35.45419
11 25 22.40017
11 26 60.83829
11 27 37.83907
11 28 79.24812
11 29 5.68034
11 30 28.96034
11 31 72.79655
11 32 27.04841
11 33 18.86878
11 34 15.05536
11 35 38.53041
11 36 40.79899
11 37 46.82857
11 38 7.56330
11 39 53.07697
11 40 72.55950
11 41 61.96665
11 42 58.50023
11 43 34.14735
11 44 50.14221
11 45 61.29965
11 46 41.74639
11 47 27.06868
11 48 86.05463
11 49 56.48019
12 13 52.79838
12 14 35.23149
12 15 40.43076
12 16 92.25677
12 17 29.61018
12 18 62.16722
12 19 58.31154
12 20 83.46546
12 21 40.62219
12 22 105.35208
12 23 69.24671
12 24 77.12821
12 25 23.85022
12 26 94.31054
12 27 78.30838
12 28 91.83597
12 29 41.55891
12 30 58.62584
12 31 102.71857
12 32 62.99522
12 33 40.86538
12 34 29.21357
12 35 79.25913
12 36 25.53216
12 37 66.69943
12 38 42.79363
12 39 10.87859
12 40 109.70770
12 41 71.20828
12 42 62.94191
12 43 69.77585
12 44 27.10816
12 45 58.24846
12 46 79.23674
12 47 62.54814
12 48 124.91811
12 49 87.64520
13 14 50.22211
13 15 51.06591
13 16 40.72484
13 17 27.39539
13 18 24.72629
13 19 13.98622
13 20 37.71736
13 21 26.39548
13 22 62.57687
13 23 42.61322
13 24 57.38889
13 25 45.94822
13 26 43.09853
13 27 61.98396
13 28 46.26428
13 29 27.79517
13 30 61.72870
13 31 50.03378
13 32 21.58541
13 33 15.95550
13 34 30.57404
13 35 39.79336
13 36 32.84344
13 37 14.93908
13 38 25.72388
13 39 58.78547
13 40 60.39083
13 41 28.81470
13 42 26.81578
13 43 64.04275
13 44 40.82417
13 45 32.74658
13 46 69.18703
13 47 20.74562
13 48 76.74936
13 49 35.66350
14 15 5.26534
14 16 79.31833
14 17 25.27469
14 18 70.99984
14 19 46.45135
14 20 64.82361
14 21 56.22164
14 22 81.45884
14 23 41.65358
14 24 44.97414
14 25 11.74601
14 26 80.53899
14 27 44.93775
14 28 96.42030
14 29 23.63404
14 30 23.40616
14 31 92.52844
14 32 46.79008
14 33 34.33649
14 34 21.44792
14 35 56.71772
14 36 45.27195
14 37 64.73479
14 38 25.92280
14 39 46.08211
14 40 91.63315
14 41 77.74210
14 42 72.65349
14 43 34.80947
14 44 52.95511
14 45 73.10337
14 46 44.45837
14 47 46.81437
14 48 104.40290
14 49 76.21369
15 16 77.69077
15 17 27.87683
15 18 72.89755
15 19 45.85324
15 20 62.42281
15 21 59.34567
15 22 77.90093
15 23 37.90254
15 24 40.15433
15 25 16.75735
15 26 78.75277
15 27 39.88011
15 28 97.32027
15 29 23.55709
15 30 18.29079
15 31 91.18810
15 32 45.33851
15 33 35.48350
15 34 24.10377
15 35 53.72222
15 36 49.20025
15 37 65.19591
15 38 25.80028
15 39 51.29391
15 40 88.99212
15 41 79.19010
15 42 74.63876
15 43 29.54418
15 44 57.23721
15 45 75.76191
15 46 39.19904
15 47 45.45528
15 48 101.25945
15 49 74.88893
16 17 63.75125
16 18 50.76247
16 19 34.54846
16 20 18.65496
16 21 64.96708
16 22 33.58468
16 23 46.94097
16 24 59.36306
16 25 79.85032
16 26 2.76547
16 27 64.96917
16 28 45.81352
16 29 56.48749
16 30 79.62003
16 31 14.20526
16 32 32.53667
16 33 51.64944
16 34 65.67032
16 35 30.11743
16 36 73.54319
16 37 31.56678
16 38 54.32314
16 39 99.16656
16 40 21.31894
16 41 45.85178
16 42 52.43265
16 43 74.89439
16 44 81.15090
16 45 62.71842
16 46 74.70667
16 47 32.55586
16 48 37.94553
16 49 5.47898
17 18 45.89852
17 19 29.27501
17 20 53.88978
17 21 31.59824
17 22 75.90266
17 23 41.75600
17 24 52.42796
17 25 18.69709
17 26 65.61277
17 27 55.02565
17 28 72.50045
17 29 13.48630
17 30 43.50502
17 31 75.25887
17 32 33.42898
17 33 12.29756
17 34 3.82735
17 35 49.85062
17 36 23.65471
17 37 42.33233
17 38 14.00421
17 39 38.56866
17 40 80.31958
17 41 53.08425
17 42 47.48822
17 43 50.74473
17 44 32.93690
17 45 47.92319
17 46 58.79187
17 47 33.01117
17 48 95.34967
17 49 59.51305
18 19 37.74992
18 20 55.93415
18 21 22.23132
18 22 80.21031
18 23 66.95475
18 24 81.90109
18 25 63.97712
18 26 53.52416
18 27 86.61609
18 28 29.85134
18 29 50.92509
18 30 85.51442
18 31 53.88911
18 32 44.88839
18 33 37.82924
18 34 49.67967
18 35 61.31750
18 36 36.85910
18 37 20.38451
18 38 49.12908
18 39 64.14001
18 40 72.07980
18 41 9.39866
18 42 2.14007
18 43 88.63180
18 44 39.80468
18 45 11.99653
18 46 93.91332
18 47 44.05937
18 48 88.67010
18 49 45.34009
19 20 26.10478
19 21 39.53271
19 22 50.28845
19 23 29.23533
19 24 44.26468
19 25 45.54531
19 26 36.34839
19 27 49.15616
19 28 54.20737
19 29 22.86391
19 30 52.85651
19 31 46.68547
19 32 7.62049
19 33 17.44708
19 34 31.12385
19 35 26.17596
19 36 42.96022
19 37 21.81976
19 38 20.58855
19 39 66.07371
19 40 51.46861
19 41 39.95850
19 42 39.88636
19 43 52.99173
19 44 51.90584
19 45 46.62159
19 46 57.02831
19 47 6.78754
19 48 67.07255
19 49 30.57231
20 21 64.09638
20 22 24.92280
20 23 28.73007
20 24 40.70875
20 25 67.42078
20 26 18.41366
20 27 46.31422
20 28 59.86993
20 29 43.80982
20 30 62.09735
20 31 32.70721
20 32 20.47034
20 33 43.02866
20 34 54.88330
20 35 11.46992
20 36 69.00603
20 37 35.62902
20 38 41.94166
20 39 91.79574
20 40 26.99081
20 41 53.97655
20 42 57.94874
20 43 56.52244
20 44 77.79339
20 45 67.02771
20 46 56.05691
20 47 20.93612
20 48 41.45993
20 49 19.29468
21 22 88.97151
21 23 65.32942
21 24 78.91305
21 25 46.98345
21 26 67.56916
21 27 82.65443
21 28 52.05513
21 29 41.58227
21 30 74.92001
21 31 71.53582
21 32 47.03758
21 33 29.45861
21 34 35.28381
21 35 65.70865
21 36 15.09183
21 37 33.89376
21 38 40.58815
21 39 41.92474
21 40 85.63942
21 41 31.59933
21 42 22.65864
21 43 81.01148
21 44 17.86918
21 45 18.04608
21 46 88.11180
21 47 46.23434
21 48 102.22480
21 49 59.56736
22 23 40.02730
22 24 44.18231
22 25 86.62336
22 26 31.32326
22 27 48.72886
22 28 79.39326
22 29 64.07082
22 30 71.92857
22 31 42.81581
22 32 43.62196
22 33 66.23618
22 34 76.17262
22 35 26.09560
22 36 93.17222
22 37 59.82841
22 38 62.62933
22 39 114.42530
22 40 21.19050
22 41 77.24572
22 42 82.15622
22 43 62.44097
22 44 102.19342
22 45 91.58909
22 46 57.97926
22 47 44.27408
22 48 24.93373
22 49 37.68134
23 24 15.11519
23 25 48.06953
23 26 47.04646
23 27 20.30696
23 28 81.11329
23 29 28.33810
23 30 33.73752
23 31 61.14292
23 32 22.62727
23 33 36.46032
23 34 40.68589
23 35 17.77574
23 36 63.67839
23 37 50.12730
23 38 27.81821
23 39 79.34362
23 40 53.02887
23 41 68.93574
23 42 69.08708
23 43 27.97603
23 44 73.26429
23 45 75.27987
23 46 29.14583
23 47 23.38778
23 48 63.83711
23 49 46.17489
24 25 54.06506
24 26 59.00056
24 27 5.61903
24 28 95.99180
24 29 39.13522
24 30 28.88170
24 31 73.36616
24 32 37.74124
24 33 49.52971
24 34 50.50941
24 35 29.24901
24 36 75.56957
24 37 65.23604
24 38 39.31690
24 39 87.74895
24 40 61.32248
24 41 84.04526
24 42 84.02693
24 43 18.26757
24 44 85.08864
24 45 89.87753
24 46 15.37000
24 47 38.50297
24 48 69.10579
24 49 59.42404
25 26 81.41943
25 27 54.81206
25 28 91.16086
25 29 23.66651
25 30 35.04752
25 31 92.22264
25 32 47.77546
25 33 30.26917
25 34 15.37736
25 35 60.90443
25 36 34.70817
25 37 60.87624
25 38 25.68254
25 39 34.72757
25 40 94.39944
25 41 71.55062
25 42 65.42958
25 43 45.92904
25 44 41.77176
25 45 64.54509
25 46 55.39311
25 47 47.59169
25 48 108.29971
25 49 76.10193
26 27 64.58434
26 28 48.16966
26 29 57.94134
26 30 80.06908
26 31 14.38109
26 32 33.85293
26 33 53.59328
26 34 67.42528
26 35 29.84612
26 36 75.93872
26 37 34.26795
26 38 55.80996
26 39 101.37223
26 40 18.56088
26 41 48.60073
26 42 55.19711
26 43 74.91714
26 44 83.64150
26 45 65.47719
26 46 74.36826
26 47 33.93331
26 48 35.19901
26 49 8.21145
27 28 101.38026
27 29 42.04462
27 30 26.40910
27 31 78.95527
27 32 42.87373
27 33 53.19633
27 34 52.79816
27 35 34.85952
27 36 78.47312
27 37 70.37649
27 38 42.48937
27 39 89.06147
27 40 66.48281
27 41 89.05927
27 42 88.73170
27 43 14.43911
27 44 87.90839
27 45 94.25152
27 46 9.83324
27 47 43.61367
27 48 73.65230
27 49 65.04190
28 29 73.92208
28 30 106.85186
28 31 40.48467
28 32 58.97170
28 33 62.08382
28 34 76.04427
28 35 69.32681
28 36 66.67658
28 37 32.61116
28 38 71.77071
28 39 93.97886
28 40 64.23409
28 41 20.63171
28 42 29.45885
28 43 107.00848
28 44 69.39605
28 45 37.62416
28 46 110.13605
28 47 58.32837
28 48 79.01567
28 49 41.99664
29 30 34.64007
29 31 69.29208
29 32 24.15892
29 33 13.19299
29 34 12.46275
29 35 38.02179
29 36 36.46525
29 37 41.65622
29 38 2.28895
29 39 51.27546
29 40 70.76498
29 41 56.38880
29 42 52.82352
29 43 39.44994
29 44 45.95999
29 45 55.67761
29 46 46.66002
29 47 24.01971
29 48 84.91313
29 49 53.02409
30 31 93.74890
30 32 49.68564
30 33 47.82740
30 34 40.05865
30 35 51.48637
30 36 66.31643
30 37 74.24405
30 38 36.38534
30 39 69.46004
30 40 86.69430
30 41 90.54267
30 42 87.43626
30 43 12.94476
30 44 74.80993
30 45 90.11717
30 46 22.60344
30 47 50.09989
30 48 96.56858
30 49 77.98741
31 32 45.85104
31 33 62.97324
31 34 77.54454
31 35 44.17087
31 36 82.04046
31 37 37.78404
31 38 67.06355
31 39 108.75461
31 40 24.38823
31 41 46.91567
31 42 55.15421
31 43 89.08830
31 44 88.73016
31 45 65.73689
31 46 88.73061
31 47 45.75906
31 48 38.53101
31 49 16.31658
32 33 22.73664
32 34 34.55083
32 35 18.75162
32 36 49.62056
32 37 27.50593
32 38 22.09306
32 39 71.40384
32 40 47.02473
32 41 46.34511
32 42 47.02844
32 43 48.17718
32 44 58.78304
32 45 54.11318
32 46 51.26140
32 47 0.84301
32 48 61.92576
32 49 29.55109
33 34 14.95322
33 35 40.64758
33 36 27.75571
33 37 30.74773
33 38 11.63972
33 39 48.78107
33 40 68.88881
33 41 43.71705
33 42 39.69476
33 43 52.22235
33 44 37.25373
33 45 42.57556
33 46 58.83675
33 47 22.17039
33 48 84.33289
33 49 47.29955
34 35 50.07724
34 36 26.55378
34 37 45.49922
34 38 13.58056
34 39 38.81338
34 40 81.57467
34 41 56.76775
34 42 51.28514
34 43 47.77715
34 44 35.58317
34 45 51.73589
34 46 56.08294
34 47 34.21434
34 48 96.29122
34 49 61.61836
35 36 68.10209
35 37 41.82458
35 38 36.54093
35 39 88.40559
35 40 35.55843
35 41 60.91447
35 42 63.42511
35 43 45.22521
35 44 77.38083
35 45 71.52491
35 46 44.58947
35 47 19.52594
35 48 47.70162
35 49 30.36538
36 37 44.49084
36 38 36.29096
36 39 27.70289
36 40 93.09700
36 41 46.06663
36 42 37.51481
36 43 74.31329
36 44 9.58623
36 45 32.88702
36 46 82.44657
36 47 48.93424
36 48 109.29462
36 49 68.40798
37 38 39.44725
37 39 71.70283
37 40 52.72912
37 41 19.17608
37 42 22.35486
37 43 74.81094
37 44 50.94619
37 45 31.89584
37 46 78.61850
37 47 26.76300
37 48 69.40334
37 49 26.09202
38 39 52.29289
38 40 68.85650
38 41 54.40468
38 42 51.05459
38 43 40.63483
38 44 45.84470
38 45 54.21527
38 46 47.52572
38 47 21.91973
38 48 83.16024
38 49 50.80783
39 40 117.50608
39 41 73.47255
39 42 64.56750
39 43 80.65434
39 44 25.33571
39 45 58.26683
39 46 90.10847
39 47 70.88500
39 48 133.10460
39 49 94.30467
40 41 66.93273
40 42 73.73911
40 43 79.05138
40 44 101.20288
40 45 84.03730
40 46 76.18487
40 47 47.36887
40 48 16.67458
40 49 26.76589
41 42 9.51810
41 43 92.48268
41 44 49.20274
41 45 19.52765
41 46 96.96759
41 47 45.56480
41 48 83.27050
41 49 40.65381
42 43 90.66798
42 44 39.95853
42 45 10.58267
42 46 96.00003
42 47 46.19944
42 48 90.29861
42 49 47.03355
43 44 83.32445
43 45 94.71339
43 46 9.78121
43 47 48.76769
43 48 87.35525
43 49 74.11321
44 45 32.98512
44 46 91.64824
44 47 58.07162
44 48 117.57015
44 49 75.88042
45 46 100.84209
45 47 53.27044
45 48 100.64348
45 49 57.28148
46 47 51.95276
46 48 82.82917
46 49 74.64172
47 48 62.37134
47 49 29.44656
48 49 43.41039
28.8799 57.6701
61.6592 34.3797
17.1821 26.9036
15.0168 90.0153
50.5356 27.5085
2.3691 61.0172
77.7247 89.3550
23.7344 42.3287
67.3825 20.4716
80.0526 44.7783
79.1883 54.8032
78.7122 50.0479
97.0158 11.2955
49.4467 34.2051
98.1383 46.5091
97.4134 51.7243
20.5276 62.8791
76.8130 32.9429
34.9164 14.1986
51.7111 48.0068
37.7446 70.0612
56.4727 8.7619
32.2179 94.3635
66.2858 73.3501
75.4718 85.3537
95.3864 35.0900
19.8872 65.5694
80.5087 87.8443
5.5544 19.5815
74.5059 46.2304
99.8416 69.8532
6.6064 60.0525
52.2416 55.6088
65.1718 36.9068
80.0091 35.0485
48.5215 73.9877
71.5225 9.8874
34.5123 34.5791
72.2177 46.1717
97.5613 0.4306
14.1860 83.2330
26.0665 17.3631
34.0808 12.2284
93.2049 80.9672
72.2258 0.3270
39.3535 3.0528
90.0493 90.2254
52.0613 54.7853
7.6415 98.5696
22.7782 57.8837
