25
0 1 37.09814
0 2 42.15845
0 3 48.10676
0 4 43.31741
0 5 27.14858
0 6 21.99218
0 7 43.95177
0 8 48.40269
0 9 48.26872
0 10 59.77110
0 11 39.33253
0 12 51.61718
0 13 34.30355
0 14 87.50422
0 15 56.04794
0 16 17.51696
0 17 60.10461
0 18 11.20697
0 19 43.99924
0 20 39.21795
0 21 78.19978
0 22 9.78804
0 23 70.82054
0 24 49.39780
1 2 25.85930
1 3 15.22975
1 4 28.26945
1 5 28.94859
1 6 34.12983
1 7 30.36277
1 8 14.22457
1 9 77.44129
1 10 49.00673
1 11 72.39567
1 12 15.02287
1 13 29.67885
1 14 87.97910
1 15 20.25774
1 16 53.20282
1 17 38.18029
1 18 31.59389
1 19 35.73049
1 20 60.60169
1 21 56.03603
1 22 34.83261
1 23 42.32646
1 24 83.30635
2 3 39.72741
2 4 2.41162
2 5 16.93715
2 6 24.78923
2 7 4.55105
2 8 21.04541
2 9 65.38682
2 10 23.33716
2 11 64.75241
2 12 27.65607
2 13 52.62059
2 14 62.25363
2 15 27.59384
2 16 51.94899
2 17 17.94744
2 18 43.64483
2 19 60.31021
2 20 45.39629
2 21 36.26471
2 22 34.22223
2 23 29.78486
2 24 75.58959
3 4 42.10988
3 5 44.14355
3 6 48.96661
3 7 44.27523
3 8 21.71583
3 9 91.67940
3 10 62.04744
3 11 85.68560
3 12 17.12443
3 13 27.83652
3 14 101.91167
3 15 22.43896
3 16 65.25724
3 17 48.61075
3 18 39.93625
3 19 29.57134
3 20 75.53475
3 21 64.74572
3 22 47.98358
3 23 48.61527
3 24 96.40406
4 5 17.34042
4 6 25.04032
4 7 2.17630
4 8 23.14086
4 9 64.59256
4 10 20.98586
4 11 64.43613
4 12 29.76318
4 13 54.86222
4 14 59.85099
4 15 29.42218
4 16 52.39853
4 17 16.94507
4 18 45.29923
4 19 62.63339
4 20 44.40099
4 21 34.90280
4 22 35.06776
4 23 29.59997
4 24 75.19645
5 6 7.89942
5 7 17.43965
5 8 32.22049
5 9 50.68608
5 10 32.75742
5 11 48.51293
5 12 37.98407
5 13 47.18017
5 14 64.73738
5 15 40.08314
5 16 35.06746
5 17 34.21553
5 18 31.68659
5 19 56.35281
5 20 32.17214
5 21 51.59583
5 22 18.12670
5 23 46.72006
5 24 59.48273
6 7 24.91359
6 8 39.34464
6 9 43.76853
6 10 38.28765
6 11 40.80386
6 12 44.76287
6 13 47.61574
6 14 66.34559
6 15 47.31447
6 16 27.43827
6 17 41.75749
6 18 28.92915
6 19 57.22274
6 20 26.57915
6 21 58.66514
6 22 12.25459
6 23 54.54880
6 24 51.80880
7 8 25.26131
7 9 63.44073
7 10 19.09385
7 11 63.68756
7 12 31.88423
7 13 56.64319
7 14 57.70573
7 15 31.41419
7 16 52.34822
7 17 16.84396
7 18 46.42177
7 19 64.53057
7 20 43.11006
7 21 34.28512
7 22 35.42973
7 23 30.14537
7 24 74.37192
8 9 82.89637
8 10 41.24264
8 11 79.88900
8 12 6.62297
8 13 43.48064
8 14 81.64143
8 15 8.02595
8 16 62.88265
8 17 26.89994
8 18 44.71958
8 19 48.50809
8 20 64.08353
8 21 43.39933
8 22 43.91543
8 23 28.44848
8 24 90.92096
9 10 66.27233
9 11 13.20599
9 12 88.49925
9 13 82.56710
9 14 68.55785
9 15 90.76744
9 16 32.72950
9 17 78.47006
9 18 59.46713
9 19 92.26295
9 20 20.67235
9 21 90.71236
9 22 44.29946
9 23 92.92389
9 24 15.89404
10 11 70.18417
10 12 47.55747
10 13 75.71403
10 14 40.51790
10 15 45.32576
10 16 64.31302
10 17 18.03167
10 18 64.06746
10 19 83.61225
10 20 45.90365
10 21 24.47764
10 22 50.33850
10 23 31.33510
10 24 79.83912
11 12 84.89095
11 13 73.26657
11 14 78.70176
11 15 87.90661
11 16 22.23604
11 17 79.86446
11 18 50.22946
11 19 82.71183
11 20 25.23500
11 21 94.09556
11 22 37.73067
11 23 93.81060
11 24 11.03196
12 13 41.93627
12 14 88.03211
12 15 5.77975
12 16 66.98251
12 17 32.39038
12 18 46.61444
12 19 45.73695
12 20 70.06429
12 21 47.73132
12 22 48.14915
12 23 31.50971
12 24 95.90927
13 14 111.72989
13 15 47.71579
13 16 51.05067
13 17 67.40102
13 18 23.13290
13 19 9.84240
13 20 71.65052
13 21 85.57971
13 22 39.85442
13 23 71.88749
13 24 82.77145
14 15 85.81473
14 16 84.21293
14 17 57.57624
14 18 95.26412
14 19 120.56654
14 20 55.29533
14 21 53.45020
14 22 77.86361
14 23 68.13217
14 24 84.45187
15 16 70.82363
15 17 28.99446
15 18 51.69001
15 19 51.41617
15 20 71.73821
15 21 43.07779
15 22 51.87052
15 23 26.30325
15 24 98.93848
16 17 69.19062
16 18 28.09148
16 19 60.47579
16 20 30.09646
16 21 85.93521
16 22 18.97456
16 23 81.71243
16 24 31.93235
17 18 61.21006
17 19 73.91059
17 20 57.82231
17 21 18.64788
17 22 52.00902
17 23 14.62302
17 24 90.34552
18 19 32.79608
18 20 49.77584
18 21 79.79348
18 22 18.36164
18 23 70.06914
18 24 59.98502
19 20 81.48376
19 21 91.60721
19 22 49.69483
19 23 76.83821
19 24 91.99960
20 21 70.24875
20 22 31.82097
20 23 72.31269
20 24 34.06951
21 22 69.68347
21 23 17.82029
21 24 104.01778
22 23 63.66212
22 24 48.54776
23 24 104.43680
47.3405 17.0935
22.1004 44.2819
43.3210 59.0599
6.9116 43.1658
45.3489 60.3651
51.0475 43.9878
55.5489 37.4964
47.4162 61.0452
22.2829 58.5053
95.5385 19.7055
59.8420 75.5426
86.1095 10.4593
15.6906 57.8687
13.0539 16.0154
98.3300 88.2065
16.1088 63.6333
63.8916 11.3572
41.8652 76.9482
36.1868 16.0021
3.4650 13.7960
82.0424 35.3644
45.3483 95.2679
51.6703 25.8718
30.2397 85.8184
94.9225 3.8234
