50
0 1 80.77488
0 2 82.98513
0 3 64.15872
0 4 5.61809
0 5 13.10342
0 6 39.87006
0 7 78.98953
0 8 46.13223
0 9 58.93591
0 10 47.85482
0 11 54.29092
0 12 49.41090
0 13 48.86044
0 14 78.45008
0 15 82.50037
0 16 95.68597
0 17 76.02445
0 18 18.14833
0 19 50.39445
0 20 17.98454
0 21 70.14507
0 22 64.98238
0 23 96.19030
0 24 79.47212
0 25 16.63805
0 26 70.16379
0 27 79.12304
0 28 33.15955
0 29 78.30431
0 30 74.87186
0 31 66.70026
0 32 62.37999
0 33 78.85975
0 34 44.26193
0 35 89.13945
0 36 30.81415
0 37 8.59340
0 38 98.05392
0 39 36.66981
0 40 47.27883
0 41 30.67006
0 42 23.50253
0 43 82.98107
0 44 96.52404
0 45 3.03700
0 46 57.32767
0 47 63.59778
0 48 86.80828
0 49 82.06732
1 2 7.44328
1 3 53.51822
1 4 76.75616
1 5 93.66036
1 6 41.37858
1 7 29.77503
1 8 57.26139
1 9 23.11052
1 10 68.19255
1 11 26.57578
1 12 31.97011
1 13 42.50838
1 14 13.68474
1 15 64.66766
1 16 14.93001
1 17 83.57780
1 18 64.49228
1 19 40.00867
1 20 92.25621
1 21 17.24626
1 22 32.93008
1 23 19.35679
1 24 13.37854
1 25 97.33007
1 26 53.62213
1 27 37.44866
1 28 79.98775
1 29 7.04445
1 30 44.21459
1 31 55.02382
1 32 54.59782
1 33 49.26619
1 34 37.68054
1 35 39.49289
1 36 60.11517
1 37 72.94471
1 38 18.19686
1 39 72.21760
1 40 38.12803
1 41 61.35983
1 42 76.44963
1 43 48.16092
1 44 20.98111
1 45 80.55522
1 46 76.82507
1 47 41.62494
1 48 35.12794
1 49 54.97677
2 3 49.32451
2 4 79.32790
2 5 96.02014
2 6 43.13577
2 7 37.21791
2 8 63.04502
2 9 27.68645
2 10 65.83291
2 11 28.91805
2 12 33.58198
2 13 41.17762
2 14 21.12800
2 15 58.86733
2 16 14.48998
2 17 78.96740
2 18 65.99220
2 19 38.69813
2 20 93.27358
2 21 24.06123
2 22 39.81115
2 23 13.83169
2 24 7.35127
2 25 99.61958
2 26 48.73506
2 27 44.89053
2 28 79.16146
2 29 4.69118
2 30 38.66739
2 31 50.54099
2 32 61.43584
2 33 43.36711
2 34 38.94810
2 35 32.40353
2 36 60.04197
2 37 74.86288
2 38 20.30196
2 39 71.01456
2 40 42.92392
2 41 65.83057
2 42 76.53464
2 43 55.60417
2 44 14.92958
2 45 82.50157
2 46 73.64853
2 47 48.51840
2 48 28.09528
2 49 62.40646
3 4 63.84635
3 5 75.78002
3 6 38.97559
3 7 75.67717
3 8 75.85097
3 9 49.96692
3 10 22.45827
3 11 41.06488
3 12 37.58939
3 13 21.53435
3 14 62.84597
3 15 19.52185
3 16 63.17274
3 17 30.21837
3 18 47.25672
3 19 22.36924
3 20 64.65319
3 21 58.84289
3 22 68.81027
3 23 55.75297
3 24 42.07166
3 25 78.35708
3 26 6.03581
3 27 81.52992
3 28 41.79630
3 29 46.73810
3 30 14.97399
3 31 2.83751
3 32 84.55099
3 33 16.18590
3 34 35.81917
3 35 31.91468
3 36 33.38947
3 37 56.06712
3 38 69.59224
3 39 33.14092
3 40 56.27354
3 41 67.69141
3 42 45.26005
3 43 91.35903
3 44 54.52722
3 45 61.98700
3 46 25.77823
3 47 75.14732
3 48 32.10142
3 49 95.78236
4 5 17.01153
4 6 36.45027
4 7 73.79018
4 8 40.51499
4 9 54.53107
4 10 49.17357
4 11 50.46225
4 12 45.88490
4 13 47.11581
4 14 73.81331
4 15 82.64940
4 16 91.68601
4 17 77.87612
4 18 16.68501
4 19 48.42574
4 20 23.50641
4 21 65.48032
4 22 59.73088
4 23 92.72095
4 24 76.17874
4 25 20.74942
4 26 69.77940
4 27 73.73470
4 28 36.27201
4 29 74.63707
4 30 73.68050
4 31 66.48686
4 32 56.76210
4 33 77.96812
4 34 41.02991
4 35 87.30367
4 36 30.55042
4 37 8.12891
4 38 93.77046
4 39 38.62539
4 40 42.29969
4 41 25.05357
4 42 26.29178
4 43 77.43303
4 44 93.16442
4 45 7.85195
4 46 59.30086
4 47 58.11974
4 48 84.74983
4 49 76.46027
5 6 52.93638
5 7 90.29180
5 8 54.69005
5 9 71.53814
5 10 57.71422
5 11 67.25342
5 12 62.46388
5 13 61.63161
5 14 90.80499
5 15 93.49317
5 16 108.58552
5 17 84.55062
5 18 31.08704
5 19 63.26000
5 20 17.49636
5 21 82.46744
5 22 76.16766
5 23 109.27017
5 24 92.57033
5 25 3.76165
5 26 81.81484
5 27 89.76922
5 28 40.39485
5 29 91.33502
5 30 87.19949
5 31 78.20244
5 32 70.92229
5 33 90.93352
5 34 57.35685
5 35 101.85211
5 36 42.83746
5 37 21.58751
5 38 110.76532
5 39 45.89766
5 40 59.14961
5 41 39.95599
5 42 32.15678
5 43 92.64520
5 44 109.61838
5 45 14.26632
5 46 65.92710
5 47 73.86413
5 48 99.63831
5 49 90.92916
6 7 47.48479
6 8 36.89609
6 9 21.82829
6 10 38.51517
6 11 14.85609
6 12 9.55560
6 13 17.45723
6 14 41.61137
6 15 58.15370
6 16 56.16678
6 17 64.49426
6 18 23.11518
6 19 17.06585
6 20 50.98884
6 21 33.93120
6 22 35.97381
6 23 56.33798
6 24 39.72863
6 25 56.50811
6 26 43.64476
6 27 50.80377
6 28 42.48394
6 29 38.46406
6 30 42.99634
6 31 41.78021
6 32 46.92681
6 33 48.39332
6 34 4.79375
6 35 53.43681
6 36 21.79064
6 37 31.73727
6 38 59.19208
6 39 36.67564
6 40 19.00544
6 41 29.89315
6 42 36.64197
6 43 58.67256
6 44 56.72920
6 45 39.37564
6 46 50.03066
6 47 39.78944
6 48 50.25089
6 49 61.31101
7 8 40.37485
7 9 26.94973
7 10 84.06889
7 11 36.23103
7 12 41.59020
7 13 58.21634
7 14 16.09128
7 15 90.46072
7 16 37.05341
7 17 105.52429
7 18 67.29776
7 19 56.10974
7 20 94.48974
7 21 16.88940
7 22 14.14271
7 23 46.99762
7 24 42.31872
7 25 94.03642
7 26 77.53196
7 27 7.75230
7 28 89.92904
7 29 35.65461
7 30 70.15200
7 31 77.83291
7 32 30.51655
7 33 75.76754
7 34 46.53631
7 35 68.66023
7 36 69.27437
7 37 73.10731
7 38 33.20386
7 39 84.03540
7 40 32.07088
7 41 51.32261
7 42 83.39002
7 43 18.38860
7 44 49.09685
7 45 79.89114
7 46 94.70751
7 47 19.15741
7 48 64.24794
7 49 25.38889
8 9 35.94434
8 10 72.66828
8 11 39.76704
8 12 40.09444
8 13 54.31676
8 14 47.87185
8 15 94.87805
8 16 70.50234
8 17 100.48858
8 18 42.48450
8 19 53.67516
8 20 63.86888
8 21 40.64514
8 22 27.34898
8 23 76.50222
8 24 63.80557
8 25 58.21430
8 26 80.34634
8 27 37.41274
8 28 69.18314
8 29 59.01698
8 30 78.30179
8 31 78.64399
8 32 16.30049
8 33 84.00309
8 34 40.21644
8 35 85.32981
8 36 52.26577
8 37 43.48508
8 38 69.50546
8 39 66.90082
8 40 21.76186
8 41 15.52770
8 42 59.95087
8 43 38.30040
8 44 77.89915
8 45 48.08691
8 46 84.42263
8 47 21.43985
8 48 81.39789
8 49 36.24492
9 10 57.12449
9 11 9.31978
9 12 14.69518
9 13 31.34338
9 14 19.93578
9 15 66.46879
9 16 37.80516
9 17 79.24148
9 18 44.05328
9 19 29.32125
9 20 72.06443
9 21 12.10373
9 22 18.98921
9 23 41.46969
9 24 27.86180
9 25 75.26268
9 26 52.64408
9 27 31.84910
9 28 64.03160
9 29 23.36232
9 30 47.13270
9 31 52.35075
9 32 37.80831
9 33 52.98219
9 34 19.95128
9 35 50.64520
9 36 43.29203
9 37 51.61548
9 38 39.27060
9 39 57.58627
9 40 15.23832
9 41 38.30760
9 42 58.46955
9 43 41.40608
9 44 42.60707
9 45 59.07010
9 46 67.78756
9 47 26.28549
9 48 46.47040
9 49 45.95042
10 11 47.89796
10 12 42.49762
10 13 26.33510
10 14 74.33568
10 15 36.59314
10 16 80.29272
10 17 29.09781
10 18 34.39292
10 19 28.71572
10 20 44.21779
10 21 68.33173
10 22 74.00663
10 23 74.82858
10 24 59.19379
10 25 59.71891
10 26 27.85049
10 27 88.43559
10 28 19.88588
10 29 62.25075
10 30 37.20872
10 31 23.88122
10 32 84.87735
10 33 38.54257
10 34 37.96036
10 35 54.14636
10 36 20.94730
10 37 41.04884
10 38 85.82810
10 39 12.00811
10 40 57.49035
10 41 60.78344
10 42 25.62407
10 43 96.92760
10 44 73.98449
10 45 45.17939
10 46 11.75944
10 47 78.30046
10 48 53.87046
10 49 99.81572
11 12 5.92183
11 13 22.02365
11 14 27.54063
11 15 58.23116
11 16 41.43358
11 17 70.04404
11 18 37.95820
11 19 20.01601
11 20 65.83946
11 21 20.61778
11 22 27.76751
11 23 42.51232
11 24 26.65246
11 25 70.89191
11 26 44.11282
11 27 41.13284
11 28 55.73705
11 29 24.23049
11 30 39.64136
11 31 43.53997
11 32 44.68460
11 33 45.48553
11 34 11.68703
11 35 45.58119
11 36 35.12081
11 37 46.37905
11 38 44.33650
11 39 48.89577
11 40 18.02103
11 41 38.42320
11 42 50.90736
11 43 50.51376
11 44 43.17271
11 45 53.99798
11 46 58.48121
11 47 34.25727
11 48 41.71414
11 49 54.72109
12 13 17.24655
12 14 33.45838
12 15 55.65422
12 16 46.68280
12 17 65.72480
12 18 32.57508
12 19 15.57663
12 20 60.28789
12 21 26.41087
12 22 32.05492
12 23 46.84086
12 24 30.36395
12 25 66.04813
12 26 41.24952
12 27 46.05406
12 28 49.82082
12 29 28.90875
12 30 38.22166
12 31 40.21238
12 32 47.05498
12 33 43.95624
12 34 5.81309
12 35 46.31859
12 36 29.19940
12 37 41.29191
12 38 49.93389
12 39 43.04831
12 40 19.03684
12 41 36.42753
12 42 45.03739
12 43 55.01502
12 44 47.28922
12 45 48.93051
12 46 53.34005
12 47 37.69248
12 48 42.76778
12 49 58.72993
13 14 48.00078
13 15 40.72152
13 16 55.60662
13 17 48.51497
13 18 30.74233
13 19 2.50232
13 20 54.66778
13 21 42.12745
13 22 49.29555
13 23 52.06694
13 24 35.34126
13 25 64.77935
13 26 26.24153
13 27 63.10955
13 28 38.01464
13 29 37.13044
13 30 27.01088
13 31 24.32967
13 32 63.42834
13 33 31.92766
13 34 14.41952
13 35 40.28257
13 36 20.16806
13 37 40.27934
13 38 60.51717
13 39 29.85536
13 40 35.09113
13 41 46.70835
13 42 36.36363
13 43 72.24093
13 44 51.72487
13 45 47.36553
13 46 36.50953
13 47 54.79007
13 48 38.01428
13 49 75.95107
14 15 76.10171
14 16 23.12396
14 17 93.04403
14 18 63.98113
14 19 45.63447
14 20 91.98125
14 21 8.34539
14 22 21.31562
14 23 31.62424
14 24 26.42493
14 25 94.55489
14 26 63.93106
14 27 23.77022
14 28 83.27768
14 29 19.74511
14 30 55.60143
14 31 64.73106
14 32 42.58041
14 33 61.01781
14 34 39.15784
14 35 52.78992
14 36 62.64075
14 37 71.37521
14 38 21.67550
14 39 76.33400
14 40 32.10364
14 41 54.88816
14 42 78.20352
14 43 34.47618
14 44 33.58677
14 45 78.74633
14 46 84.11521
14 47 29.67558
14 48 48.38775
14 49 41.33320
15 16 70.89774
15 17 25.19624
15 18 66.24514
15 19 41.20474
15 20 80.78686
15 21 73.64278
15 22 85.44866
15 23 61.07797
15 24 51.63168
15 25 95.78496
15 26 14.53171
15 27 96.98258
15 28 56.33134
15 29 57.62434
15 30 20.52211
15 31 16.69299
15 32 102.65125
15 33 15.50760
15 34 54.66873
15 35 31.02918
15 36 52.10496
15 37 74.70545
15 38 78.04843
15 39 48.54597
15 40 74.65174
15 41 87.17806
15 42 61.86574
15 43 107.27836
15 44 59.26636
15 45 80.13328
15 46 33.41309
15 47 92.45752
15 48 33.73003
15 49 112.34277
16 17 92.31856
16 18 79.25564
16 19 53.11826
16 20 106.88903
16 21 29.86511
16 22 44.42743
16 23 11.93400
16 24 21.25851
16 25 112.25164
16 26 62.04358
16 27 44.62916
16 28 93.54240
16 29 18.53664
16 30 51.40030
16 31 64.17695
16 32 65.64186
16 33 55.48649
16 34 52.30794
16 35 41.75595
16 36 74.16734
16 37 87.81162
16 38 7.42566
16 39 85.45869
16 40 52.52729
16 41 75.80709
16 42 90.61986
16 43 54.58956
16 44 14.29351
16 45 95.43153
16 46 87.90268
16 47 52.78319
16 48 37.95520
16 49 62.04531
17 18 63.48771
17 19 50.18213
17 20 68.99368
17 21 88.78936
17 22 97.69524
17 23 83.70797
17 24 71.62934
17 25 85.99464
17 26 30.28405
17 27 111.05937
17 28 44.22249
17 29 76.70229
17 30 41.11305
17 31 28.55428
17 32 111.40669
17 33 38.10641
17 34 62.59479
17 35 55.24238
17 36 49.89288
17 37 69.79869
17 38 99.05484
17 39 39.36440
17 40 83.22169
17 41 89.48472
17 42 52.75533
17 43 120.55158
17 44 82.14851
17 45 73.18637
17 46 18.71407
17 47 103.29105
17 48 57.24189
17 49 124.45423
18 19 32.24662
18 20 28.02441
18 21 55.92818
18 22 54.03580
18 23 78.86054
18 24 61.98659
18 25 34.40846
18 26 53.15659
18 27 68.95007
18 28 26.72247
18 29 61.35823
18 30 57.05267
18 31 49.93128
18 32 57.33679
18 33 61.28744
18 34 27.04693
18 35 71.02419
18 36 14.26448
18 37 9.55500
18 38 82.27634
18 39 25.63490
18 40 35.39812
18 41 28.24208
18 42 17.58747
18 43 74.77629
18 44 79.05565
18 45 16.91478
18 46 45.44627
18 47 54.89315
18 48 68.66141
18 49 75.47310
19 20 56.75045
19 21 39.89438
19 22 47.51949
19 23 49.69417
19 24 32.92140
19 25 66.46669
19 26 26.67371
19 27 61.14821
19 28 40.47607
19 29 34.63476
19 30 26.37915
19 31 25.10054
19 32 62.23972
19 33 31.54630
19 34 13.49002
19 35 38.87808
19 36 22.31433
19 37 41.80145
19 38 58.01492
19 39 32.34936
19 40 33.92703
19 41 46.74513
19 42 38.62779
19 43 70.41678
19 44 49.39126
19 45 49.00527
19 46 38.70349
19 47 53.25796
19 48 36.41555
19 49 74.28990
20 21 83.88270
20 22 80.78844
20 23 105.65605
20 24 88.68404
20 25 17.70400
20 26 70.60518
20 27 95.37506
20 28 25.04539
20 29 88.71514
20 30 77.66814
20 31 66.75627
20 32 80.02648
20 33 80.57620
20 34 54.59221
20 35 93.54331
20 36 34.51319
20 37 21.46889
20 38 110.17329
20 39 32.24090
20 40 62.42137
20 41 48.34531
20 42 19.42342
20 43 99.98784
20 44 105.63028
20 45 15.78488
20 46 50.74803
20 47 80.31990
20 48 91.97110
20 49 99.50510
21 22 15.75159
21 23 36.55683
21 24 27.41696
21 25 86.21857
21 26 60.64271
21 27 23.44086
21 28 76.06693
21 29 21.12217
21 30 53.42250
21 31 60.96752
21 32 37.39885
21 33 59.09933
21 34 31.90862
21 35 53.21901
21 36 55.34075
21 37 63.14778
21 38 29.53325
21 39 69.45734
21 40 23.80736
21 41 46.75298
21 42 70.57108
21 43 34.00823
21 44 38.22620
21 45 70.48149
21 46 78.59773
21 47 24.45971
21 48 48.82375
21 49 39.94378
22 23 52.12712
22 24 42.79353
22 25 79.90922
22 26 71.62206
22 27 15.02445
22 28 77.80716
22 29 36.72591
22 30 65.95206
22 31 71.24695
22 32 21.66774
22 33 71.78209
22 34 36.05455
22 35 67.92428
22 36 57.46264
22 37 59.34156
22 38 42.57069
22 39 72.57722
22 40 18.64727
22 41 37.24650
22 42 70.65158
22 43 22.98143
22 44 53.87325
22 45 65.97335
22 46 85.17299
22 47 8.70819
22 48 63.58819
22 49 26.98637
23 24 16.97231
23 25 112.82451
23 26 53.73153
23 27 54.73033
23 28 89.89988
23 29 18.40344
23 30 42.61350
23 31 56.33891
23 32 73.76735
23 33 45.98987
23 34 51.94987
23 35 30.86656
23 36 71.76108
23 37 87.93626
23 38 19.19556
23 39 81.41848
23 40 56.70557
23 41 79.66004
23 42 88.22445
23 43 65.08144
23 44 2.36014
23 45 95.56138
23 46 81.24155
23 47 60.77971
23 48 27.45891
23 49 72.34445
24 25 96.08803
24 26 41.38733
24 27 49.79446
24 28 73.32137
24 29 6.68037
24 30 31.35305
24 31 43.23253
24 32 64.04314
24 33 36.15181
24 34 35.21576
24 35 26.36732
24 36 54.84195
24 37 71.14484
24 38 27.52262
24 39 64.98075
24 40 42.71869
24 41 64.83152
24 42 71.32492
24 43 60.55742
24 44 17.07102
24 45 78.75339
24 46 66.64420
24 47 51.38579
24 48 21.96309
24 49 67.01176
25 26 84.39210
25 27 93.47049
25 28 41.77250
25 29 94.93748
25 30 90.07418
25 31 80.72578
25 32 74.41120
25 33 93.68216
25 34 60.88709
25 35 104.92766
25 36 45.68958
25 37 24.98955
25 38 114.47757
25 39 47.79360
25 40 62.91116
25 41 43.59826
25 42 34.09484
25 43 96.24855
25 44 113.14606
25 45 17.49868
25 46 67.47475
25 47 77.54107
25 48 102.79301
25 49 94.43517
26 27 83.73278
26 28 47.47054
26 29 46.66111
26 30 11.31130
26 31 3.96976
26 32 88.29624
26 33 10.80209
26 34 40.13798
26 35 27.61291
26 36 39.37413
26 37 62.03852
26 38 68.77426
26 39 38.91373
26 40 60.20103
26 41 72.83937
26 42 51.23247
26 43 93.82100
26 44 52.30199
26 45 68.00858
26 46 29.49606
26 47 78.36810
26 48 28.46352
26 49 98.59450
27 28 92.81485
27 29 43.15965
27 30 76.84240
27 31 83.79757
27 32 25.18867
27 33 82.53493
27 34 50.52120
27 35 76.07374
27 36 72.41218
27 37 73.90624
27 38 40.41587
27 39 87.46793
27 40 33.62046
27 41 50.04880
27 42 85.66424
27 43 10.76331
27 44 56.83929
27 45 80.30240
27 46 99.39353
27 47 16.15581
27 48 71.66001
27 49 17.63674
28 29 75.01763
28 30 56.00034
28 31 43.51279
28 32 83.73024
28 33 57.98209
28 34 44.17588
28 35 72.68632
28 36 20.74395
28 37 28.91747
28 38 98.15537
28 39 8.85242
28 40 59.48247
28 41 54.85748
28 42 10.04938
28 43 99.76184
28 44 89.40946
28 45 30.15514
28 46 25.75958
28 47 80.05348
28 48 71.86109
28 49 101.18968
29 30 37.17103
29 31 48.15992
29 32 58.19504
29 33 42.23160
29 34 34.31130
29 35 33.04754
29 36 55.67075
29 37 70.19679
29 38 23.57738
29 39 66.98405
29 40 38.56755
29 41 61.33735
29 42 72.14429
29 43 53.92269
29 44 19.32704
29 45 77.83563
29 46 70.47774
29 47 45.39259
29 48 28.64342
29 49 60.44456
30 31 14.53931
30 32 84.31196
30 33 5.85760
30 34 38.73729
30 35 16.96074
30 36 44.38552
30 37 66.41666
30 38 58.32948
30 39 47.19033
30 40 57.09422
30 41 72.88615
30 42 58.28802
30 43 87.27320
30 44 41.11080
30 45 73.04347
30 46 40.45657
30 47 73.39297
30 48 17.26752
30 49 92.62770
31 32 87.21912
31 33 14.72336
31 34 38.57193
31 35 31.23310
31 36 35.98302
31 37 58.66688
31 38 70.73810
31 39 34.97971
31 40 58.96846
31 41 70.52890
31 42 47.41125
31 43 93.70765
31 44 55.01331
31 45 64.48597
31 46 25.92887
31 47 77.69350
31 48 31.80679
31 49 98.23029
32 33 90.16181
32 34 49.03200
32 35 88.35330
32 36 65.42089
32 37 59.33393
32 38 63.00643
32 39 80.52891
32 40 28.33764
32 41 31.71540
32 42 74.92419
32 43 23.07437
32 44 75.53404
32 45 64.26313
32 46 96.57887
32 47 12.98764
32 48 84.11390
32 49 20.04178
33 34 44.24736
33 35 17.43507
33 36 48.12571
33 37 70.50874
33 38 62.59053
33 39 49.31077
33 40 62.87790
33 41 78.24202
33 42 61.15331
33 43 93.00508
33 44 44.29365
33 45 76.89534
33 46 40.06919
33 47 79.24701
33 48 19.13548
33 49 98.42049
34 35 48.71963
34 36 23.48794
34 37 35.98905
34 38 55.70177
34 39 37.64033
34 40 20.70612
34 41 34.30680
34 42 39.22961
34 43 59.00383
34 44 52.26218
34 45 43.61900
34 46 49.14865
34 47 40.81676
34 48 45.49023
34 49 62.20043
35 36 59.49509
35 37 80.56133
35 38 49.15575
35 39 63.84287
35 40 63.56812
35 41 82.68155
35 42 74.31984
35 43 86.82798
35 44 28.84235
35 45 87.59023
35 46 57.10352
35 47 76.22164
35 48 4.41381
35 49 93.11457
36 37 22.68391
36 38 78.30834
36 39 15.27776
36 40 39.49414
36 41 39.86528
36 42 16.50138
36 43 79.80035
36 44 71.57156
36 45 28.77218
36 46 32.51651
36 47 60.35397
36 48 57.66302
36 49 81.76394
37 38 90.46050
37 39 30.62947
37 40 41.06815
37 41 28.09747
37 42 18.86848
37 43 78.66047
37 44 88.21192
37 45 7.63884
37 46 51.26410
37 47 58.92108
37 48 78.21583
37 49 78.46971
38 39 90.31224
38 40 53.15878
38 41 76.26520
38 42 94.62216
38 43 49.78784
38 44 21.53850
38 45 98.01887
38 46 93.90841
38 47 50.46412
38 48 45.31386
38 49 57.38214
39 40 54.75219
39 41 53.57428
39 42 13.74098
39 43 95.03207
39 44 80.86272
39 45 33.86016
39 46 20.69996
39 47 75.62794
39 48 63.01026
39 49 97.04140
40 41 23.28013
40 42 52.06179
40 43 40.33046
40 44 57.84091
40 45 47.98827
40 46 69.03462
40 47 20.92928
40 48 59.64235
40 49 42.43941
41 42 45.28151
41 43 52.72695
41 44 80.66387
41 45 32.56669
41 46 72.37961
41 47 34.00083
41 48 79.19110
41 49 51.43445
42 43 91.99493
42 44 87.99461
42 45 20.56478
42 46 34.04446
42 47 72.14568
42 48 72.91164
42 49 92.94678
43 44 67.23800
43 45 84.49295
43 46 108.14230
43 47 19.88434
43 48 82.41446
43 49 7.65500
44 45 95.82286
44 46 80.12209
44 47 62.54962
44 48 25.56967
44 49 74.46567
45 46 54.47885
45 47 64.96084
45 48 85.37379
45 49 83.81327
46 47 89.75797
46 48 57.71913
46 49 111.24442
47 48 71.91914
47 49 21.52631
48 49 88.70909
84.9184 17.0988
36.6576 81.8713
29.7524 79.0927
22.1448 30.3584
85.5282 22.6837
94.6510 8.3252
57.7291 46.2598
64.1483 93.3087
90.6746 62.8705
55.0878 67.9277
37.1858 13.6808
51.0482 59.5289
51.6575 53.6385
41.5724 39.6480
49.3383 87.0164
2.9749 26.6682
27.0949 93.3369
10.2972 2.5594
69.2184 26.2022
41.1734 42.1183
79.2446 0.0327
53.7979 79.9625
69.5471 80.2370
17.7325 85.9365
27.5376 72.0830
96.2593 4.9247
16.4037 32.2214
71.6889 95.1080
54.4994 3.8988
33.0906 75.7967
14.8265 43.4222
19.4044 29.6224
91.1882 79.1629
9.6608 40.6605
53.2854 48.0580
5.5081 57.5938
55.0402 24.6357
77.4965 21.4303
31.4931 99.3199
48.8140 10.6842
68.9499 61.5993
87.5898 47.6523
62.5345 9.9343
81.2763 99.9999
15.8444 84.5204
82.3280 15.5135
28.7866 5.4505
78.2546 80.3465
9.3349 59.7932
88.8747 99.0707
