25
0 1 60.62962
0 2 28.41159
0 3 70.53482
0 4 48.28525
0 5 84.57988
0 6 39.31257
0 7 26.74029
0 8 49.25445
0 9 15.70858
0 10 14.23439
0 11 11.05429
0 12 63.69500
0 13 49.48839
0 14 16.09276
0 15 45.38173
0 16 67.83157
0 17 15.27465
0 18 29.06841
0 19 52.77199
0 20 27.99335
0 21 49.78147
0 22 34.52626
0 23 46.63589
0 24 53.71056
1 2 88.48789
1 3 15.99859
1 4 14.33238
1 5 24.19370
1 6 99.65426
1 7 62.57320
1 8 29.01484
1 9 69.72749
1 10 53.99203
1 11 51.94081
1 12 72.65519
1 13 74.30450
1 14 71.73629
1 15 50.87326
1 16 23.23108
1 17 65.75633
1 18 64.36303
1 19 64.48769
1 20 65.58118
1 21 31.01653
1 22 72.95495
1 23 53.87488
1 24 6.95591
2 3 98.92409
2 4 76.59888
2 5 112.11708
2 6 11.25593
2 7 45.77260
2 8 72.89416
2 9 28.46964
2 10 40.09430
2 11 38.92793
2 12 82.43300
2 13 64.76558
2 14 18.56936
2 15 69.28981
2 16 96.12909
2 17 25.51885
2 18 47.05082
2 19 72.82526
2 20 35.86592
2 21 77.40292
2 22 47.48489
2 23 69.71729
2 24 81.64473
3 4 22.50303
3 5 23.23559
3 6 109.83013
3 7 66.58503
3 8 44.98895
3 9 76.97883
3 10 61.31088
3 11 60.58551
3 12 67.82701
3 13 73.52837
3 14 83.41201
3 15 49.36027
3 16 10.96064
3 17 77.99707
3 18 67.88584
3 19 61.66765
3 20 79.57338
3 21 28.97331
3 22 75.89609
3 23 52.05549
3 24 20.13239
4 5 38.11767
4 6 87.59316
4 7 48.25095
4 8 30.14692
4 9 56.05540
4 10 40.25663
4 11 38.77432
4 12 60.56794
4 13 60.54303
4 14 60.90903
4 15 37.74062
4 16 22.97679
4 17 55.54330
4 18 50.03079
4 19 51.58459
4 20 57.90069
4 21 19.56590
4 22 58.62626
4 23 40.78593
4 24 8.25173
5 6 123.33878
5 7 86.13914
5 8 45.40444
5 9 93.91344
5 10 78.16257
5 11 76.11704
5 12 90.99060
5 13 95.70501
5 14 94.85988
5 15 71.61419
5 16 34.05010
5 17 88.56900
5 18 87.77937
5 19 84.43227
5 20 86.54587
5 21 51.01356
5 22 96.21070
5 23 74.44513
5 24 31.13601
6 7 53.73210
6 8 84.00635
6 9 36.83657
6 10 50.09008
6 11 49.49104
6 12 88.93699
6 13 70.57433
6 14 29.58058
6 15 77.93754
6 16 106.69203
6 17 36.49635
6 18 54.63125
6 19 80.02769
6 20 45.72089
6 21 87.51435
6 22 53.51839
6 23 78.06060
6 24 92.79147
7 8 63.52136
7 9 17.30851
7 10 15.18314
7 11 20.78611
7 12 37.66122
7 13 22.81063
7 14 41.47149
7 15 24.52724
7 16 59.98521
7 17 41.98494
7 18 2.57739
7 19 27.31620
7 20 54.47656
7 21 38.91066
7 22 10.98987
7 23 24.37074
7 24 56.06231
8 9 63.10627
8 10 49.90379
8 11 45.33816
8 12 86.86228
8 13 82.09997
8 14 54.43155
8 15 63.01275
8 16 50.64558
8 17 47.55370
8 18 65.94521
8 19 76.55833
8 20 42.32457
8 21 48.72548
8 22 74.46232
8 23 65.94154
8 24 26.13015
9 10 15.80004
9 11 18.35636
9 12 54.46675
9 13 37.77873
9 14 26.37968
9 15 41.11992
9 16 72.16197
9 17 28.87914
9 18 18.71202
9 19 44.49645
9 20 42.60225
9 21 51.90577
9 22 21.03940
9 23 41.35939
9 24 62.81046
10 11 5.61180
10 12 50.11462
10 13 37.54377
10 14 30.30452
10 15 31.15023
10 16 56.97550
10 17 29.01583
10 18 17.75797
10 19 39.02223
10 20 40.32328
10 21 37.42466
10 22 25.36713
10 23 32.42108
10 24 47.09702
11 12 55.22090
11 13 43.11839
11 14 26.86573
11 15 35.22211
11 16 57.22539
11 17 24.60785
11 18 23.35851
11 19 44.05444
11 20 35.14489
11 21 38.76460
11 22 30.80385
11 23 36.78778
11 24 44.98740
12 13 18.90286
12 14 79.02172
12 15 23.86219
12 16 57.40761
12 17 78.91101
12 18 35.84564
12 19 11.22557
12 20 90.36184
12 21 41.65202
12 22 35.42737
12 23 20.99716
12 24 68.45880
13 14 63.64043
13 15 24.17083
13 16 64.40901
13 17 64.67195
13 18 20.42158
13 19 14.00535
13 20 77.28716
13 21 44.72460
13 22 17.28076
13 23 21.51633
13 24 68.79474
14 15 61.45259
14 16 81.94823
14 17 6.94976
14 18 43.53852
14 19 68.30592
14 20 19.05477
14 21 65.06409
14 22 47.35325
14 23 62.64091
14 24 65.06651
15 16 40.43370
15 17 59.82223
15 18 24.30618
15 19 13.88790
15 20 69.69289
15 21 20.60071
15 22 29.84472
15 23 3.04889
15 24 45.89391
16 17 77.17501
16 18 60.97366
16 19 51.93183
16 20 80.65190
16 21 21.12482
16 22 68.49625
16 23 42.91237
16 24 24.51757
17 18 44.27310
17 19 67.92690
17 20 13.90428
17 21 61.32187
17 22 49.21039
17 23 61.31382
17 24 59.20693
18 19 25.79443
18 20 56.89207
18 21 39.85307
18 22 8.74968
18 23 23.83102
18 24 57.92904
19 20 79.19916
19 21 33.71396
19 22 27.18973
19 23 10.84256
19 24 59.70045
20 21 67.60063
20 22 62.48991
20 23 71.55766
20 24 59.71201
21 22 47.41425
21 23 23.44884
21 24 27.01123
22 23 28.59074
22 24 66.58236
23 24 48.93344
64.5619 64.5740
21.3960 21.9987
79.4828 88.7522
24.7424 6.3540
35.0494 26.3578
1.5745 8.1263
87.9398 96.1802
80.3440 42.9877
17.2953 50.7223
79.6731 60.2832
67.1989 50.5860
62.5351 53.7071
92.5619 7.3634
95.5915 26.0219
62.8126 80.5714
72.2236 19.8437
35.2925 3.3823
56.5424 77.5741
82.6351 41.8071
85.6212 16.1861
43.9942 83.5634
51.9081 16.4276
91.3317 42.7694
75.1964 19.1668
26.7977 26.3812
