100
0 1 89.94561
0 2 55.31380
0 3 7.28116
0 4 45.94135
0 5 63.29759
0 6 62.26854
0 7 15.36550
0 8 45.29971
0 9 36.33958
0 10 13.99568
0 11 62.17733
0 12 35.59910
0 13 28.93473
0 14 6.71598
0 15 13.33213
0 16 71.35344
0 17 45.18832
0 18 74.89181
0 19 93.95639
0 20 27.99532
0 21 20.46869
0 22 28.78526
0 23 21.38876
0 24 78.37785
0 25 81.76881
0 26 31.65812
0 27 42.87759
0 28 85.36000
0 29 81.62821
0 30 79.75284
0 31 72.39127
0 32 100.95410
0 33 64.15965
0 34 26.43588
0 35 59.69674
0 36 77.96594
0 37 42.83301
0 38 44.06764
0 39 65.60939
0 40 48.94523
0 41 19.37849
0 42 45.60720
0 43 59.21309
0 44 44.60752
0 45 85.45214
0 46 24.88881
0 47 14.55418
0 48 42.43001
0 49 63.17380
0 50 76.46737
0 51 57.86083
0 52 60.86073
0 53 64.62742
0 54 18.46661
0 55 65.60526
0 56 56.31930
0 57 12.95763
0 58 9.94094
0 59 57.55581
0 60 37.13616
0 61 40.07706
0 62 40.64097
0 63 28.05174
0 64 33.69014
0 65 57.20010
0 66 78.16557
0 67 73.12625
0 68 51.31941
0 69 54.48028
0 70 66.38479
0 71 10.85741
0 72 68.32630
0 73 13.87849
0 74 99.44245
0 75 57.61435
0 76 24.21559
0 77 52.67404
0 78 55.55540
0 79 66.85646
0 80 70.05410
0 81 5.24079
0 82 81.85811
0 83 16.97071
0 84 86.82937
0 85 12.51220
0 86 64.92238
0 87 46.95922
0 88 32.23248
0 89 21.86179
0 90 52.64642
0 91 37.97952
0 92 65.95595
0 93 67.11833
0 94 56.46300
0 95 63.45487
0 96 7.07693
0 97 57.79272
0 98 42.49917
0 99 22.26719
1 2 42.05875
1 3 91.41620
1 4 46.76313
1 5 69.88769
1 6 81.42475
1 7 102.65804
1 8 49.47832
1 9 57.08794
1 10 98.06229
1 11 85.44135
1 12 70.33359
1 13 71.95998
1 14 88.37271
1 15 82.72654
1 16 38.17091
1 17 51.60817
1 18 43.77040
1 19 4.42940
1 20 67.24999
1 21 97.26042
1 22 62.19348
1 23 73.77103
1 24 66.02964
1 25 15.61783
1 26 78.95412
1 27 47.16953
1 28 24.95584
1 29 12.70884
1 30 15.39812
1 31 69.51982
1 32 11.01108
1 33 39.07642
1 34 66.58005
1 35 77.28143
1 36 81.81094
1 37 47.94604
1 38 63.07315
1 39 83.99415
1 40 72.29311
1 41 109.26162
1 42 45.33209
1 43 55.18281
1 44 83.79452
1 45 25.17139
1 46 71.74277
1 47 87.46653
1 48 71.16664
1 49 45.31542
1 50 79.21677
1 51 44.95169
1 52 53.99911
1 53 56.64362
1 54 102.41685
1 55 62.00005
1 56 39.85376
1 57 82.96204
1 58 97.34761
1 59 74.27275
1 60 76.06399
1 61 65.32066
1 62 74.44765
1 63 61.90129
1 64 58.01346
1 65 42.86784
1 66 44.78693
1 67 19.07969
1 68 72.45721
1 69 39.72909
1 70 37.63343
1 71 98.52491
1 72 49.63874
1 73 102.28962
1 74 9.58342
1 75 42.59320
1 76 89.53295
1 77 56.66348
1 78 34.91819
1 79 37.51225
1 80 66.54077
1 81 86.78917
1 82 33.76050
1 83 94.22459
1 84 7.68005
1 85 88.94990
1 86 72.80331
1 87 63.53336
1 88 80.68578
1 89 69.20476
1 90 73.26308
1 91 62.45027
1 92 80.42766
1 93 25.33587
1 94 68.08446
1 95 56.99718
1 96 83.64047
1 97 35.69445
1 98 52.94877
1 99 81.34409
2 3 54.51157
2 4 10.48311
2 5 68.49515
2 6 76.56399
2 7 65.10415
2 8 10.01641
2 9 35.59666
2 10 59.90219
2 11 46.26656
2 12 52.17171
2 13 49.63499
2 14 51.74325
2 15 44.89868
2 16 49.24285
2 17 10.64653
2 18 22.30286
2 19 44.93776
2 20 28.29529
2 21 57.44620
2 22 34.55545
2 23 46.71684
2 24 74.44871
2 25 42.27235
2 26 58.43452
2 27 22.59395
2 28 51.62491
2 29 30.42550
2 30 27.91991
2 31 36.73869
2 32 52.08673
2 33 9.31413
2 34 40.30061
2 35 72.09867
2 36 85.07445
2 37 15.71381
2 38 21.02667
2 39 45.93282
2 40 62.08094
2 41 73.38321
2 42 26.11477
2 43 17.48000
2 44 41.89029
2 45 30.38788
2 46 32.51840
2 47 48.71971
2 48 57.22596
2 49 11.83972
2 50 82.50724
2 51 43.08930
2 52 54.13000
2 53 58.98330
2 54 71.61404
2 55 63.83397
2 56 35.21817
2 57 53.06634
2 58 64.49356
2 59 34.82440
2 60 34.06123
2 61 49.90566
2 62 32.39303
2 63 30.02744
2 64 33.38766
2 65 40.10175
2 66 59.46028
2 67 22.98299
2 68 31.54652
2 69 32.27144
2 70 44.21953
2 71 61.56170
2 72 19.55534
2 73 65.32152
2 74 51.26271
2 75 3.53811
2 76 64.39041
2 77 50.41996
2 78 23.41594
2 79 11.84333
2 80 33.22238
2 81 53.84516
2 82 26.71163
2 83 54.95379
2 84 36.29613
2 85 50.65245
2 86 36.01255
2 87 21.73929
2 88 38.97774
2 89 39.62457
2 90 32.61669
2 91 21.05830
2 92 42.95347
2 93 16.88208
2 94 63.02539
2 95 58.46968
2 96 48.28879
2 97 7.46246
2 98 36.58903
2 99 55.93867
3 4 45.91529
3 5 69.70343
3 6 69.19111
3 7 11.29396
3 8 44.63518
3 9 40.39120
3 10 7.78466
3 11 56.28754
3 12 41.82552
3 13 35.04449
3 14 3.08213
3 15 9.77037
3 16 75.60710
3 17 44.01536
3 18 72.77198
3 19 95.27012
3 20 26.30087
3 21 13.24075
3 22 32.24127
3 23 27.07272
3 24 84.44160
3 25 84.33749
3 26 38.55375
3 27 44.98798
3 28 88.73644
3 29 82.32608
3 30 80.28368
3 31 67.95313
3 32 102.37656
3 33 62.93622
3 34 31.01234
3 35 66.47980
3 36 84.72425
3 37 43.59333
3 38 40.81885
3 39 59.89571
3 40 55.51641
3 41 18.92257
3 42 48.33754
3 43 56.25733
3 44 38.61000
3 45 84.89197
3 46 22.42638
3 47 8.42157
3 48 48.88101
3 49 61.23148
3 50 83.14973
3 51 62.28417
3 52 66.22647
3 53 70.22373
3 54 23.98167
3 55 71.55199
3 56 59.94223
3 57 19.73277
3 58 15.29553
3 59 52.56573
3 60 32.18157
3 61 45.93151
3 62 35.80787
3 63 29.98100
3 64 37.26953
3 65 61.33252
3 66 82.96449
3 67 73.86889
3 68 46.53236
3 69 57.83499
3 70 70.44090
3 71 7.14875
3 72 65.73533
3 73 10.94060
3 74 100.98251
3 75 56.44717
3 76 31.49637
3 77 58.09290
3 78 57.78552
3 79 65.65520
3 80 65.84726
3 81 12.13416
3 82 80.57962
3 83 9.68955
3 84 87.74386
3 85 6.01860
3 86 60.11727
3 87 43.44805
3 88 26.70907
3 89 25.84309
3 90 47.76132
3 91 35.51086
3 92 60.52475
3 93 67.67329
3 94 62.78932
3 95 69.07017
3 96 8.58471
3 97 57.87626
3 98 46.69853
3 99 29.21372
4 5 60.36852
4 6 67.62519
4 7 56.88325
4 8 4.10428
4 9 25.69464
4 10 51.94753
4 11 49.00535
4 12 42.10306
4 13 39.26091
4 14 43.00324
4 15 36.63524
4 16 45.24140
4 17 7.27622
4 18 32.68444
4 19 50.25589
4 20 20.56162
4 21 50.56099
4 22 24.08446
4 23 36.24080
4 24 67.96656
4 25 43.39216
4 26 48.07879
4 27 13.46928
4 28 51.19249
4 29 36.62494
4 30 34.46513
4 31 43.71425
4 32 57.46145
4 33 19.78291
4 34 29.83183
4 35 63.22519
4 36 77.24840
4 37 5.53445
4 38 20.38326
4 39 49.56878
4 40 52.74792
4 41 64.55621
4 42 17.93566
4 43 24.26743
4 44 40.74138
4 45 39.57747
4 46 25.04276
4 47 41.02758
4 48 47.52500
4 49 21.62534
4 50 74.75546
4 51 36.70514
4 52 47.08133
4 53 52.05847
4 54 61.61428
4 55 56.52308
4 56 29.44121
4 57 42.80309
4 58 54.79043
4 59 38.01227
4 60 31.14220
4 61 40.24160
4 62 30.58742
4 63 19.66161
4 64 23.16194
4 65 33.92682
4 66 55.26695
4 67 28.29771
4 68 33.24924
4 69 26.33676
4 70 39.81070
4 71 53.05406
4 72 29.02197
4 73 56.84508
4 74 56.30609
4 75 13.73513
4 76 53.91814
4 77 42.32271
4 78 19.28328
4 79 22.24481
4 80 40.25642
4 81 44.04988
4 82 36.89255
4 83 47.64967
4 84 42.22896
4 85 42.70432
4 86 41.10977
4 87 22.53594
4 88 34.74022
4 89 29.20353
4 90 34.61769
4 91 16.75580
4 92 47.15617
4 93 21.96737
4 94 54.47347
4 95 51.39754
4 96 39.04156
4 97 11.96118
4 98 27.56467
4 99 45.45746
5 6 11.91035
5 7 78.30204
5 8 63.95907
5 9 37.15783
5 10 77.19746
5 11 106.46740
5 12 27.91903
5 13 34.73315
5 14 67.38043
5 15 67.82506
5 16 32.04092
5 17 66.83395
5 18 88.99335
5 19 74.09472
5 20 65.04838
5 21 82.37953
5 22 44.29469
5 23 42.92730
5 24 16.35245
5 25 54.55025
5 26 32.43924
5 27 46.92501
5 28 48.97340
5 29 71.13847
5 30 71.36855
5 31 104.08084
5 32 78.28066
5 33 75.80173
5 34 41.53068
5 35 8.67451
5 36 17.04956
5 37 55.15486
5 38 77.69785
5 39 107.99389
5 40 14.57665
5 41 78.08835
5 42 42.57381
5 43 84.61474
5 44 93.12892
5 45 84.08927
5 46 67.19133
5 47 72.86157
5 48 20.86773
5 49 80.24749
5 50 14.73951
5 51 27.24961
5 52 16.26233
5 53 13.30550
5 54 62.00728
5 55 8.33269
5 56 35.02822
5 57 50.36444
5 58 63.27317
5 59 96.61102
5 60 82.33221
5 61 24.69068
5 62 83.93606
5 63 50.95998
5 64 41.07262
5 65 30.20305
5 66 29.46324
5 67 65.73301
5 68 90.82141
5 69 37.35043
5 70 32.39486
5 71 73.98981
5 72 87.99442
5 73 76.37670
5 74 76.09009
5 75 71.98648
5 76 44.20206
5 77 18.09571
5 78 46.78841
5 79 77.17560
5 80 100.62483
5 81 58.05755
5 82 87.34421
5 83 78.46976
5 84 72.66596
5 85 72.29131
5 86 100.93563
5 87 80.69262
5 88 81.82418
5 89 46.97712
5 90 92.35661
5 91 71.02083
5 92 106.19729
5 93 64.11779
5 94 7.02120
5 95 12.89052
5 96 62.04842
5 97 63.47906
5 98 33.12574
5 99 41.53440
6 7 76.49727
6 8 70.88832
6 9 42.69191
6 10 76.24370
6 11 111.34352
6 12 29.39044
6 13 35.78019
6 14 67.25472
6 15 68.99078
6 16 43.83112
6 17 73.54364
6 18 97.84976
6 19 85.68005
6 20 69.05635
6 21 82.31055
6 22 48.42411
6 23 43.90687
6 24 25.24301
6 25 66.21665
6 26 30.63785
6 27 54.22918
6 28 60.87679
6 29 82.02242
6 30 82.07479
6 31 110.99861
6 32 90.03301
6 33 84.46715
6 34 44.47579
6 35 4.51193
6 36 16.34708
6 37 62.18640
6 38 83.29009
6 39 113.25534
6 40 15.49770
6 41 74.73933
6 42 50.46177
6 43 91.80610
6 44 96.81755
6 45 94.48535
6 46 70.51293
6 47 73.60445
6 48 22.05574
6 49 88.40313
6 50 15.61244
6 51 37.68918
6 52 27.44938
6 53 25.10853
6 54 57.53344
6 55 20.23966
6 56 45.00870
6 57 49.45839
6 58 60.37839
6 59 102.13934
6 60 86.21707
6 61 28.38315
6 62 88.23941
6 63 55.30377
6 64 46.23383
6 65 40.46087
6 66 41.26945
6 67 76.15788
6 68 96.07304
6 69 46.95735
6 70 43.80473
6 71 72.46939
6 72 96.10969
6 73 74.36049
6 74 87.84983
6 75 80.09854
6 76 40.31366
6 77 26.96599
6 78 56.20492
6 79 86.06780
6 80 107.61662
6 81 57.11326
6 82 97.13647
6 83 78.50703
6 84 83.87385
6 85 72.65155
6 86 107.09517
6 87 86.43454
6 88 84.85865
6 89 49.45398
6 90 97.62970
6 91 76.25773
6 92 111.79307
6 93 74.00102
6 94 14.04921
6 95 24.57474
6 96 62.36298
6 97 72.24709
6 98 40.08894
6 99 40.00651
7 8 55.36495
7 9 51.22768
7 10 5.58482
7 11 60.80478
7 12 50.81294
7 13 44.22345
7 14 14.37256
7 15 20.27248
7 16 86.40344
7 17 54.50381
7 18 82.38381
7 19 106.48494
7 20 36.81252
7 21 12.68085
7 22 43.26909
7 23 36.75368
7 24 93.59478
7 25 95.61535
7 26 46.19130
7 27 56.27837
7 28 99.87814
7 29 93.41329
7 30 91.32525
7 31 75.01942
7 32 113.60588
7 33 73.24328
7 34 41.54452
7 35 74.22864
7 36 92.47844
7 37 54.77787
7 38 49.81654
7 39 64.75244
7 40 63.82812
7 41 10.26050
7 42 59.57526
7 43 65.27686
7 44 43.40926
7 45 95.47700
7 46 32.63375
7 47 16.65328
7 48 57.46181
7 49 71.06669
7 50 91.10969
7 51 72.97684
7 52 76.22428
7 53 79.98548
7 54 23.72306
7 55 80.88465
7 56 70.98565
7 57 28.01408
7 58 16.91082
7 59 59.00279
7 60 39.34594
7 61 55.41119
7 62 43.00118
7 63 41.26734
7 64 48.27833
7 65 72.17373
7 66 93.43613
7 67 84.98066
7 68 53.44996
7 69 68.95662
7 70 81.32736
7 71 4.55974
7 72 74.99643
7 73 2.45693
7 74 112.22978
7 75 66.83050
7 76 36.79346
7 77 68.03862
7 78 69.07591
7 79 75.95955
7 80 73.27525
7 81 20.47642
7 82 90.76303
7 83 12.13696
7 84 98.88103
7 85 14.50753
7 86 66.72144
7 87 52.11560
7 88 33.21647
7 89 36.63723
7 90 54.48861
7 91 45.30664
7 92 65.97614
7 93 78.74546
7 94 71.54965
7 95 78.81132
7 96 19.63659
7 97 68.82709
7 98 57.48299
7 99 36.85654
8 9 28.53472
8 10 50.25727
8 11 44.90841
8 12 44.63476
8 13 41.29749
8 14 41.82490
8 15 35.10548
8 16 49.34447
8 17 3.17353
8 18 31.20957
8 19 52.79157
8 20 18.60073
8 21 48.29887
8 22 25.85186
8 23 37.54551
8 24 71.90300
8 25 46.95951
8 26 50.12093
8 27 17.05759
8 28 55.03492
8 29 38.77732
8 30 36.47001
8 31 40.18139
8 32 60.00340
8 33 19.07717
8 34 31.55893
8 35 66.52801
8 36 80.89870
8 37 8.80422
8 38 16.31342
8 39 45.51045
8 40 55.84064
8 41 63.46370
8 42 21.75227
8 43 20.93325
8 44 36.83301
8 45 40.28372
8 46 22.96734
8 47 39.15755
8 48 50.38537
8 49 19.68289
8 50 78.42921
8 51 40.70879
8 52 50.96160
8 53 55.94922
8 54 61.67933
8 55 60.33155
8 56 33.51541
8 57 43.33759
8 58 54.48886
8 59 33.94780
8 60 27.47558
8 61 43.16527
8 62 26.71965
8 63 20.58674
8 64 25.63997
8 65 37.95951
8 66 59.37085
8 67 30.67020
8 68 29.14517
8 69 30.40943
8 70 43.91493
8 71 51.72102
8 72 26.66575
8 73 55.49504
8 74 58.95276
8 75 12.59699
8 76 55.12496
8 77 45.97505
8 78 23.35125
8 79 21.71734
8 80 36.76232
8 81 43.86131
8 82 36.67829
8 83 45.58732
8 84 44.51472
8 85 40.99014
8 86 37.22380
8 87 18.43166
8 88 31.42223
8 89 30.22923
8 90 30.51572
8 91 13.21105
8 92 43.14585
8 93 24.29491
8 94 57.93222
8 95 55.26358
8 96 38.28057
8 97 13.92482
8 98 30.96492
8 99 46.79982
9 10 48.10737
9 11 69.32811
9 12 16.62392
9 13 15.45527
9 14 37.42860
9 15 34.93621
9 16 35.21643
9 17 31.00851
9 18 57.81138
9 19 61.40754
9 20 28.22122
9 21 50.86337
9 22 8.53334
9 23 16.93697
9 24 48.31279
9 25 46.58890
9 26 23.72190
9 27 13.32770
9 28 49.15069
9 29 51.58166
9 30 50.43506
9 31 68.40302
9 32 67.92550
9 33 44.43913
9 34 10.12330
9 35 38.45338
9 36 54.17592
9 37 20.16092
9 38 40.74713
9 39 70.94772
9 40 27.41211
9 41 55.30282
9 42 12.26307
9 43 49.43348
9 44 56.22744
9 45 59.99182
9 46 30.92162
9 47 40.38833
9 48 21.85993
9 49 47.22173
9 50 51.89670
9 51 21.95606
9 52 27.81169
9 53 32.51566
9 54 45.69031
9 55 35.52456
9 56 20.07597
9 57 26.61435
9 58 41.70460
9 59 59.66065
9 60 45.39705
9 61 14.63417
9 62 46.83568
9 63 14.22672
9 64 4.03260
9 65 20.95256
9 66 42.86352
9 67 43.55290
9 68 53.75097
9 69 18.56395
9 70 30.10008
9 71 46.68524
9 72 54.70707
9 73 50.08359
9 74 66.14752
9 75 39.07998
9 76 32.67038
9 77 20.53337
9 78 22.45969
9 79 46.53261
9 80 65.05858
9 81 32.00753
9 82 59.88184
9 83 47.01394
9 84 55.76254
9 85 40.67052
9 86 64.41685
9 87 43.83539
9 88 45.50641
9 89 14.59119
9 90 55.29535
9 91 33.91176
9 92 69.29335
9 93 38.90693
9 94 30.54283
9 95 31.51394
9 96 31.80677
9 97 33.21103
9 98 6.33222
9 99 24.30966
10 11 55.68704
10 12 49.38776
10 13 42.64173
10 14 10.67896
10 15 15.35508
10 16 83.31410
10 17 49.27362
10 18 76.87900
10 19 101.81929
10 20 31.66029
10 21 8.16943
10 22 39.88125
10 23 34.76720
10 24 92.08904
10 25 91.52747
10 26 45.64922
10 27 52.13823
10 28 96.21542
10 29 88.55146
10 30 86.41263
10 31 69.50714
10 32 108.97022
10 33 67.91200
10 34 38.79269
10 35 73.69241
10 36 91.96144
10 37 50.11832
10 38 44.26460
10 39 59.57231
10 40 62.90291
10 41 15.65996
10 42 55.69853
10 43 59.71543
10 44 38.17086
10 45 90.23978
10 46 27.38503
10 47 11.23655
10 48 56.33974
10 49 65.60987
10 50 90.45614
10 51 70.02564
10 52 74.00079
10 53 77.97440
10 54 26.68773
10 55 79.23090
10 56 67.53295
10 57 26.93462
10 58 18.78359
10 59 53.54573
10 60 33.78600
10 61 53.61917
10 62 37.44521
10 63 37.21312
10 64 44.91149
10 65 69.03029
10 66 90.73681
10 67 80.15807
10 68 47.93118
10 69 65.35864
10 70 78.11526
10 71 5.01184
10 72 69.45110
10 73 6.96955
10 74 107.64396
10 75 61.53487
10 76 37.48901
10 77 65.86061
10 78 64.91314
10 79 70.62452
10 80 67.72970
10 81 19.21204
10 82 85.37778
10 83 6.70042
10 84 94.08202
10 85 9.26746
10 86 61.25365
10 87 46.54061
10 88 27.68852
10 89 33.59141
10 90 48.99057
10 91 39.88100
10 92 60.68347
10 93 73.88010
10 94 70.32191
10 95 76.81773
10 96 16.32212
10 97 63.85276
10 98 54.42509
10 99 36.25504
11 12 82.35507
11 13 76.77114
11 14 55.55326
11 15 49.20448
11 16 94.16648
11 17 41.73558
11 18 44.48308
11 19 87.25827
11 20 42.47442
11 21 48.19264
11 22 62.91947
11 23 69.69683
11 24 116.16566
11 25 88.32073
11 26 84.50770
11 27 61.06640
11 28 97.88933
11 29 72.77970
11 30 70.07502
11 31 21.42159
11 32 93.82598
11 33 46.45830
11 34 67.15982
11 35 107.34360
11 36 123.50010
11 37 53.04270
11 38 29.13951
11 39 4.28414
11 40 95.84616
11 41 71.04222
11 42 66.09670
11 43 30.32309
11 44 17.68518
11 45 64.95408
11 46 41.90299
11 47 47.92178
11 48 89.41253
11 49 40.12869
11 50 121.19827
11 51 85.38342
11 52 95.08871
11 53 100.08271
11 54 80.23896
11 55 104.03247
11 56 78.39884
11 57 69.43340
11 58 71.52200
11 59 11.45222
11 60 26.11915
11 61 83.01196
11 62 23.40476
11 63 56.04094
11 64 65.47915
11 65 82.73379
11 66 104.24811
11 67 67.33877
11 68 15.87395
11 69 75.29235
11 70 88.78664
11 71 60.23545
11 72 36.76025
11 73 62.62262
11 74 93.59748
11 75 44.29467
11 76 83.47895
11 77 89.15762
11 78 68.00150
11 79 47.93082
11 80 22.36473
11 81 64.72705
11 82 56.28579
11 83 49.04062
11 84 78.39420
11 85 50.27185
11 86 13.83862
11 87 26.53698
11 88 29.99649
11 89 62.77972
11 90 14.42672
11 91 35.45703
11 92 7.32868
11 93 62.13196
11 94 99.86093
11 95 99.28891
11 96 56.88938
11 97 53.72856
11 98 73.65201
11 99 77.38018
12 13 6.81544
12 14 39.46512
12 15 40.13089
12 16 40.78520
12 17 46.84151
12 18 74.41967
12 19 74.75194
12 20 39.90449
12 21 54.46201
12 22 19.78517
12 23 15.04670
12 24 42.78711
12 25 57.78456
12 26 8.76934
12 27 29.92636
12 28 57.53625
12 29 66.51752
12 30 65.67304
12 31 83.80289
12 32 80.75626
12 33 61.06080
12 34 15.20766
12 35 25.83301
12 36 43.62284
12 37 36.59765
12 38 55.02313
12 39 84.47810
12 40 14.24773
12 41 51.74763
12 42 28.09136
12 43 65.30654
12 44 67.46980
12 45 76.02528
12 46 41.15483
12 47 45.04572
12 48 7.43117
12 49 63.71178
12 50 41.80611
12 51 27.85647
12 52 26.69980
12 53 29.72584
12 54 37.69654
12 55 30.10535
12 56 30.63197
12 57 22.80914
12 58 36.89132
12 59 73.61701
12 60 56.93380
12 61 5.69127
12 62 59.08871
12 63 26.57982
12 64 18.99930
12 65 28.72972
12 66 45.21081
12 67 58.90297
12 68 67.39442
12 69 30.62354
12 70 37.09406
12 71 46.40134
12 72 71.10860
12 73 49.02294
12 74 78.80605
12 75 55.63400
12 76 20.93130
12 77 18.77605
12 78 37.33901
12 79 63.15435
12 80 80.55999
12 81 30.38314
12 82 76.36215
12 83 50.55486
12 84 70.12779
12 85 44.39940
12 86 79.08399
12 87 58.26046
12 88 55.46838
12 89 20.06354
12 90 68.95420
12 91 47.79002
12 92 83.25570
12 93 54.79691
12 94 20.96955
12 95 28.53121
12 96 34.13677
12 97 49.76408
12 98 17.92388
12 99 15.01347
13 14 32.65736
13 15 33.39961
13 16 45.23268
13 17 43.18184
13 18 71.92520
13 19 76.33205
13 20 34.32843
13 21 47.64690
13 22 15.51472
13 23 8.25895
13 24 49.46168
13 25 60.40091
13 26 8.82802
13 27 28.37184
13 28 61.27870
13 29 66.97886
13 30 65.87508
13 31 79.43996
13 32 82.65019
13 33 58.78549
13 34 10.04968
13 35 32.41795
13 36 50.35462
13 37 33.92305
13 38 50.18426
13 39 79.07764
13 40 20.93895
13 41 45.67401
13 42 27.70836
13 43 61.47575
13 44 61.43157
13 45 75.35827
13 46 35.16091
13 47 38.26099
13 48 14.13197
13 49 60.81047
13 50 48.57740
13 51 31.83921
13 52 32.47276
13 53 35.89990
13 54 32.75946
13 55 36.67148
13 56 33.10270
13 57 16.32398
13 58 30.94239
13 59 68.45900
13 60 51.05313
13 61 11.26435
13 62 53.39742
13 63 21.82970
13 64 16.40669
13 65 32.14266
13 66 50.58809
13 67 58.99914
13 68 62.14050
13 69 32.46394
13 70 41.02415
13 71 39.77240
13 72 67.96184
13 73 42.50224
13 74 80.79050
13 75 52.98518
13 76 17.59953
13 77 24.32594
13 78 37.75872
13 79 61.05072
13 80 76.29387
13 81 23.75159
13 82 74.87951
13 83 43.73941
13 84 71.03034
13 85 37.58870
13 86 74.25888
13 87 53.46154
13 88 49.23106
13 89 14.01636
13 90 63.69537
13 91 42.86481
13 92 78.04803
13 93 54.33787
13 94 27.77470
13 95 34.71375
13 96 27.32169
13 97 48.16453
13 98 19.05773
13 99 9.91832
14 15 7.44595
14 16 72.63720
14 17 41.30451
14 18 70.33585
14 19 92.23899
14 20 23.64282
14 21 15.07993
14 22 29.22605
14 23 24.56486
14 24 81.93454
14 25 81.25537
14 26 36.66046
14 27 41.90696
14 28 85.67748
14 29 79.35006
14 30 77.32634
14 31 66.37063
14 32 99.33849
14 33 60.26575
14 34 28.16878
14 35 64.41850
14 36 82.62353
14 37 40.58416
14 38 38.69421
14 39 59.03740
14 40 53.31649
14 41 21.64109
14 42 45.26075
14 43 54.06050
14 44 37.94665
14 45 82.10404
14 46 19.94699
14 47 7.84103
14 48 46.62105
14 49 58.73454
14 50 80.99162
14 51 59.34847
14 52 63.49115
14 53 67.55395
14 54 24.79997
14 55 69.00754
14 56 56.91026
14 57 17.90663
14 58 16.09575
14 59 51.25299
14 60 30.81141
14 61 43.39434
14 62 34.37987
14 63 26.89908
14 64 34.25625
14 65 58.35516
14 66 80.08142
14 67 70.88433
14 68 45.10098
14 69 54.78344
14 70 67.44811
14 71 10.15499
14 72 63.43166
14 73 13.93330
14 74 97.93601
14 75 53.75645
14 76 30.46010
14 77 55.38323
14 78 54.70454
14 79 62.98269
14 80 64.15511
14 81 10.67403
14 82 77.93680
14 83 11.25254
14 84 84.74665
14 85 5.90581
14 86 58.71213
14 87 41.42932
14 88 25.67806
14 89 22.92022
14 90 46.38454
14 91 33.10841
14 92 59.48046
14 93 64.70658
14 94 60.43191
14 95 66.40778
14 96 5.66365
14 97 54.96318
14 98 43.74619
14 99 27.42496
15 16 69.71417
15 17 34.34532
15 18 63.01094
15 19 86.46884
15 20 16.61627
15 21 16.00417
15 22 26.41791
15 23 25.15479
15 24 81.56036
15 25 76.52469
15 26 38.93265
15 27 37.20101
15 28 81.68849
15 29 73.21469
15 30 71.09499
15 31 59.10516
15 32 93.62404
15 33 53.21815
15 34 26.84511
15 35 65.78835
15 36 83.74709
15 37 34.78070
15 38 31.24836
15 39 52.50777
15 40 54.33706
15 41 28.67343
15 42 41.07591
15 43 46.62379
15 44 31.83732
15 45 75.28603
15 46 12.65716
15 47 5.45904
15 48 47.52364
15 49 51.46131
15 50 81.93265
15 51 56.79195
15 52 62.16312
15 53 66.52939
15 54 31.79471
15 55 68.55141
15 56 53.45179
15 57 21.18978
15 58 23.19284
15 59 44.23208
15 60 23.83192
15 61 43.26220
15 62 27.31453
15 63 22.56215
15 64 31.32918
15 65 55.45839
15 66 77.77654
15 67 64.81060
15 68 37.98729
15 69 51.06744
15 70 64.34523
15 71 16.68141
15 72 56.02853
15 73 20.42643
15 74 92.30940
15 75 46.74762
15 76 34.92135
15 77 54.26528
15 78 49.89546
15 79 55.93759
15 80 56.82501
15 81 15.55082
15 82 70.84052
15 83 12.27230
15 84 78.73150
15 85 6.27677
15 86 51.59071
15 87 33.99100
15 88 19.21484
15 89 21.28304
15 90 39.31685
15 91 25.75337
15 92 52.72183
15 93 58.54272
15 94 60.80657
15 95 65.42787
15 96 7.78493
15 97 48.56681
15 98 41.22933
15 99 30.26931
16 17 52.51162
16 18 65.35211
16 19 42.26042
16 20 59.50307
16 21 85.71809
16 22 43.49024
16 23 50.64608
16 24 28.81049
16 25 22.63609
16 26 49.31230
16 27 34.97982
16 28 17.67793
16 29 41.37556
16 30 42.21712
16 31 85.79351
16 32 46.24172
16 33 53.68755
16 34 44.91842
16 35 39.94608
16 36 43.83177
16 37 41.90368
16 38 65.56702
16 39 94.47337
16 40 37.36051
16 41 89.90261
16 42 30.02639
16 43 66.72285
16 44 85.20765
16 45 55.56278
16 46 63.28377
16 47 75.16465
16 48 38.54004
16 49 59.52103
16 50 41.20340
16 51 13.55843
16 52 17.13138
16 53 18.73928
16 54 77.98435
16 55 23.93961
16 56 16.77613
16 57 60.45597
16 58 75.64628
16 59 82.99919
16 60 74.83819
16 61 35.09508
16 62 75.04917
16 63 47.46987
16 64 38.47991
16 65 14.29173
16 66 10.21780
16 67 37.90150
16 68 78.47905
16 69 19.68201
16 70 5.58638
16 71 81.85173
16 72 66.84649
16 73 85.18528
16 74 44.04979
16 75 52.17920
16 76 61.71576
16 77 22.71657
16 78 26.20365
16 79 54.15732
16 80 82.29333
16 81 66.75340
16 82 60.68851
16 83 81.93957
16 84 41.81309
16 85 75.65742
16 86 85.13460
16 87 67.77239
16 88 76.83028
16 89 49.79263
16 90 79.82739
16 91 60.83464
16 92 91.78611
16 93 38.53480
16 94 31.38328
16 95 19.26670
16 96 67.02245
16 97 42.30399
16 98 28.92503
16 99 55.08125
17 18 30.27127
17 19 54.78180
17 20 17.72938
17 21 46.84169
17 22 27.66954
17 23 38.94201
17 24 74.99185
17 25 49.71218
17 26 51.97614
17 27 20.01593
17 28 57.98495
17 29 40.54076
17 30 38.14098
17 31 37.45587
17 32 61.98238
17 33 18.99304
17 34 33.29273
17 35 69.21305
17 36 83.80536
17 37 11.74442
17 38 13.20858
17 39 42.35911
17 40 58.39746
17 41 62.92219
17 42 24.80342
17 43 18.47544
17 44 33.89247
17 45 40.97449
17 46 21.88918
17 47 38.08029
17 48 52.79703
17 49 18.53812
17 50 81.35187
17 51 43.84071
17 52 54.02171
17 53 59.01396
17 54 62.04940
17 55 63.34525
17 56 36.68158
17 57 44.13878
17 58 54.60086
17 59 30.79365
17 60 24.80871
17 61 45.63492
17 62 23.84017
17 63 21.92921
17 64 27.91257
17 65 41.10659
17 66 62.54311
17 67 32.64036
17 68 25.97340
17 69 33.57525
17 70 47.08641
17 71 51.02466
17 72 25.03374
17 73 54.77064
17 74 61.01131
17 75 12.46066
17 76 56.36898
17 77 48.90111
17 78 26.48766
17 79 21.70248
17 80 34.07711
17 81 44.11174
17 82 36.69299
17 83 44.31174
17 84 46.34843
17 85 40.03273
17 86 34.20764
17 87 15.26148
17 88 29.08707
17 89 31.49090
17 90 27.34226
17 91 10.84245
17 92 40.02889
17 93 26.29500
17 94 60.72625
17 95 58.31382
17 96 38.12081
17 97 15.91373
17 98 33.76446
17 99 48.17312
18 19 44.62159
18 20 46.90673
18 21 72.69008
18 22 56.74613
18 23 68.71460
18 24 92.87022
18 25 51.28768
18 26 80.73132
18 27 44.63379
18 28 62.20299
18 29 31.33599
18 30 28.82820
18 31 26.02907
18 32 50.56578
18 33 13.45799
18 34 62.49344
18 35 93.34710
18 36 105.04121
18 37 38.01310
18 38 32.80342
18 39 42.14084
18 40 83.81351
18 41 91.58917
18 42 47.60031
18 43 17.99373
18 44 48.74952
18 45 20.67885
18 46 50.38976
18 47 65.74516
18 48 79.25867
18 49 11.77113
18 50 102.41031
18 51 62.35445
18 52 73.71138
18 53 78.29813
18 54 92.20180
18 55 83.48703
18 56 54.32423
18 57 74.39588
18 58 84.53529
18 59 34.58852
18 60 45.33900
18 61 71.94158
18 62 42.26671
18 63 51.79410
18 64 55.68891
18 65 59.30142
18 66 75.26457
18 67 29.09736
18 68 35.42980
18 69 51.73905
18 70 61.18570
18 71 79.45386
18 72 8.33696
18 73 83.05561
18 74 50.69182
18 75 18.94932
18 76 86.32707
18 77 71.16415
18 78 42.29459
18 79 11.81864
18 80 23.35769
18 81 74.21822
18 82 11.80532
18 83 71.02969
18 84 36.17544
18 85 67.99341
18 86 30.82470
18 87 31.07726
18 88 51.49966
18 89 61.43768
18 90 35.57114
18 91 37.26144
18 92 38.35913
18 93 26.85412
18 94 84.03060
18 95 77.96585
18 96 67.82584
18 97 25.60601
18 98 58.32272
18 99 77.96602
19 20 70.80198
19 21 100.81356
19 22 66.37687
19 23 78.04147
19 24 69.81668
19 25 19.62804
19 26 83.36483
19 27 51.27301
19 28 28.22465
19 29 14.71420
19 30 17.38779
19 31 70.58875
19 32 7.21259
19 33 41.19697
19 34 70.83745
19 35 81.56309
19 36 85.74582
19 37 51.71543
19 38 65.86254
19 39 85.62047
19 40 76.68975
19 41 113.23952
19 42 49.58072
19 43 57.16327
19 44 86.39994
19 45 24.98971
19 46 75.29021
19 47 91.13129
19 48 75.59397
19 49 47.24311
19 50 83.16785
19 51 49.34621
19 52 58.27832
19 53 60.82587
19 54 106.64809
19 55 66.15089
19 56 44.28270
19 57 87.17484
19 58 101.47800
19 59 76.22937
19 60 78.99899
19 61 69.74779
19 62 77.23915
19 63 65.90469
19 64 62.25907
19 65 47.28415
19 66 48.49646
19 67 22.14393
19 68 74.73937
19 69 44.14116
19 70 41.91988
19 71 102.39398
19 72 51.00360
19 73 106.16746
19 74 6.39692
19 75 45.19211
19 76 93.89567
19 77 61.05747
19 78 39.15718
19 79 39.41754
19 80 67.73221
19 81 90.88325
19 82 33.96606
19 83 97.84545
19 84 8.89870
19 85 92.66762
19 86 74.34715
19 87 66.14517
19 88 83.79194
19 89 73.36538
19 90 75.47527
19 91 65.61330
19 92 81.98929
19 93 28.50808
19 94 72.40467
19 95 61.20684
19 96 87.58211
19 97 38.90458
19 98 57.33564
19 99 85.68299
20 21 30.01487
20 22 20.80699
20 23 27.60411
20 24 76.47701
20 25 62.59566
20 26 42.29628
20 27 24.71120
20 28 69.06030
20 29 57.14108
20 30 54.91964
20 31 46.82674
20 32 78.00255
20 33 36.63765
20 34 24.69850
20 35 65.17226
20 36 81.92297
20 37 19.87072
20 38 17.19541
20 39 44.75549
20 40 53.58511
20 41 45.21930
20 42 29.50053
20 43 31.54447
20 44 28.08190
20 45 58.67823
20 46 4.49295
20 47 20.56657
20 48 47.04088
20 49 35.21409
20 50 79.75265
20 51 47.89165
20 52 55.71291
20 53 60.54950
20 54 45.68163
20 55 63.74189
20 56 42.72883
20 57 29.60791
20 58 37.72634
20 59 34.33272
20 60 17.29024
20 61 40.90138
20 62 19.19250
20 63 14.09659
20 64 24.19495
20 65 45.87369
20 66 68.63886
20 67 48.85404
20 68 27.93737
20 69 39.89973
20 70 53.92961
20 71 33.29534
20 72 40.39124
20 73 37.04236
20 74 76.81307
20 75 30.14677
20 76 43.21107
20 77 48.73573
20 78 36.41714
20 79 39.35623
20 80 44.03220
20 81 27.74166
20 82 54.29658
20 83 27.09845
20 84 62.78097
20 85 22.39472
20 86 40.62718
20 87 20.41423
20 88 17.54337
20 89 20.39924
20 90 29.48027
20 91 10.27189
20 92 43.83456
20 93 42.50974
20 94 58.21820
20 95 59.59516
20 96 20.94455
20 97 32.31489
20 98 33.60861
20 99 36.00789
21 22 42.37044
21 23 39.47509
21 24 96.72092
21 25 91.97270
21 26 51.69171
21 27 52.86203
21 28 97.50768
21 29 87.05031
21 30 84.76751
21 31 63.15916
21 32 108.01584
21 33 64.81109
21 34 42.34526
21 35 79.49791
21 36 97.70252
21 37 49.59102
21 38 39.89130
21 39 52.18337
21 40 68.38136
21 41 22.86403
21 42 56.92783
21 43 55.05512
21 44 30.94170
21 45 87.42280
21 46 25.52424
21 47 10.56225
21 48 61.66748
21 49 61.83217
21 50 96.06237
21 51 72.76430
21 52 77.80076
21 53 82.03618
21 54 34.81992
21 55 83.74809
21 56 69.43279
21 57 32.88478
21 58 26.73987
21 59 46.95461
21 60 28.09160
21 61 58.19667
21 62 31.64784
21 63 38.48450
21 64 47.31168
21 65 71.45943
21 66 93.72525
21 67 78.82638
21 68 41.71030
21 69 67.01136
21 70 80.34757
21 71 13.17303
21 72 64.92872
21 73 14.70086
21 74 106.82638
21 75 58.65767
21 76 44.61857
21 77 69.79408
21 78 65.40722
21 79 67.48512
21 80 61.63276
21 81 25.36341
21 82 81.90011
21 83 3.93321
21 84 92.73803
21 85 10.28699
21 86 54.68779
21 87 41.76651
21 88 21.78016
21 89 36.85616
21 90 42.63084
21 91 36.63491
21 92 53.53367
21 93 72.46620
21 94 75.40936
21 95 80.91096
21 96 20.34042
21 97 62.18472
21 98 57.17592
21 99 42.39540
22 23 12.50511
22 24 56.38631
22 25 53.08314
22 26 24.30865
22 27 15.33728
22 28 56.64915
22 29 55.25282
22 30 53.75790
22 31 64.13128
22 32 73.17518
22 33 43.81994
22 34 5.74801
22 35 44.44943
22 36 61.12518
22 37 18.98758
22 38 35.24101
22 39 64.87738
22 40 32.92669
22 41 48.06015
22 42 17.03878
22 43 45.97446
22 44 48.85890
22 45 61.86315
22 46 22.96316
22 47 31.87378
22 48 26.55581
22 49 45.46093
22 50 58.97404
22 51 30.39686
22 52 36.18237
22 53 40.78541
22 54 40.34850
22 55 43.46979
22 56 27.71881
22 57 20.84121
22 58 35.23838
22 59 53.89647
22 60 38.09341
22 61 20.12976
22 62 39.89612
22 63 6.88212
22 64 5.03046
22 65 29.19880
22 66 51.36079
22 67 46.88290
22 68 47.73017
22 69 25.73062
22 70 38.24133
22 71 38.76547
22 72 52.51105
22 73 42.28034
22 74 71.53108
22 75 37.80457
22 76 30.08301
22 77 28.63130
22 78 27.32187
22 79 46.20177
22 80 60.93395
22 81 24.92383
22 82 60.47888
22 83 38.53835
22 84 59.95834
22 85 32.21392
22 86 59.29891
22 87 38.47548
22 88 37.61716
22 89 7.07650
22 90 49.28968
22 91 28.02948
22 92 63.54620
22 93 41.50260
22 94 37.42844
22 95 39.74601
22 96 23.67966
22 97 33.98729
22 98 14.81155
22 99 21.53115
23 24 57.38002
23 25 63.52122
23 26 14.81684
23 27 27.63084
23 28 65.68497
23 29 67.45989
23 30 66.05901
23 31 73.84018
23 32 84.67581
23 33 56.02349
23 34 7.24046
23 35 40.63684
23 36 58.61151
23 37 31.35594
23 38 44.22676
23 39 72.21421
23 40 29.19417
23 41 39.27765
23 42 28.47168
23 43 56.69291
23 44 53.86849
23 45 74.36704
23 46 27.81829
23 47 30.00389
23 48 22.39061
23 49 57.22355
23 50 56.83542
23 51 37.08765
23 52 39.47266
23 53 43.27238
23 54 28.76427
23 55 44.47929
23 56 36.74249
23 57 9.85847
23 58 25.08348
23 59 61.93678
23 60 43.72643
23 61 18.85892
23 62 46.29621
23 63 17.01575
23 64 15.83045
23 65 36.80457
23 66 56.95555
23 67 59.16505
23 68 55.53589
23 69 35.45476
23 70 45.96233
23 71 32.23128
23 72 63.97548
23 73 35.20390
23 74 82.94001
23 75 49.85183
23 76 17.68088
23 77 31.28530
23 78 38.89475
23 79 58.46891
23 80 70.83300
23 81 16.39651
23 82 72.89246
23 83 35.55657
23 84 71.98877
23 85 29.36465
23 86 68.11699
23 87 47.51701
23 88 41.47317
23 89 7.56293
23 90 57.07494
23 91 36.90143
23 92 71.42025
23 93 53.91999
23 94 35.94221
23 95 42.10572
23 96 19.13473
23 97 46.47785
23 98 22.39968
23 99 9.25438
24 25 50.45778
24 26 48.34135
24 27 55.15257
24 28 42.17443
24 29 70.17829
24 30 71.01922
24 31 111.07110
24 32 72.67293
24 33 80.40764
24 34 54.74531
24 35 23.89633
24 36 16.67073
24 37 63.32363
24 38 87.03218
24 39 117.20471
24 40 30.60532
24 41 93.96392
24 42 50.20960
24 43 91.55448
24 44 104.31486
24 45 84.34266
24 46 79.21807
24 47 86.80271
24 48 36.33124
24 49 85.68328
24 50 14.42748
24 51 31.41196
24 52 21.07919
24 53 16.09313
24 54 78.21574
24 55 13.01022
24 56 39.23353
24 57 65.58212
24 58 79.09189
24 59 105.65233
24 60 93.49510
24 61 38.54313
24 62 94.63116
24 63 62.53939
24 64 52.34391
24 65 34.35935
24 66 21.36622
24 67 66.48647
24 68 100.30508
24 69 42.18835
24 70 31.91428
24 71 89.18839
24 72 93.31181
24 73 91.77547
24 74 70.46847
24 75 77.74473
24 76 60.39822
24 77 27.78943
24 78 51.20484
24 79 81.28590
24 80 107.55787
24 81 73.16855
24 82 89.15475
24 83 92.78841
24 84 70.37294
24 85 86.48718
24 86 109.07314
24 87 89.76803
24 88 93.81904
24 89 60.31147
24 90 101.78723
24 91 80.95623
24 92 115.00882
24 93 66.43764
24 94 22.31078
24 95 16.94624
24 96 76.42965
24 97 68.32405
24 98 42.96770
24 99 57.16105
25 26 66.54452
25 27 39.38929
25 28 11.08184
25 29 21.79098
25 30 23.55833
25 31 75.37990
25 32 23.94265
25 33 42.73315
25 34 56.60594
25 35 62.17305
25 36 66.19346
25 37 42.73707
25 38 62.53373
25 39 87.60698
25 40 58.00776
25 41 101.11238
25 42 36.16475
25 43 58.35401
25 44 83.49995
25 45 36.56889
25 46 66.98625
25 47 81.66572
25 48 57.62393
25 49 49.22140
25 50 63.60081
25 51 30.86010
25 52 38.92554
25 53 41.25799
25 54 92.24322
25 55 46.54892
25 56 27.31631
25 57 73.17147
25 58 88.12956
25 59 76.87473
25 60 74.43499
25 61 52.42825
25 62 73.53697
25 63 54.36089
25 64 48.38066
25 65 29.25757
25 66 29.31173
25 67 22.28625
25 68 73.81681
25 69 28.11099
25 70 22.68543
25 71 91.24953
25 72 55.25224
25 73 94.91079
25 74 21.80378
25 75 44.02628
25 76 77.93478
25 77 42.43474
25 78 26.63099
25 79 42.09521
25 80 72.08180
25 81 77.99981
25 82 43.61831
25 83 88.58211
25 84 20.37447
25 85 82.79559
25 86 76.96668
25 87 63.77870
25 88 78.10477
25 89 60.14073
25 90 74.88525
25 91 60.11181
25 92 84.34776
25 93 26.36054
25 94 53.17360
25 95 41.67823
25 96 76.06981
25 97 34.88468
25 98 41.48078
25 99 70.16275
26 27 36.91541
26 28 66.22807
26 29 74.75205
26 30 73.79233
26 31 88.00756
26 32 89.43853
26 33 67.55884
26 34 18.72763
26 35 28.07228
26 36 46.34292
26 37 42.72071
26 38 58.58817
26 39 86.99161
26 40 17.86265
26 41 45.66267
26 42 35.79664
26 43 70.22148
26 44 68.63001
26 45 83.69893
26 46 42.63512
26 47 43.25342
26 48 12.23702
26 49 69.63750
26 50 44.92290
26 51 36.56210
26 52 34.46019
26 53 36.87996
26 54 30.21619
26 55 36.32207
26 56 39.35174
26 57 18.82153
26 58 30.83396
26 59 76.60166
26 60 58.54123
26 61 14.32737
26 62 61.10452
26 63 30.44749
26 64 25.11837
26 65 37.49499
26 66 53.16293
26 67 66.96256
26 68 70.22716
26 69 39.22508
26 70 45.78193
26 71 42.02510
26 72 76.78627
26 73 44.16221
26 74 87.50311
26 75 61.79720
26 76 12.69617
26 77 26.90838
26 78 45.48963
26 79 69.79829
26 80 84.90162
26 81 26.48222
26 82 83.49833
26 83 47.91012
26 84 78.53665
26 85 42.15722
26 86 82.60965
26 87 61.87626
26 88 56.15386
26 89 21.92982
26 90 71.77316
26 91 51.25082
26 92 86.12987
26 93 62.56144
26 94 26.03075
26 95 35.69347
26 96 31.93403
26 97 56.78365
26 98 26.20483
26 99 9.39629
27 28 44.71366
27 29 39.91591
27 30 38.44458
27 31 57.16051
27 32 58.17839
27 33 31.21009
27 34 20.44578
27 35 49.80811
27 36 63.84465
27 37 8.27271
27 38 31.93037
27 39 62.05287
27 40 39.52683
27 41 62.24607
27 42 5.10914
27 43 37.73659
27 44 50.47970
27 45 47.07202
27 46 28.74163
27 47 42.42928
27 48 34.65234
27 49 34.38068
27 50 61.37193
27 51 24.44107
27 52 34.10799
27 53 39.10725
27 54 55.65468
27 55 43.34227
27 56 18.25056
27 57 36.15060
27 58 50.20817
27 59 50.50455
27 60 39.95071
27 61 27.33077
27 62 40.40797
27 63 15.01705
27 64 12.12053
27 65 21.98173
27 66 44.45586
27 67 31.55978
27 68 45.19339
27 69 15.29876
27 70 29.39346
27 71 51.95974
27 72 42.01083
27 73 55.66022
27 74 56.61427
27 75 26.12189
27 76 44.81327
27 77 28.91831
27 78 12.79758
27 79 33.24285
27 80 53.71229
27 81 39.61986
27 82 46.59145
27 83 49.35646
27 84 44.65286
27 85 43.45718
27 86 54.22291
27 87 34.61744
27 88 41.87229
27 89 22.16761
27 90 46.66126
27 91 26.28574
27 92 59.90631
27 93 26.31955
27 94 41.00548
27 95 38.36928
27 96 36.83553
27 97 19.89368
27 98 14.14030
27 99 36.24868
28 29 32.81416
28 30 34.63530
28 31 85.87410
28 32 30.50593
28 33 53.06739
28 34 59.25580
28 35 57.20266
28 36 58.53612
28 37 49.57103
28 38 71.09510
28 39 97.42140
28 40 55.03213
28 41 104.44683
28 42 40.61315
28 43 68.30887
28 44 91.86395
28 45 47.56059
28 46 73.28477
28 47 87.01184
28 48 55.95187
28 49 59.50256
28 50 56.05013
28 51 29.68034
28 52 34.77839
28 53 35.86372
28 54 93.90341
28 55 40.66911
28 56 29.07653
28 57 75.53153
28 58 90.73400
28 59 86.44271
28 60 82.29688
28 61 51.90267
28 62 81.75091
28 63 59.14453
28 64 51.68419
28 65 29.13913
28 66 20.86331
28 67 33.11612
28 68 82.97288
28 69 30.92449
28 70 20.44625
28 71 95.39642
28 72 65.83649
28 73 98.92923
28 74 28.30495
28 75 53.73015
28 76 78.34389
28 77 40.15268
28 78 32.68918
28 79 52.63832
28 80 82.52314
28 81 81.15208
28 82 54.70014
28 83 93.92859
28 84 30.88900
28 85 87.88209
28 86 87.02014
28 87 72.64282
28 88 85.42923
28 89 63.49821
28 90 84.12709
28 91 67.89734
28 92 94.27839
28 93 36.60872
28 94 48.94809
28 95 36.55009
28 96 80.24588
28 97 44.16245
28 98 43.29502
28 99 71.19658
29 30 2.70581
29 31 56.89932
29 32 21.73834
29 33 26.52723
29 34 60.22779
29 35 77.64768
29 36 84.88688
29 37 38.83938
29 38 51.23954
29 39 71.29295
29 40 70.94464
29 41 100.69173
29 42 39.33474
29 43 42.57067
29 44 71.70013
29 45 14.78788
29 46 61.59708
29 47 77.65085
29 48 68.64646
29 49 32.67346
29 50 82.22750
29 51 44.36948
29 52 54.87696
29 53 58.40626
29 54 95.52536
29 55 63.89848
29 56 37.64207
29 57 76.03891
29 58 89.71741
29 59 61.65878
29 60 64.45171
29 61 62.08676
29 62 62.60663
29 63 53.76134
29 64 51.68217
29 65 41.73014
29 66 49.87459
29 67 8.50237
29 68 60.04175
29 69 36.53369
29 70 39.10985
29 71 89.47465
29 72 36.95002
29 73 93.26561
29 74 21.10982
29 75 30.51441
29 76 84.21089
29 77 55.70250
29 78 29.26856
29 79 24.85369
29 80 53.88114
29 81 78.98024
29 82 22.17911
29 83 84.23840
29 84 5.88682
29 85 79.32039
29 86 60.09497
29 87 51.45322
29 88 69.38737
29 89 61.99958
29 90 60.79491
29 91 51.31343
29 92 67.72053
29 93 14.67198
29 94 68.12788
29 95 58.50316
29 96 74.99609
29 97 24.86648
29 98 48.60884
29 99 75.74692
30 31 54.28333
30 32 24.36335
30 33 23.82903
30 34 58.84462
30 35 77.66514
30 36 85.45517
30 37 36.92219
30 38 48.65647
30 39 68.59709
30 40 70.61971
30 41 98.73787
30 42 38.17208
30 43 39.86537
30 44 69.06000
30 45 13.40266
30 46 59.35895
30 47 75.46008
30 48 68.07693
30 49 29.96765
30 50 82.78973
30 51 44.38563
30 52 55.11509
30 53 58.80798
30 54 93.93462
30 55 64.29829
30 56 37.38198
30 57 74.47853
30 58 87.97707
30 59 58.95319
30 60 61.90279
30 61 61.39094
30 62 60.01493
30 63 51.99760
30 64 50.34555
30 65 41.65497
30 66 51.01423
30 67 6.90140
30 68 57.35467
30 69 36.06580
30 70 39.62663
30 71 87.43176
30 72 34.29508
30 73 91.22404
30 74 23.78471
30 75 27.90356
30 76 82.98067
30 77 55.54105
30 78 28.33624
30 79 22.14811
30 80 51.24372
30 81 77.21985
30 82 20.09548
30 83 82.00454
30 84 8.51545
30 85 77.16704
30 86 57.40692
30 87 48.82283
30 88 66.89712
30 89 60.41738
30 90 58.10119
30 91 48.87607
30 92 65.02991
30 93 12.64025
30 94 68.11412
30 95 58.85034
30 96 73.06138
30 97 22.60587
30 98 47.74933
30 99 74.47836
31 32 76.59485
31 33 32.84657
31 34 69.39036
31 35 106.66787
31 36 120.95539
31 37 48.96874
31 38 29.69445
31 39 17.93118
31 40 95.81418
31 41 85.15672
31 42 61.59503
31 43 19.55079
31 44 33.15980
31 45 46.57940
31 46 48.32281
31 47 59.69588
31 48 90.07152
31 49 26.52877
31 50 118.45245
31 51 79.66222
31 52 90.49177
31 53 95.41614
31 54 90.84440
31 55 100.07634
31 56 71.88757
31 57 76.37916
31 58 82.29457
31 59 16.34159
31 60 35.86296
31 61 82.99257
31 62 32.20129
31 63 57.61035
31 64 65.12949
31 65 76.71558
31 66 96.00089
31 67 53.21814
31 68 21.57793
31 69 68.89262
31 70 80.89186
31 71 73.36268
31 72 20.17215
31 73 76.39668
31 74 76.70398
31 75 33.63631
31 76 90.03337
31 77 86.03478
31 78 60.15455
31 79 33.28478
31 80 3.51704
31 81 73.56152
31 82 37.47627
31 83 62.88414
31 84 62.01914
31 85 62.15971
31 86 8.79308
31 87 26.43051
31 88 41.82149
31 89 66.31910
31 90 20.54521
31 91 36.96657
31 92 14.20313
31 93 49.28124
31 94 98.11235
31 95 94.83166
31 96 65.95098
31 97 43.48990
31 98 71.14622
31 99 82.64081
32 33 48.05332
32 34 77.50256
32 35 86.04775
32 36 88.95482
32 37 58.85501
32 38 72.96867
32 39 92.05119
32 40 81.87773
32 41 120.26523
32 42 56.27350
32 43 63.89241
32 44 93.42301
32 45 30.27803
32 46 82.49181
32 47 98.31088
32 48 81.19246
32 49 53.96958
32 50 86.43600
32 51 54.60828
32 52 62.83980
32 53 64.97595
32 54 113.35753
32 55 70.15664
32 56 50.14341
32 57 93.92111
32 58 108.34731
32 59 82.90711
32 60 86.14382
32 61 75.61170
32 62 84.33972
32 63 72.90770
32 64 68.95130
32 65 52.76793
32 66 51.32893
32 67 29.34976
32 68 81.61334
32 69 50.26620
32 70 46.62784
32 71 109.49257
32 72 57.32980
32 73 113.26125
32 74 2.21036
32 75 52.25253
32 76 100.24441
32 77 66.26629
32 78 45.87539
32 79 46.16352
32 80 73.85354
32 81 97.79735
32 82 39.43396
32 83 105.03583
32 84 15.85497
32 85 99.83178
32 86 80.73579
32 87 73.18503
32 88 90.97606
32 89 80.19599
32 90 82.30959
32 91 72.81018
32 92 88.37665
32 93 35.71722
32 94 77.10787
32 95 65.46044
32 96 94.63403
32 97 46.11276
32 98 63.60065
32 99 92.12592
33 34 49.55919
33 35 79.96981
33 36 92.03665
33 37 24.89012
33 38 26.04218
33 39 45.27094
33 40 70.36085
33 41 81.85661
33 42 34.15110
33 43 16.13921
33 44 45.61572
33 45 22.67878
33 46 40.63141
33 47 56.67676
33 48 65.81148
33 49 6.50073
33 50 89.42379
33 51 49.47320
33 52 60.77277
33 53 65.46367
33 54 80.75401
33 55 70.55116
33 56 41.44377
33 57 62.33451
33 58 73.49017
33 59 35.21146
33 60 39.45545
33 61 58.49677
33 62 37.11537
33 63 39.33446
33 64 42.45531
33 65 46.42442
33 66 63.80887
33 67 20.98076
33 68 33.56040
33 69 38.72960
33 70 49.13284
33 71 69.89356
33 72 13.17481
33 73 73.61520
33 74 47.58987
33 75 6.54581
33 76 73.69966
33 77 57.87967
33 78 29.35584
33 79 2.71944
33 80 29.46520
33 81 62.90875
33 82 17.70158
33 83 62.60895
33 84 32.30001
33 85 58.73702
33 86 34.35271
33 87 25.61017
33 88 45.02725
33 89 48.93758
33 90 34.27840
33 91 28.19917
33 92 41.85409
33 93 16.45883
33 94 70.70009
33 95 65.06846
33 96 57.09913
33 97 12.32523
33 98 44.86557
33 99 65.23888
34 35 40.72494
34 36 58.01479
34 37 24.70516
34 38 40.17911
34 39 69.33138
34 40 29.08510
34 41 45.22797
34 42 21.25743
34 43 51.49445
34 44 52.34457
34 45 67.33801
34 46 26.05540
34 47 32.15926
34 48 22.42094
34 49 51.19166
34 50 56.00283
34 51 31.44292
34 52 35.45839
34 53 39.71903
34 54 35.86741
34 55 41.73541
34 56 30.18891
34 57 16.57037
34 58 31.59089
34 59 58.57485
34 60 41.75323
34 61 16.85310
34 62 43.88104
34 63 11.78036
34 64 8.59450
34 65 30.77914
34 66 51.96377
34 67 51.94776
34 68 52.30050
34 69 28.66348
34 70 39.96959
34 71 36.98572
34 72 58.20235
34 73 40.27240
34 74 75.78477
34 75 43.55252
34 76 24.49022
34 77 27.46199
34 78 31.68215
34 79 51.93004
34 80 66.24577
34 81 21.94543
34 82 66.14662
34 83 38.42618
34 84 64.74860
34 85 32.05833
34 86 64.26293
34 87 43.44984
34 88 40.52948
34 89 5.56715
34 90 53.85885
34 91 32.87508
34 92 68.19157
34 93 46.76031
34 94 34.53364
34 95 38.60647
34 96 22.50583
34 97 39.58021
34 98 16.09537
34 99 15.91414
35 36 18.27200
35 37 57.80411
35 38 79.13502
35 39 109.18494
35 40 11.64340
35 41 73.02119
35 42 45.98945
35 43 87.43198
35 44 93.04767
35 45 90.02658
35 46 66.77923
35 47 70.53279
35 48 18.40968
35 49 83.93649
35 50 16.92084
35 51 33.28771
35 52 23.28483
35 53 21.33922
35 54 56.20191
35 55 16.84854
35 56 40.53753
35 57 46.78395
35 58 58.44344
35 59 98.01347
35 60 82.39048
35 61 24.33195
35 62 84.32879
35 63 51.31498
35 64 42.06740
35 65 36.02673
35 66 38.05855
35 67 71.70910
35 68 91.99038
35 69 42.45944
35 70 39.64831
35 71 70.09360
35 72 91.64862
35 73 72.15879
35 74 83.87366
35 75 75.63176
35 76 38.64102
35 77 22.46390
35 78 51.69634
35 79 81.56243
35 80 103.27487
35 81 54.49215
35 82 92.63258
35 83 75.65361
35 84 79.58571
35 85 69.68736
35 86 102.86984
35 87 82.25841
35 88 81.21944
35 89 45.83894
35 90 93.54468
35 91 72.15369
35 92 107.66264
35 93 69.50546
35 94 9.57392
35 95 20.69648
35 96 59.37859
35 97 67.74317
35 98 35.66999
35 99 37.46323
36 37 72.09835
36 38 94.74735
36 39 125.04263
36 40 29.41801
36 41 91.01991
36 42 59.37010
36 43 101.44971
36 44 109.98354
36 45 98.56365
36 46 83.91017
36 47 88.59569
36 48 36.22440
36 49 96.73907
36 50 2.66965
36 51 42.71016
36 52 31.34009
36 53 26.93392
36 54 73.87843
36 55 21.58859
36 56 50.72564
36 57 65.04524
36 58 76.56482
36 59 113.65991
36 60 99.21316
36 61 41.20209
36 62 100.89210
36 63 67.86075
36 64 58.06415
36 65 45.75860
36 66 37.67539
36 67 80.34705
36 68 107.86791
36 69 53.32274
36 70 45.82860
36 71 88.35976
36 72 104.47857
36 73 90.39182
36 74 86.74532
36 75 88.53136
36 76 56.58626
36 77 34.92913
36 78 62.75204
36 79 93.25614
36 80 117.48559
36 81 72.75767
36 82 102.57521
36 83 93.84299
36 84 85.63368
36 85 87.82393
36 86 117.94469
36 87 97.73930
36 88 98.49694
36 89 63.33806
36 90 109.40394
36 91 88.06046
36 92 123.24362
36 93 79.43809
36 94 23.70962
36 95 27.13945
36 96 77.51610
36 97 79.72497
36 98 50.15087
36 99 55.73501
37 38 23.97320
37 39 53.90371
37 40 47.24801
37 41 61.85281
37 42 13.11490
37 43 29.62969
37 44 43.33191
37 45 43.45039
37 46 24.29590
37 47 39.58082
37 48 41.99158
37 49 27.11429
37 50 69.63322
37 51 32.34084
37 52 42.31514
37 53 47.31162
37 54 57.64773
37 55 51.60387
37 56 25.53839
37 57 38.50326
37 58 51.23329
37 59 42.34155
37 60 33.13658
37 61 34.71113
37 62 33.15824
37 63 15.39709
37 64 17.70167
37 65 29.71174
37 66 51.71200
37 67 30.34745
37 68 37.17644
37 69 22.45226
37 70 36.36383
37 71 50.73261
37 72 34.55019
37 73 54.51663
37 74 57.52875
37 75 19.09928
37 76 49.02106
37 77 37.17875
37 78 16.91867
37 79 27.22829
37 80 45.53790
37 81 40.45498
37 82 41.53713
37 83 46.40281
37 84 44.16949
37 85 41.01065
37 86 45.95205
37 87 26.52352
37 88 35.87322
37 89 24.61265
37 90 38.61751
37 91 18.94718
37 92 51.69073
37 93 24.28555
37 94 49.14547
37 95 46.59523
37 96 36.15706
37 97 15.38120
37 98 22.18678
37 99 40.49679
38 39 30.32150
38 40 67.84708
38 41 59.32267
38 42 36.97379
38 43 15.48320
38 44 20.99657
38 45 48.60248
38 46 19.25362
38 47 33.28502
38 48 61.70220
38 49 22.12635
38 50 92.39003
38 51 56.28914
38 52 65.95806
38 53 70.95400
38 54 62.27203
38 55 74.96657
38 56 49.46281
38 57 46.80278
38 58 53.99133
38 59 18.92184
38 60 13.41748
38 61 54.92607
38 62 11.37908
38 63 28.47243
38 64 37.06793
38 65 53.68427
38 66 75.52439
38 67 44.00492
38 68 13.27290
38 69 46.36312
38 70 60.09460
38 71 47.16665
38 72 25.19088
38 73 50.65228
38 74 72.21580
38 75 20.78716
38 76 60.35878
38 77 60.16310
38 78 39.66188
38 79 28.55085
38 80 26.84311
38 81 44.54430
38 82 42.29198
38 83 38.26834
38 84 57.12628
38 85 35.62665
38 86 24.08571
38 87 3.29130
38 88 19.09733
38 89 36.75056
38 90 14.76240
38 91 7.33854
38 92 28.54627
38 93 37.88921
38 94 71.23936
38 95 70.17037
38 96 37.24903
38 97 27.91250
38 98 44.68615
38 99 52.95611
39 40 97.76473
39 41 75.00358
39 42 67.01413
39 43 29.27689
39 44 21.42615
39 45 62.76501
39 46 44.54541
39 47 51.49577
39 48 91.42849
39 49 38.82811
39 50 122.69803
39 51 86.18773
39 52 96.15611
39 53 101.15550
39 54 83.79218
39 55 105.25557
39 56 79.00814
39 57 72.40715
39 58 75.07095
39 59 11.56785
39 60 29.02863
39 61 84.87826
39 62 26.02680
39 63 57.99853
39 64 67.17488
39 65 83.46567
39 66 104.61719
39 67 66.24606
39 68 17.20143
39 69 75.90468
39 70 89.16950
39 71 64.05249
39 72 34.74606
39 73 66.52505
39 74 91.91570
39 75 43.69227
39 76 86.45232
39 77 90.48167
39 78 68.26973
39 79 46.53730
39 80 19.32806
39 81 67.96812
39 82 53.93003
39 83 52.90099
39 84 76.80480
39 85 53.87747
39 86 11.34579
39 87 27.45229
39 88 33.37693
39 89 65.14682
39 90 15.65313
39 91 37.05102
39 92 3.82713
39 93 61.28930
39 94 101.48342
39 95 100.39931
39 96 60.11952
39 97 53.36017
39 98 75.00763
39 99 80.12297
40 41 63.51690
40 42 36.21446
40 43 76.77213
40 44 81.41803
40 45 82.31935
40 46 55.14042
40 47 59.18004
40 48 6.82026
40 49 73.89669
40 50 27.68758
40 51 27.34374
40 52 20.44336
40 53 21.15493
40 54 47.61904
40 55 19.24159
40 56 33.30466
40 57 35.98833
40 58 48.69661
40 59 86.67222
40 60 70.77806
40 61 12.92154
40 62 72.75972
40 63 39.80610
40 64 30.83204
40 65 29.52980
40 66 38.55053
40 67 64.26567
40 68 80.58723
40 69 34.60053
40 70 35.46074
40 71 59.55841
40 72 81.53766
40 73 61.86886
40 74 79.77467
40 75 65.61710
40 76 29.80345
40 77 15.63435
40 78 43.27179
40 79 72.14203
40 80 92.46407
40 81 43.70702
40 82 84.07504
40 83 64.50194
40 84 73.58444
40 85 58.43601
40 86 91.71634
40 87 71.00869
40 88 69.57651
40 89 34.20255
40 90 82.14456
40 91 60.78386
40 92 96.32724
40 93 61.30752
40 94 8.43225
40 95 20.07159
40 96 48.13443
40 97 58.34502
40 98 25.51534
40 99 27.00133
41 42 64.96204
41 43 74.80539
41 44 53.66931
41 45 103.74463
41 46 41.32640
41 47 26.05546
41 48 57.65521
41 49 80.10335
41 50 89.91520
41 51 76.34697
41 52 78.14673
41 53 81.45562
41 54 18.01583
41 55 81.66673
41 56 75.37077
41 57 29.57100
41 58 14.88909
41 59 69.20391
41 60 49.38579
41 61 56.89691
41 62 53.05111
41 63 47.36387
41 64 52.89172
41 65 75.93109
41 66 96.10241
41 67 92.19989
41 68 63.57900
41 69 73.65736
41 70 85.11921
41 71 12.15953
41 72 84.41179
41 73 8.77844
41 74 118.77539
41 75 75.36259
41 76 34.43375
41 77 69.99334
41 78 74.93383
41 79 84.57536
41 80 83.34423
41 81 23.29553
41 82 99.50213
41 83 22.33482
41 84 105.98461
41 85 23.69604
41 86 76.91337
41 87 61.77209
41 88 43.33523
41 89 41.05081
41 90 64.64772
41 91 54.34226
41 92 76.23624
41 93 86.09950
41 94 71.66266
41 95 80.26255
41 96 25.70248
41 97 76.50308
41 98 61.30416
41 99 36.88355
42 43 42.07967
42 44 55.57657
42 45 47.96169
42 46 33.38772
42 47 46.41116
42 48 31.92529
42 49 37.94928
42 50 56.85884
42 51 19.34508
42 52 29.21828
42 53 34.21105
42 54 57.08642
42 55 38.59344
42 56 13.25473
42 57 37.65408
42 58 52.26947
42 59 55.45413
42 60 45.02195
42 61 24.68826
42 62 45.51370
42 63 18.53695
42 64 12.68139
42 65 16.87326
42 66 39.39690
42 67 31.29156
42 68 50.22298
42 69 10.40239
42 70 24.44463
42 71 55.16394
42 72 45.66955
42 73 58.79467
42 74 54.58439
42 75 29.64501
42 76 44.88054
42 77 24.48314
42 78 10.42477
42 79 35.93885
42 80 58.11943
42 81 41.93851
42 82 48.43102
42 83 53.32234
42 84 43.61635
42 85 47.27152
42 86 58.97592
42 87 39.60911
42 88 46.80776
42 89 24.11426
42 90 51.68048
42 91 31.39463
42 92 64.80092
42 93 26.77307
42 94 36.92920
42 95 33.51330
42 96 39.96983
42 97 22.17819
42 98 10.77825
42 99 36.44508
43 44 31.10491
43 45 36.34340
43 46 34.32726
43 47 48.76735
43 48 71.25553
43 49 9.92441
43 50 98.93636
43 51 60.14252
43 52 70.94181
43 53 75.86910
43 54 77.19102
43 55 80.52740
43 56 52.41392
43 57 60.71166
43 58 69.08416
43 59 19.09091
43 60 27.40264
43 61 64.06752
43 62 24.27713
43 63 39.86062
43 64 46.38784
43 65 57.21080
43 66 76.94028
43 67 37.03587
43 68 18.13501
43 69 49.39788
43 70 61.68284
43 71 62.64865
43 72 9.90055
43 73 66.13391
43 74 63.53859
43 75 14.72221
43 76 73.71366
43 77 66.54551
43 78 40.81177
43 79 17.74612
43 80 16.05493
43 81 59.28260
43 82 28.72292
43 83 53.63121
43 84 48.26966
43 85 51.10937
43 86 18.73137
43 87 13.28863
43 88 33.62124
43 89 49.13904
43 90 18.60470
43 91 21.30682
43 92 25.99812
43 93 32.01678
43 94 78.73847
43 95 75.28139
43 96 52.27409
43 97 24.62582
43 98 51.80609
43 99 65.80697
44 45 67.31245
44 46 26.31550
44 47 30.26247
44 48 74.76186
44 49 40.41559
44 50 107.82756
44 51 74.76722
44 52 83.38421
44 53 88.29251
44 54 62.57403
44 55 91.69248
44 56 68.65416
44 57 52.54149
44 58 53.86152
44 59 16.86535
44 60 10.83206
44 61 68.87937
44 62 10.18772
44 63 42.17691
44 64 52.21812
44 65 72.43523
44 66 94.89411
44 67 64.78528
44 68 13.42686
44 69 65.61968
44 70 79.64779
44 71 42.62641
44 72 40.41488
44 73 45.13249
44 74 92.78446
44 75 41.22247
44 76 66.52525
44 77 76.67304
44 78 59.88163
44 79 47.82936
44 80 32.26679
44 81 47.38693
44 82 59.82082
44 83 31.48827
44 84 77.57273
44 85 32.59726
44 86 24.41114
44 87 20.26429
44 88 12.71989
44 89 47.46529
44 90 13.63977
44 91 24.38476
44 92 22.59213
44 93 58.77103
44 94 86.28626
44 95 87.38144
44 96 39.59788
44 97 48.89932
44 98 61.34766
44 99 60.93270
45 46 62.86027
45 47 79.03009
45 48 79.19484
45 49 26.93738
45 50 95.89485
45 51 56.90222
45 52 67.89719
45 53 71.78138
45 54 101.05992
45 55 77.25657
45 56 49.49809
45 57 81.94776
45 58 94.36648
45 59 54.61129
45 60 61.97158
45 61 72.22158
45 62 59.44091
45 63 58.83343
45 64 59.18995
45 65 54.04728
45 66 64.41668
45 67 18.35830
45 68 54.47623
45 69 47.78951
45 70 52.77180
45 71 91.94905
45 72 28.21673
45 73 95.70940
45 74 30.65946
45 75 28.78030
45 76 91.81551
45 77 67.67078
45 78 39.15477
45 79 20.07607
45 80 44.01899
45 81 83.61828
45 82 9.16925
45 83 85.12343
45 84 17.59579
45 85 81.00588
45 86 51.42658
45 87 47.86320
45 88 67.65843
45 89 67.99003
45 90 54.88656
45 91 50.78789
45 92 59.00101
45 93 21.24527
45 94 80.45270
45 95 71.75965
45 96 78.48602
45 97 28.06944
45 98 58.28193
45 99 83.23800
46 47 16.21153
46 48 48.45915
46 49 38.81050
46 50 81.81860
46 51 51.34917
46 52 58.67106
46 53 63.42707
46 54 43.01908
46 55 66.36452
46 56 46.53882
46 57 28.28272
46 58 34.78163
46 59 34.76374
46 60 15.92041
46 61 42.72043
46 62 18.53431
46 63 16.71302
46 64 26.90031
46 65 49.46578
46 66 72.23426
46 67 53.32753
46 68 28.31929
46 69 43.78279
46 70 57.73069
46 71 29.28424
46 72 43.54053
46 73 32.98945
46 74 81.30536
46 75 34.19906
46 76 42.21444
46 77 51.42868
46 78 40.70174
46 79 43.34990
46 80 45.73366
46 81 25.33587
46 82 58.21581
46 83 22.64563
46 84 67.25078
46 85 18.14613
46 86 41.54329
46 87 22.26419
46 88 14.65403
46 89 21.16438
46 90 29.80807
46 91 13.17708
46 92 44.00562
46 93 46.97762
46 94 60.27171
46 95 62.43368
46 96 18.00293
46 97 36.75345
46 98 36.63498
46 99 35.58528
47 48 52.38847
47 49 54.41366
47 50 86.83832
47 51 62.25087
47 52 67.54464
47 53 71.87345
47 54 32.31721
47 55 73.79980
47 56 58.87175
47 57 24.88502
47 58 23.60083
47 59 44.18765
47 60 23.85689
47 61 48.40095
47 62 27.50447
47 63 27.93642
47 64 36.78823
47 65 60.91308
47 66 83.23372
47 67 69.31177
47 68 38.20992
47 69 56.46044
47 70 69.78768
47 71 13.92340
47 72 58.42335
47 73 17.36781
47 74 97.04816
47 75 50.30761
47 76 38.03186
47 77 59.61166
47 78 55.05561
47 79 59.38880
47 80 57.67377
47 81 18.20832
47 82 74.14493
47 83 6.92719
47 84 83.24542
47 85 2.46444
47 86 51.76947
47 87 35.71831
47 88 18.29062
47 89 26.61394
47 90 39.41160
47 91 28.66041
47 92 52.10325
47 93 62.99427
47 94 65.85267
47 95 70.76442
47 96 11.33386
47 97 52.86331
47 98 46.68532
47 99 34.27853
48 49 68.95569
48 50 34.45268
48 51 26.81845
48 52 22.69343
48 53 24.73699
48 54 42.45050
48 55 24.10626
48 56 31.41198
48 57 29.49888
48 58 42.77320
48 59 80.43863
48 60 64.16883
48 61 7.32163
48 62 66.23239
48 63 33.43069
48 64 24.94229
48 65 28.42904
48 66 41.40422
48 67 61.49566
48 68 74.28595
48 69 32.12995
48 70 35.70708
48 71 53.13081
48 72 76.50291
48 73 55.56720
48 74 79.15421
48 75 60.74223
48 76 24.82000
48 77 15.82682
48 78 40.05793
48 79 67.74092
48 80 86.76778
48 81 37.18986
48 82 80.29676
48 83 57.77672
48 84 71.75505
48 85 51.67718
48 86 85.68240
48 87 64.90194
48 88 62.83970
48 89 27.44175
48 90 75.84542
48 91 54.55326
48 92 90.09147
48 93 57.99001
48 94 14.10168
48 95 23.55971
48 96 41.38524
48 97 54.06872
48 98 21.17113
48 99 20.83142
49 50 94.15556
49 51 54.47517
49 52 65.65011
49 53 70.44304
49 54 80.43132
49 55 75.39602
49 56 46.50279
49 57 62.67690
49 58 72.78631
49 59 28.99147
49 60 35.28849
49 61 61.64180
49 62 32.59145
49 63 40.23945
49 64 44.78727
49 65 51.45056
49 66 69.69590
49 67 27.45881
49 68 27.84500
49 69 43.65370
49 70 54.79228
49 71 68.00036
49 72 7.74697
49 73 71.64378
49 74 53.61606
49 75 8.30475
49 76 74.77336
49 77 62.19412
49 78 34.47850
49 79 7.82672
49 80 23.10204
49 81 62.44924
49 82 20.16614
49 83 59.94589
49 84 38.35177
49 85 56.60788
49 86 27.86023
49 87 21.02840
49 88 41.19576
49 89 49.86980
49 90 28.42690
49 91 25.78091
49 92 35.38051
49 93 22.90934
49 94 74.84430
49 95 69.97830
49 96 56.10225
49 97 17.38769
49 98 48.41908
49 99 66.47718
50 51 40.06953
50 52 28.70189
50 53 24.27066
50 54 72.94948
50 55 18.94014
50 56 48.08982
50 57 63.52244
50 58 75.36258
50 59 111.29401
50 60 97.04095
50 61 39.15889
50 62 98.66974
50 63 65.67287
50 64 55.81111
50 65 43.11947
50 66 35.20137
50 67 77.67740
50 68 105.53512
50 69 50.70254
50 70 43.16311
50 71 86.94267
50 72 101.89260
50 73 89.05664
50 74 84.22598
50 75 85.95768
50 76 55.50461
50 77 32.45454
50 78 60.12582
50 79 90.62962
50 80 114.97826
50 81 71.24415
50 82 99.91004
50 83 92.18703
50 84 82.99700
50 85 86.12125
50 86 115.51285
50 87 95.36390
50 88 96.42896
50 89 61.37241
50 90 107.06776
50 91 85.74718
50 92 120.86492
50 93 76.77721
50 94 21.55072
50 95 24.48743
50 96 75.82143
50 97 77.11621
50 98 47.75007
50 99 54.29285
51 52 11.37104
51 53 15.99225
51 54 64.59283
51 55 21.13502
51 56 8.03563
51 57 46.90039
51 58 62.09706
51 59 74.61989
51 60 64.10885
51 61 22.23493
51 62 64.76882
51 63 34.99469
51 64 25.46470
51 65 3.05347
51 66 21.02676
51 67 38.54638
51 68 69.51543
51 69 10.82764
51 70 9.24759
51 71 68.41991
51 72 62.16445
51 73 71.71278
51 74 52.52872
51 75 46.43039
51 76 48.68442
51 77 11.71180
51 78 20.11830
51 79 50.59285
51 80 76.14987
51 81 53.21827
51 82 60.13349
51 83 68.93511
51 84 46.52289
51 85 62.60558
51 86 77.75701
51 87 58.86071
51 88 65.42052
51 89 36.44113
51 90 70.95833
51 91 50.70903
51 92 83.85265
51 93 36.91193
51 94 23.75840
51 95 15.61292
51 96 53.70759
51 97 37.22361
51 98 15.62385
51 99 41.73602
52 53 4.99944
52 54 64.35682
52 55 9.78044
52 56 19.38827
52 57 48.70442
52 58 63.38729
52 59 84.61176
52 60 72.58431
52 61 21.28434
52 62 73.62673
52 63 41.95975
52 64 31.79814
52 65 14.41851
52 66 18.72725
52 67 49.55272
52 68 79.23081
52 69 22.04622
52 70 16.36603
52 71 71.69505
52 72 73.36562
52 73 74.66293
52 74 60.67729
52 75 57.52717
52 76 47.15112
52 77 8.19239
52 78 31.43967
52 79 61.93789
52 80 86.98997
52 81 55.83643
52 82 71.41691
52 83 73.88381
52 84 56.48444
52 85 67.51448
52 86 88.17791
52 87 68.71062
52 88 73.17196
52 89 40.95314
52 90 80.71572
52 91 59.88983
52 92 94.00371
52 93 48.21496
52 94 14.31341
52 95 4.34266
52 96 57.85126
52 97 48.48856
52 98 22.10447
52 99 41.69245
53 54 67.04752
53 55 5.49275
53 56 24.02033
53 57 52.22072
53 58 66.61357
53 59 89.61116
53 60 77.48328
53 61 24.63688
53 62 78.56675
53 63 46.71601
53 64 36.52824
53 65 19.03928
53 66 17.50386
53 67 53.49851
53 68 84.22656
53 69 26.79196
53 70 19.35758
53 71 75.48326
53 72 78.14289
53 73 78.34364
53 74 62.78610
53 75 62.35857
53 76 49.53857
53 77 12.26413
53 78 36.10785
53 79 66.55805
53 80 91.91138
53 81 59.52831
53 82 75.64262
53 83 78.10931
53 84 59.64382
53 85 71.75212
53 86 93.16098
53 87 73.70973
53 88 77.97038
53 89 45.25983
53 90 85.71249
53 91 64.86412
53 92 99.00117
53 93 52.50819
53 94 13.60790
53 95 1.19534
53 96 61.94400
53 97 53.21467
53 98 26.96219
53 99 44.71085
54 55 66.49443
54 56 65.25414
54 57 19.50776
54 58 8.72123
54 59 75.99433
54 60 55.55918
54 61 43.28229
54 62 59.08750
54 63 42.25099
54 64 44.40649
54 65 64.78154
54 66 82.90620
54 67 87.10002
54 68 69.77843
54 69 64.14173
54 70 73.75437
54 71 21.67995
54 72 86.02997
54 73 21.26794
54 74 111.64989
54 75 74.24440
54 76 17.81752
54 77 56.46960
54 78 67.49948
54 79 83.39520
54 80 88.47427
54 81 17.99487
54 82 98.32565
54 83 32.41594
54 84 100.30237
54 85 29.98106
54 86 83.38454
54 87 65.24268
54 88 50.46576
54 89 33.52630
54 90 71.09648
54 91 55.88443
54 92 84.27990
54 93 81.49113
54 94 55.99644
54 95 65.85660
54 96 25.03016
54 97 73.01316
54 98 50.88685
54 99 22.91548
55 56 29.16283
55 57 52.90543
55 58 66.77784
55 59 93.74684
55 60 80.86144
55 61 25.62102
55 62 82.13035
55 63 49.73155
55 64 39.55556
55 65 24.18695
55 66 21.21344
55 67 58.96126
55 68 88.21969
55 69 31.82243
55 70 24.83680
55 71 76.44320
55 72 83.11842
55 73 79.12202
55 74 67.95933
55 75 67.24923
55 76 48.75091
55 77 15.01945
55 78 41.22004
55 79 71.71696
55 80 96.58205
55 81 60.42054
55 82 81.03737
55 83 79.81500
55 84 65.10502
55 85 73.50371
55 86 97.54863
55 87 77.80853
55 88 80.99328
55 89 47.30141
55 90 89.72476
55 91 68.65941
55 92 103.21375
55 93 57.87132
55 94 10.89577
55 95 5.55501
55 96 63.47869
55 97 58.26230
55 98 30.45695
55 99 44.78350
56 57 46.55438
56 58 61.72153
56 59 67.45344
56 60 58.18566
56 61 25.48317
56 62 58.53447
56 63 30.98753
56 64 22.70836
56 65 4.98293
56 66 26.23999
56 67 31.21602
56 68 62.57830
56 69 3.10664
56 70 11.20108
56 71 66.47508
56 72 54.17465
56 73 69.95939
56 74 48.17957
56 75 38.51400
56 76 50.61896
56 77 18.19448
56 78 12.08811
56 79 42.55810
56 80 68.37157
56 81 52.07572
56 82 52.32880
56 83 65.72036
56 84 40.40682
56 85 59.51844
56 86 70.26752
56 87 51.87099
56 88 60.06249
56 89 34.46540
56 90 63.98283
56 91 44.34166
56 92 76.54557
56 93 29.10874
56 94 30.96464
56 95 23.64763
56 96 51.39410
56 97 29.21146
56 98 14.37375
56 99 42.91136
57 58 15.22565
57 59 63.01487
57 60 43.38291
57 61 27.58390
57 62 46.46147
57 63 23.17582
57 64 24.99689
57 65 46.66040
57 66 66.53459
57 67 67.62919
57 68 56.57670
57 69 45.17731
57 70 55.81243
57 71 23.63968
57 72 68.86460
57 73 26.21659
57 74 92.23844
57 75 55.92217
57 76 14.04813
57 77 40.52323
57 78 48.04687
57 79 64.90891
57 80 73.63150
57 81 7.72342
57 82 79.68960
57 83 29.13233
57 84 80.79513
57 85 23.55604
57 86 69.81611
57 87 50.00897
57 88 39.82331
57 89 14.06815
57 90 58.04905
57 91 39.76542
57 92 72.13119
57 93 62.08755
57 94 43.56146
57 95 51.03561
57 96 13.62056
57 97 53.87996
57 98 32.23804
57 99 9.51984
58 59 67.32917
58 60 46.88818
58 61 42.10984
58 62 50.43510
58 63 35.98025
58 64 39.76715
58 65 61.88585
58 66 81.49830
58 67 81.23099
58 68 61.14149
58 69 60.25417
58 70 71.03498
58 71 13.90883
58 72 78.11249
58 73 14.53362
58 74 106.73476
58 75 66.94961
58 76 20.18679
58 77 55.26277
58 78 62.54614
58 79 76.16639
58 80 79.98143
58 81 10.77847
58 82 91.15562
58 83 24.04238
58 84 94.72192
58 85 21.27754
58 86 74.75239
58 87 56.89631
58 88 41.74862
58 89 28.17616
58 90 62.44474
58 91 47.81279
58 92 75.56844
58 93 75.40244
58 94 56.79884
58 95 65.41947
58 96 16.81474
58 97 66.46371
58 98 47.43988
58 99 21.99519
59 60 20.44203
59 61 73.75895
59 62 16.91839
59 63 47.04677
59 64 55.95130
59 65 71.89968
59 66 93.12366
59 67 55.99966
59 68 6.44559
59 69 64.34901
59 70 77.66831
59 71 57.59180
59 72 26.47418
59 73 60.48346
59 74 82.59595
59 75 32.84874
59 76 76.97694
59 77 79.01421
59 78 56.80137
59 79 36.81796
59 80 15.44838
59 81 59.29804
59 82 46.26553
59 83 46.87442
59 84 67.34123
59 85 46.64505
59 86 7.73347
59 87 15.94606
59 88 25.99175
59 89 54.67481
59 90 4.97117
59 91 25.89214
59 92 9.65537
59 93 50.71540
59 94 90.16112
59 95 88.86275
59 96 51.50666
59 97 42.28511
59 98 63.56507
59 99 70.20241
60 61 58.16243
60 62 3.66790
60 63 31.37248
60 64 41.38992
60 65 61.83844
60 66 84.40650
60 67 56.98915
60 68 14.35456
60 69 55.18511
60 70 69.26094
60 71 37.50997
60 72 37.29505
60 73 40.60987
60 74 85.32000
60 75 34.12807
60 76 57.43009
60 77 65.84207
60 78 49.92949
60 79 41.94638
60 80 33.95932
60 81 39.08800
60 82 55.40987
60 83 27.26932
60 84 70.33279
60 85 26.32116
60 86 27.93776
60 87 14.32681
60 88 6.32202
60 89 37.04022
60 90 15.58673
60 91 14.39996
60 92 28.95558
60 93 50.75321
60 94 75.50832
60 95 76.56610
60 96 31.25093
60 97 40.51612
60 98 50.53055
60 99 51.26502
61 62 60.02455
61 63 26.98603
61 64 17.92427
61 65 23.24659
61 66 39.64433
61 67 54.71931
61 68 67.69196
61 69 25.77452
61 70 31.45645
61 71 50.93237
61 72 69.19974
61 73 53.73034
61 74 73.63008
61 75 53.42310
61 76 26.62241
61 77 13.22339
61 78 33.17774
61 79 60.43922
61 80 79.66370
61 81 34.93676
61 82 73.10675
61 83 54.26599
61 84 65.45195
61 85 47.98835
61 86 78.80287
61 87 58.08736
61 88 57.29500
61 89 22.28718
61 90 69.24820
61 91 47.87485
61 92 83.41339
61 93 50.98447
61 94 17.68426
61 95 23.45178
61 96 37.88891
61 97 46.79264
61 98 13.99415
61 99 20.46184
62 63 33.06843
62 64 42.87474
62 65 62.38540
62 66 84.77198
62 67 55.37550
62 68 10.72914
62 69 55.48840
62 70 69.49531
62 71 41.17708
62 72 34.12559
62 73 44.27580
62 74 83.59420
62 75 32.12149
62 76 60.49156
62 77 67.12502
62 78 49.69717
62 79 39.52303
62 80 30.29321
62 81 42.43342
62 82 52.60446
62 83 30.91247
62 84 68.49342
62 85 29.96890
62 86 24.33475
62 87 11.57820
62 88 9.87590
62 89 39.39278
62 90 12.00986
62 91 14.21465
62 92 25.68952
62 93 49.23481
62 94 77.18600
62 95 77.68507
62 96 34.62009
62 97 39.16436
62 98 51.69469
62 99 54.09809
63 64 10.19713
63 65 33.34728
63 66 56.00040
63 67 45.26678
63 68 40.85964
63 69 28.52698
63 70 42.01332
63 71 36.94277
63 72 46.96129
63 73 40.64659
63 74 71.41155
63 75 33.02994
63 76 34.53940
63 77 34.75674
63 78 27.81211
63 79 41.85996
63 80 54.47195
63 81 25.22401
63 82 56.55190
63 83 34.82691
63 84 58.85308
63 85 28.73765
63 86 52.55468
63 87 31.72824
63 88 31.27970
63 89 9.64399
63 90 42.41941
63 91 21.21290
63 92 56.69197
63 93 39.42616
63 94 44.15140
63 95 45.72708
63 96 21.83507
63 97 30.77045
63 98 19.95967
63 99 26.25750
64 65 24.19116
64 66 46.46714
64 67 43.44460
64 68 49.97344
64 69 20.79027
64 70 33.21489
64 71 43.76677
64 72 52.13021
64 73 47.26052
64 74 67.25183
64 75 36.79865
64 76 32.71764
64 77 24.56593
64 78 23.10199
64 79 44.68037
64 80 61.82715
64 81 29.66208
64 82 58.48171
64 83 43.49884
64 84 56.16142
64 85 37.19203
64 86 60.88444
64 87 40.20133
64 88 41.47606
64 89 11.84408
64 90 51.52319
64 91 30.12389
64 92 65.59777
64 93 38.39335
64 94 34.38858
64 95 35.53353
64 96 28.70394
64 97 31.77354
64 98 9.98431
64 99 24.16857
65 66 22.77311
65 67 35.70413
65 68 66.87781
65 69 7.83098
65 70 9.19224
65 71 67.62752
65 72 59.13310
65 73 70.99730
65 74 50.72547
65 75 43.42663
65 76 49.32705
65 77 14.01921
65 78 17.06867
65 79 47.53940
65 80 73.20153
65 81 52.69630
65 82 57.14807
65 83 67.66868
65 84 44.09229
65 85 61.37677
65 86 74.91757
65 87 56.19845
65 88 63.35810
65 89 35.54184
65 90 68.30723
65 91 48.26369
65 92 81.08251
65 93 33.92202
65 94 26.46462
65 95 18.66639
65 96 52.74802
65 97 34.18228
65 98 14.70359
65 99 42.05952
66 67 47.28407
66 68 88.51596
66 69 29.28609
66 70 15.46150
66 71 88.87785
66 72 76.97849
66 73 92.04315
66 74 49.12220
66 75 62.39326
66 76 65.84304
66 77 26.43680
66 78 36.36323
66 79 64.20408
66 80 92.50246
66 81 73.32392
66 82 70.08411
66 83 89.87722
66 84 49.50798
66 85 83.53041
66 86 95.33867
66 87 77.80137
66 88 86.10210
66 89 57.17087
66 90 89.88142
66 91 70.57320
66 92 101.96025
66 93 48.41094
66 94 31.09206
66 95 18.51862
66 96 74.42140
66 97 52.51116
66 98 36.55040
66 99 60.10173
67 68 53.74054
67 69 29.66546
67 70 34.67869
67 71 81.01650
67 72 33.05231
67 73 84.80624
67 74 28.38146
67 75 23.67762
67 76 76.08168
67 77 49.40925
67 78 21.57454
67 79 20.00056
67 80 49.97412
67 81 70.48844
67 82 22.81094
67 83 75.94708
67 84 13.93366
67 85 70.94294
67 86 55.31704
67 87 44.54175
67 88 61.67553
67 89 53.57549
67 90 54.62771
67 91 43.47585
67 92 62.83392
67 93 6.37560
67 94 62.13698
67 95 53.44812
67 96 66.50170
67 97 16.76421
67 98 40.98731
67 99 67.57740
68 69 59.47296
68 70 73.05981
68 71 51.80203
68 72 27.09487
68 73 54.81890
68 74 81.13530
68 75 30.11785
68 76 70.53325
68 77 73.38484
68 78 52.38407
68 79 35.53043
68 80 19.92399
68 81 52.94051
68 82 46.68392
68 83 41.31781
68 84 65.84769
68 85 40.67394
68 86 13.61190
68 87 10.71621
68 88 20.24389
68 89 48.30888
68 90 1.55994
68 91 19.84959
68 92 15.91005
68 93 48.08295
68 94 84.29017
68 95 83.44090
68 96 45.17147
68 97 38.94669
68 98 57.89045
68 99 63.76514
69 70 14.09591
69 71 64.47212
69 72 51.35094
69 73 68.00760
69 74 48.37015
69 75 35.60356
69 76 50.05911
69 77 19.99819
69 78 9.45137
69 79 39.94027
69 80 65.37790
69 81 50.38921
69 82 50.19177
69 83 63.33917
69 84 39.69035
69 85 57.18904
69 86 67.19335
69 87 48.76504
69 88 57.16231
69 89 32.62916
69 90 60.87669
69 91 41.28720
69 92 73.44981
69 93 27.04736
69 94 32.91725
69 95 26.35380
69 96 49.32794
69 97 26.44290
69 98 13.42560
69 99 42.12141
70 71 76.78530
70 72 62.23565
70 73 80.17117
70 74 44.48739
70 75 47.25600
70 76 57.93199
70 77 20.06428
70 78 20.95473
70 79 49.77534
70 80 77.38229
70 81 61.88844
70 82 57.25711
70 83 76.59098
70 84 40.30138
70 85 70.33362
70 86 79.97762
70 87 62.34645
70 88 71.24565
70 89 44.69017
70 90 74.42214
70 91 55.28196
70 92 86.53806
70 93 34.56537
70 94 30.51697
70 95 19.55553
70 96 61.85934
70 97 37.45997
70 98 23.88564
70 99 50.93412
71 72 72.25305
71 73 3.79240
71 74 108.08646
71 75 63.42830
71 76 33.14592
71 77 63.51221
71 78 64.75275
71 79 72.61296
71 80 71.44583
71 81 16.02392
71 82 87.49924
71 83 11.24801
71 84 94.88866
71 85 11.54174
71 86 65.25830
71 87 49.63779
71 88 31.60935
71 89 32.09698
71 90 52.93071
71 91 42.22506
71 92 65.02306
71 93 74.82202
71 94 67.20094
71 95 74.31127
71 96 15.19457
71 97 65.01426
71 98 52.93372
71 99 32.65071
72 73 75.78626
72 74 57.25017
72 75 16.03141
72 76 81.37380
72 77 69.93957
72 78 42.12147
72 79 13.20036
72 80 16.99354
72 81 68.04614
72 82 19.80354
72 83 63.44076
72 84 42.26873
72 85 60.73159
72 86 23.41296
72 87 23.17025
72 88 43.52142
72 89 56.51792
72 90 27.25582
72 91 30.37061
72 92 31.04994
72 93 29.34434
72 94 82.57808
72 95 77.69003
72 96 61.31074
72 97 24.98832
72 98 56.09014
72 99 73.20616
73 74 111.84818
73 75 67.16076
73 76 34.52041
73 77 66.47133
73 78 68.44714
73 79 76.33430
73 80 74.56899
73 81 18.82828
73 82 91.20227
73 83 13.66961
73 84 98.67589
73 85 15.06518
73 86 68.18357
73 87 53.05402
73 88 34.57749
73 89 35.51961
73 90 55.89997
73 91 45.86291
73 92 67.65253
73 93 78.61377
73 94 69.66621
73 95 77.16459
73 96 18.84224
73 97 68.80499
73 98 56.29419
73 99 34.87103
74 75 51.57014
74 76 98.38891
74 77 64.17202
74 78 44.21209
74 79 45.79259
74 80 73.89917
74 81 96.21904
74 82 39.76633
74 83 103.80202
74 84 15.28986
74 85 98.53331
74 86 80.62528
74 87 72.52666
74 88 90.05696
74 89 78.56792
74 90 81.86823
74 91 71.85110
74 92 88.26845
74 93 34.71666
74 94 74.95290
74 95 63.27603
74 96 93.17703
74 97 45.10855
74 98 61.73430
74 99 90.30685
75 76 67.50277
75 77 53.91980
75 78 26.60284
75 79 9.24546
75 80 30.12827
75 81 56.38002
75 82 24.24479
75 83 56.34548
75 84 36.39819
75 85 52.33163
75 86 33.43249
75 87 20.95931
75 88 39.40496
75 89 42.66309
75 90 31.06628
75 91 22.03081
75 92 40.56997
75 93 17.97782
75 94 66.54679
75 95 61.86345
75 96 50.55476
75 97 9.92546
75 98 40.12694
75 99 59.09316
76 77 39.52254
76 78 55.12690
76 79 76.14957
76 80 87.19446
76 81 19.83164
76 82 90.54980
76 83 41.18554
76 84 88.43114
76 85 36.35390
76 86 83.67936
76 87 63.60698
76 88 53.80592
76 89 24.90356
76 90 72.01764
76 91 53.17832
76 92 86.14603
76 93 71.11094
76 94 38.19085
76 95 48.35566
76 96 27.16780
76 97 64.05632
76 98 36.65726
76 99 8.57803
77 78 29.25301
77 79 59.35083
77 80 82.57011
77 81 47.64444
77 82 70.17055
77 83 65.86970
77 84 58.10629
77 85 59.50805
77 86 83.07895
77 87 63.06845
77 88 66.03448
77 89 32.99773
77 90 74.90130
77 91 53.73523
77 92 88.53980
77 93 47.04555
77 94 12.94623
77 95 11.17135
77 96 49.75580
77 97 45.57937
77 98 15.50758
77 99 33.68440
78 79 30.50415
78 80 56.63831
78 81 52.10220
78 82 40.96184
78 83 61.97725
78 84 33.30427
78 85 56.16527
78 86 59.02627
78 87 41.70717
78 88 52.79050
78 89 34.37049
78 90 53.70474
78 91 35.59165
78 92 65.59725
78 93 18.03709
78 94 42.19918
78 95 35.72145
78 96 49.61413
78 97 17.13892
78 98 19.41716
78 99 46.75686
79 80 29.99821
79 81 65.56983
79 82 15.00176
79 83 65.30446
79 84 30.52530
79 85 61.45293
79 86 35.45082
79 87 27.97451
79 88 47.58598
79 89 51.44018
79 90 36.17137
79 91 30.88832
79 92 43.03077
79 93 16.17413
79 94 72.22649
79 95 66.20562
79 96 59.79868
79 97 13.82683
79 98 46.69887
79 99 67.66591
80 81 71.04258
80 82 34.99915
80 83 61.16143
80 84 59.09254
80 85 60.13213
80 86 8.72123
80 87 23.62254
80 88 40.06680
80 89 63.29356
80 90 19.08516
80 91 34.03830
80 92 15.50292
80 93 45.91746
80 94 94.68318
80 95 91.33040
80 96 63.50702
80 97 39.99156
80 98 67.72213
80 99 79.70113
81 82 80.53941
81 83 21.70535
81 84 84.02484
81 85 16.54031
81 86 66.45179
81 87 47.59585
81 88 34.75563
81 89 17.85908
81 90 54.33877
81 91 37.98390
81 92 68.04356
81 93 64.63561
81 94 51.22756
81 95 58.35145
81 96 7.84888
81 97 55.69182
81 98 38.03599
81 99 17.10932
82 83 79.89327
82 84 26.08425
82 85 76.25871
82 86 42.62437
82 87 41.10183
82 88 61.35785
82 89 66.04751
82 90 46.95238
82 91 45.51372
82 92 50.13988
82 93 23.22663
82 94 83.10527
82 95 75.48578
82 96 74.79953
82 97 26.71778
82 98 59.13122
82 99 82.00947
83 84 89.87665
83 85 6.37297
83 86 54.58946
83 87 40.38095
83 88 21.09493
83 89 32.94685
83 90 42.35173
83 91 34.42088
83 92 53.98578
83 93 69.60717
83 94 71.49521
83 95 76.98301
83 96 16.42293
83 97 59.39908
83 98 53.33360
83 99 38.65167
84 85 84.87222
84 86 65.55516
84 87 57.33100
84 88 75.24415
84 89 66.81556
84 90 66.57839
84 91 57.14193
84 92 73.19364
84 93 20.27362
84 94 70.16912
84 95 59.85589
84 96 80.28256
84 97 30.59007
84 98 52.33207
84 99 80.04664
85 86 54.23144
85 87 38.10274
85 88 20.72878
85 89 26.57420
85 90 41.87373
85 91 30.83121
85 92 54.52399
85 93 64.65138
85 94 65.30110
85 95 70.62835
85 96 10.30954
85 97 54.59653
85 98 46.99502
85 99 33.03785
86 87 20.82764
86 88 33.64895
86 89 60.71326
86 90 12.35798
86 91 31.39408
86 92 7.64318
86 93 50.60614
86 94 94.68406
86 95 92.48480
86 96 58.71598
86 97 43.29732
86 98 67.81173
86 99 76.63483
87 88 20.42430
87 89 40.04186
87 90 12.11313
87 91 10.62891
87 92 25.50477
87 93 38.58639
87 94 74.28261
87 95 72.94870
87 96 40.21280
87 97 28.93768
87 98 47.62540
87 99 56.23495
88 89 35.40517
88 90 21.33018
88 91 18.25899
88 92 33.83221
88 93 55.35638
88 94 74.88984
88 95 76.99374
88 96 26.93597
88 97 44.99523
88 98 51.08163
88 99 48.28337
89 90 49.85739
89 91 29.41524
89 92 64.21618
89 93 48.02002
89 94 39.96605
89 95 44.15270
89 96 17.26967
89 97 39.94559
89 98 20.86914
89 99 16.70393
90 91 21.39952
90 92 14.35904
90 93 49.04381
90 94 85.83281
90 95 84.93182
90 96 46.55461
90 97 40.04351
90 98 59.41061
90 99 65.28241
91 92 35.54741
91 93 37.13588
91 94 64.45444
91 95 64.02765
91 96 30.99806
91 97 26.75599
91 98 38.22836
91 99 45.67708
92 93 57.99860
92 94 99.77648
92 95 98.27483
92 96 60.20508
92 97 50.33596
92 98 73.12007
92 99 79.55818
93 94 59.95624
93 95 52.31658
93 96 60.42117
93 97 10.39712
93 98 37.03697
93 99 62.55635
94 95 12.67416
94 96 55.07230
94 97 58.42821
94 98 26.96898
94 99 34.91340
95 96 60.80211
95 97 52.79555
95 98 26.03571
95 99 43.51555
96 97 50.94219
96 98 38.11595
96 99 22.95171
97 98 32.95520
97 99 55.48782
98 99 28.69973
24.7199 17.2398
83.3147 85.4810
72.6860 44.7874
29.3962 11.6588
62.2566 43.7276
13.6777 79.5668
2.5146 75.4145
23.6968 1.9084
63.9048 39.9688
37.6705 51.1934
28.9187 3.8888
84.4731 0.0475
21.1110 52.6555
23.0691 46.1274
30.8058 14.3997
38.0159 16.2589
45.1440 85.6077
65.3008 37.1188
94.9380 43.2821
87.3722 87.2576
51.1705 26.4106
36.2814 0.3490
38.1951 42.6762
26.3856 38.5636
18.0239 95.3311
67.7502 86.7706
14.2986 47.1335
50.9980 51.1212
60.1959 94.8786
84.4962 72.8272
84.4186 70.1225
97.1111 17.3439
90.6778 93.6681
81.8538 46.4319
32.4492 42.5205
6.8607 74.2025
1.7438 91.7434
56.9846 45.4117
68.2282 24.2387
88.4487 1.6439
13.9854 64.9934
13.4453 1.4788
49.0221 55.8328
82.4737 30.3046
67.0846 3.2733
96.2977 63.9162
49.0583 22.4451
37.7744 10.8052
17.2551 59.0080
83.5867 40.1664
4.2853 90.9262
40.1271 73.0116
29.8527 77.8837
26.7886 81.8341
6.2691 18.0037
21.3744 82.7597
47.0553 68.9408
21.7637 29.8557
14.8231 16.3040
81.9601 11.2206
61.5642 12.5931
24.3784 57.3154
65.1674 13.2790
43.3968 38.1700
39.4134 47.5569
42.7868 71.5117
39.3501 94.0240
78.2167 67.0950
75.8958 13.4046
48.5640 66.2251
46.0682 80.0983
24.5718 6.3834
90.3224 36.3394
21.9536 3.6398
88.4701 93.5596
75.9902 43.5223
8.9518 35.6181
28.8788 69.7494
57.1751 62.3293
84.0918 47.9768
94.7225 19.9254
23.7225 22.3848
97.4425 54.8187
35.6107 4.2246
86.3346 78.4196
35.3193 10.5909
89.4998 12.9409
71.3131 23.0915
56.0220 9.5514
33.8099 37.1222
77.1505 12.4777
61.4259 26.9924
89.5858 5.2982
75.1923 61.4824
16.3688 73.0818
26.5210 80.6691
31.2156 20.0485
70.8711 52.0258
38.3715 57.4867
17.1393 38.1769
