100
0 1 81.81999
0 2 78.64696
0 3 51.19432
0 4 44.43816
0 5 62.70533
0 6 66.28131
0 7 56.55562
0 8 64.06968
0 9 97.40796
0 10 72.11956
0 11 41.42022
0 12 47.31383
0 13 96.41908
0 14 53.67519
0 15 69.40425
0 16 67.54145
0 17 53.58858
0 18 66.87441
0 19 84.39447
0 20 40.30411
0 21 30.47778
0 22 83.37918
0 23 49.58665
0 24 62.10895
0 25 84.48895
0 26 89.65889
0 27 40.92130
0 28 96.31253
0 29 65.24917
0 30 30.69488
0 31 45.79921
0 32 57.61024
0 33 69.92895
0 34 72.01199
0 35 80.75379
0 36 97.05001
0 37 46.18222
0 38 24.33213
0 39 28.90284
0 40 94.30758
0 41 94.73741
0 42 79.52607
0 43 99.36227
0 44 9.86850
0 45 29.42416
0 46 72.53311
0 47 64.35915
0 48 24.45301
0 49 2.14534
0 50 80.43994
0 51 55.50273
0 52 79.52629
0 53 43.23817
0 54 35.61550
0 55 68.73922
0 56 72.55122
0 57 60.51410
0 58 33.89972
0 59 57.22965
0 60 103.34111
0 61 70.55824
0 62 68.17597
0 63 43.09139
0 64 13.80032
0 65 38.95934
0 66 34.66301
0 67 96.79721
0 68 90.62092
0 69 65.87006
0 70 50.33893
0 71 51.12642
0 72 75.72975
0 73 56.91217
0 74 95.86783
0 75 55.39983
0 76 57.65836
0 77 60.32554
0 78 52.75754
0 79 94.65812
0 80 52.69564
0 81 91.60147
0 82 35.05918
0 83 37.50173
0 84 49.25823
0 85 80.00283
0 86 9.84969
0 87 98.09568
0 88 38.08666
0 89 39.85290
0 90 59.43101
0 91 66.68568
0 92 50.03250
0 93 37.34132
0 94 76.85678
0 95 69.20373
0 96 86.41649
0 97 72.97643
0 98 80.65694
0 99 86.89620
1 2 6.61355
1 3 38.86881
1 4 37.42077
1 5 68.11246
1 6 25.34147
1 7 27.75596
1 8 75.68566
1 9 66.61284
1 10 67.35968
1 11 68.44153
1 12 84.57415
1 13 14.62854
1 14 73.79148
1 15 26.46550
1 16 19.96028
1 17 31.16098
1 18 17.14654
1 19 9.66877
1 20 48.47625
1 21 58.00662
1 22 21.10851
1 23 36.23960
1 24 28.70654
1 25 5.30970
1 26 62.93112
1 27 62.58597
1 28 71.99523
1 29 18.55345
1 30 81.59562
1 31 57.94723
1 32 32.77435
1 33 66.14737
1 34 64.52047
1 35 6.73782
1 36 25.64946
1 37 80.65052
1 38 58.28883
1 39 53.38345
1 40 54.74304
1 41 37.94839
1 42 21.63900
1 43 18.65536
1 44 84.15969
1 45 55.12782
1 46 58.29596
1 47 20.52930
1 48 70.78219
1 49 79.85769
1 50 19.57821
1 51 38.44209
1 52 54.73214
1 53 38.58188
1 54 93.92044
1 55 52.59494
1 56 25.54257
1 57 46.41055
1 58 66.94904
1 59 52.45164
1 60 24.22321
1 61 84.77820
1 62 34.47568
1 63 81.87459
1 64 78.77491
1 65 42.98053
1 66 97.38405
1 67 24.38501
1 68 8.80387
1 69 62.53624
1 70 38.34584
1 71 59.79254
1 72 10.27938
1 73 25.12418
1 74 29.85878
1 75 86.71793
1 76 70.80291
1 77 87.45235
1 78 84.14553
1 79 15.14052
1 80 37.04439
1 81 60.65812
1 82 68.68992
1 83 93.30165
1 84 34.40972
1 85 35.02009
1 86 80.53242
1 87 85.45236
1 88 52.22735
1 89 45.69496
1 90 43.67778
1 91 32.05721
1 92 52.70465
1 93 107.03793
1 94 72.82636
1 95 47.81674
1 96 78.38437
1 97 47.02079
1 98 44.73037
1 99 45.98605
2 3 39.18509
2 4 34.72206
2 5 70.40191
2 6 27.70101
2 7 23.01486
2 8 77.88576
2 9 71.84646
2 10 70.52059
2 11 62.73362
2 12 85.09236
2 13 19.17822
2 14 75.13461
2 15 19.89716
2 16 13.93461
2 17 26.38191
2 18 12.14801
2 19 16.07764
2 20 47.77242
2 21 56.67302
2 22 26.85528
2 23 31.34539
2 24 22.62955
2 25 11.92119
2 26 67.73567
2 27 56.95715
2 28 76.92875
2 29 13.73017
2 30 80.81726
2 31 52.10078
2 32 33.79615
2 33 69.14850
2 34 67.75849
2 35 12.45773
2 36 32.26179
2 37 81.18474
2 38 55.75286
2 39 50.80697
2 40 60.22958
2 41 44.11414
2 42 26.76599
2 43 20.71602
2 44 81.68259
2 45 53.21360
2 46 61.75893
2 47 15.29065
2 48 69.45204
2 49 76.62660
2 50 13.54209
2 51 32.47429
2 52 58.96680
2 53 35.66663
2 54 93.15044
2 55 55.80119
2 56 29.35852
2 57 48.67232
2 58 66.47144
2 59 54.35691
2 60 30.20997
2 61 87.19338
2 62 27.88481
2 63 82.11848
2 64 76.64220
2 65 39.69692
2 66 96.37070
2 67 30.99816
2 68 13.54405
2 69 65.25269
2 70 38.39294
2 71 53.65969
2 72 3.86719
2 73 21.79467
2 74 36.36250
2 75 87.82834
2 76 64.45836
2 77 88.93661
2 78 85.12695
2 79 21.33371
2 80 37.46028
2 81 65.70442
2 82 68.35295
2 83 92.71150
2 84 30.08067
2 85 39.89093
2 86 78.09547
2 87 89.93395
2 88 47.20300
2 89 44.45588
2 90 37.31034
2 91 34.94125
2 92 53.72878
2 93 105.65568
2 94 76.20774
2 95 51.14864
2 96 82.31308
2 97 50.79493
2 98 49.39065
2 99 51.20569
3 4 17.65431
3 5 34.17392
3 6 16.15644
3 7 29.25800
3 8 41.02540
3 9 53.02964
3 10 37.87677
3 11 58.75525
3 12 45.91561
3 13 51.80125
3 14 36.49024
3 15 43.90089
3 16 36.37287
3 17 29.62453
3 18 32.21074
3 19 37.31081
3 20 11.31222
3 21 21.84213
3 22 33.07002
3 23 31.39094
3 24 38.43413
3 25 39.22816
3 26 45.98921
3 27 53.27029
3 28 54.73599
3 29 31.17403
3 30 43.26836
3 31 52.19617
3 32 6.94109
3 33 35.88617
3 34 35.81886
3 35 34.91717
3 36 46.90123
3 37 42.00411
3 38 27.41747
3 39 23.93452
3 40 46.32505
3 41 43.61584
3 42 29.10377
3 43 57.44078
3 44 50.26562
3 45 21.78518
3 46 31.99124
3 47 32.36057
3 48 33.77871
3 49 49.69628
3 50 48.54019
3 51 41.29038
3 52 34.85971
3 53 19.08664
3 54 55.48544
3 55 25.83753
3 56 21.68621
3 57 15.48903
3 58 28.40960
3 59 18.20964
3 60 55.23379
3 61 50.64839
3 62 49.00028
3 63 43.04755
3 64 43.88052
3 65 22.60085
3 66 59.24109
3 67 46.89236
3 68 46.69096
3 69 31.11496
3 70 1.70822
3 71 57.25679
3 72 38.31736
3 73 23.22814
3 74 44.96796
3 75 48.83410
3 76 69.61329
3 77 50.34221
3 78 46.05182
3 79 47.62858
3 80 1.87187
3 81 46.38301
3 82 29.99297
3 83 54.68799
3 84 27.21639
3 85 29.09588
3 86 46.68636
3 87 62.99469
3 88 40.17871
3 89 11.60105
3 90 49.49109
3 91 15.50997
3 92 15.04791
3 93 69.42071
3 94 44.09783
3 95 23.37501
3 96 52.59255
3 97 26.07267
3 98 31.78044
3 99 37.59737
4 5 50.28094
4 6 25.53720
4 7 15.63696
4 8 56.44027
4 9 70.14793
4 10 55.12943
4 11 41.88802
4 12 55.95526
4 13 51.99406
4 14 49.94244
4 15 31.23838
4 16 25.95213
4 17 14.38110
4 18 23.73168
4 19 40.28520
4 20 17.76145
4 21 23.48867
4 22 41.31512
4 23 14.46917
4 24 24.41649
4 25 40.08472
4 26 63.33822
4 27 36.18212
4 28 72.23420
4 29 22.17974
4 30 48.06023
4 31 34.66124
4 32 19.86198
4 33 53.05067
4 34 53.23368
4 35 36.45709
4 36 54.28216
4 37 52.30636
4 38 21.03170
4 39 16.08690
4 40 62.41384
4 41 55.94689
4 42 37.84798
4 43 55.31412
4 44 46.96469
4 45 18.98665
4 46 49.63541
4 47 22.05543
4 48 35.82024
4 49 42.50608
4 50 39.42596
4 51 24.64681
4 52 52.24850
4 53 1.69246
4 54 60.17027
4 55 43.49056
4 56 32.32325
4 57 33.13991
4 58 35.08745
4 59 35.20360
4 60 59.23659
4 61 65.98805
4 62 34.36806
4 63 52.18980
4 64 41.99058
4 65 6.52350
4 66 62.88480
4 67 53.79241
4 68 46.21146
4 69 48.19110
4 70 15.94645
4 71 39.61940
4 72 32.23506
4 73 13.05387
4 74 54.35417
4 75 60.75194
4 76 52.00401
4 77 63.32300
4 78 57.69814
4 79 50.38547
4 80 17.58052
4 81 63.43318
4 82 37.29028
4 83 60.12774
4 84 10.66786
4 85 42.97437
4 86 43.37377
4 87 80.61639
4 88 23.05596
4 89 12.98182
4 90 32.67898
4 91 29.46038
4 92 30.24029
4 93 71.54988
4 94 61.33741
4 95 40.85518
4 96 70.07431
4 97 43.24605
4 98 47.88349
4 99 53.15865
5 6 42.85087
5 7 63.41052
5 8 7.60780
5 9 38.22433
5 10 10.00136
5 11 86.63455
5 12 26.16671
5 13 77.91634
5 14 11.89057
5 15 77.97723
5 16 70.16721
5 17 63.57684
5 18 65.68729
5 19 62.89013
5 20 33.78136
5 21 36.61858
5 22 53.23766
5 23 64.70742
5 24 72.60436
5 25 66.50123
5 26 30.88922
5 27 82.03017
5 28 35.10955
5 29 64.83608
5 30 37.01500
5 31 82.53399
5 32 37.28387
5 33 8.19752
5 34 11.13611
5 35 62.37932
5 36 64.54165
5 37 23.45485
5 38 47.46840
5 39 47.42860
5 40 40.52008
5 41 52.10225
5 42 50.02824
5 43 85.22917
5 44 56.30985
5 45 41.77632
5 46 15.71895
5 47 66.25175
5 48 38.25748
5 49 62.28868
5 50 81.51564
5 51 74.84276
5 52 24.66580
5 53 51.31102
5 54 44.67933
5 55 17.73604
5 56 43.41319
5 57 21.74913
5 58 28.83447
5 59 16.30515
5 60 76.38325
5 61 16.81544
5 62 83.16279
5 63 26.96379
5 64 49.78098
5 65 53.18746
5 66 49.53905
5 67 65.30577
5 68 74.08489
5 69 7.09557
5 70 35.68398
5 71 88.17265
5 72 70.47269
5 73 57.36420
5 74 59.54395
5 75 23.04139
5 76 99.97858
5 77 21.39602
5 78 21.93829
5 79 71.52623
5 80 35.27959
5 81 34.19014
5 82 27.68234
5 83 42.51593
5 84 60.70397
5 85 39.82731
5 86 53.91830
5 87 35.45215
5 88 69.84257
5 89 38.48819
5 90 82.94312
5 91 36.13697
5 92 20.05035
5 93 60.49190
5 94 14.15413
5 95 22.27275
5 96 23.75744
5 97 25.14044
5 98 32.90024
5 99 37.95658
6 7 28.54084
6 8 50.39738
6 9 48.65396
6 10 42.90411
6 11 66.61331
6 12 59.99167
6 13 36.67755
6 14 48.58764
6 15 39.17990
6 16 30.57086
6 17 30.63545
6 18 25.56981
6 19 21.72128
6 20 27.36521
6 21 37.86019
6 22 17.14516
6 23 34.52541
6 24 36.10465
6 25 24.39891
6 26 43.06268
6 27 60.71029
6 28 52.40900
6 29 25.30981
6 30 59.13473
6 31 58.11422
6 32 9.21538
6 33 41.47584
6 34 40.19128
6 35 20.09319
6 36 30.94010
6 37 56.07966
6 38 42.01035
6 39 37.79398
6 40 38.94968
6 41 30.40969
6 42 13.25000
6 43 43.15104
6 44 66.11385
6 45 37.01946
6 46 34.40728
6 47 27.40020
6 48 49.93511
6 49 64.63198
6 50 39.72767
6 51 42.50328
6 52 32.97131
6 53 27.22320
6 54 71.22824
6 55 28.27420
6 56 6.78740
6 57 21.10825
6 58 44.23968
6 59 27.11431
6 60 39.12482
6 61 59.59079
6 62 46.12894
6 63 57.65219
6 64 59.86412
6 65 32.00511
6 66 75.13515
6 67 30.84398
6 68 32.05855
6 69 37.55367
6 70 16.44900
6 71 62.15760
6 72 28.24376
6 73 21.74640
6 74 29.65859
6 75 61.60896
6 76 74.54606
6 77 62.16619
6 78 59.13388
6 79 31.79999
6 80 14.34128
6 81 41.99695
6 82 45.64663
6 83 70.27597
6 84 30.57076
6 85 18.13549
6 86 62.49970
6 87 63.91473
6 88 47.85043
6 89 26.53044
6 90 50.34231
6 91 7.47138
6 92 27.91737
6 93 85.45780
6 94 48.70391
6 95 23.78273
6 96 55.35615
6 97 24.08733
6 98 25.25498
6 99 29.35401
7 8 70.11504
7 9 77.05843
7 10 66.78194
7 11 41.43193
7 12 71.42109
7 13 42.00640
7 14 64.55553
7 15 15.63265
7 16 11.04668
7 17 3.40570
7 18 10.86823
7 19 33.91767
7 20 32.90043
7 21 39.08799
7 22 39.46439
7 23 8.49002
7 24 9.23825
7 25 31.93482
7 26 71.10695
7 27 35.46212
7 28 80.38564
7 29 9.31096
7 30 63.61682
7 31 31.50983
7 32 27.84016
7 33 64.89096
7 34 64.51644
7 35 29.52714
7 36 50.11853
7 37 67.71686
7 38 35.21709
7 39 30.40710
7 40 67.46447
7 41 56.51843
7 42 37.03862
7 43 43.44152
7 44 60.65493
7 45 34.30004
7 46 59.88619
7 47 7.89851
7 48 51.22398
7 49 54.47499
7 50 24.37482
7 51 13.99367
7 52 60.49315
7 53 15.74971
7 54 75.64718
7 55 53.51587
7 56 34.36110
7 57 43.78690
7 58 50.70380
7 59 47.43088
7 60 51.74416
7 61 79.74219
7 62 19.75463
7 63 67.73650
7 64 56.36178
7 65 18.36863
7 66 78.20169
7 67 49.23656
7 68 36.21264
7 69 60.21548
7 70 27.72660
7 71 34.59768
7 72 19.62493
7 73 6.86673
7 74 52.06062
7 75 75.90211
7 76 46.70638
7 77 78.18703
7 78 72.89431
7 79 42.57641
7 80 28.31163
7 81 70.35437
7 82 52.89068
7 83 75.67924
7 84 7.30495
7 85 46.42526
7 86 57.19422
7 87 90.68860
7 88 24.48176
7 89 28.34107
7 90 21.82383
7 91 35.08988
7 92 43.80407
7 93 86.49383
7 94 72.97350
7 95 49.90022
7 96 80.98550
7 97 51.31506
7 98 53.72369
7 99 57.85809
8 9 41.94225
8 10 13.98102
8 11 91.04914
8 12 22.47268
8 13 85.51596
8 14 10.43309
8 15 84.92465
8 16 77.26107
8 17 70.08918
8 18 72.86859
8 19 70.49601
8 20 39.31778
8 21 40.51922
8 22 60.77189
8 23 70.90938
8 24 79.34265
8 25 74.10682
8 26 35.17119
8 27 86.72642
8 28 37.68530
8 29 71.96595
8 30 36.05326
8 31 87.64474
8 32 44.56614
8 33 13.18442
8 34 16.25560
8 35 69.97986
8 36 71.87465
8 37 20.71717
8 38 51.36629
8 39 51.95802
8 40 45.98383
8 41 58.93856
8 42 57.60081
8 43 92.83693
8 44 56.77887
8 45 46.07909
8 46 22.08157
8 47 73.30234
8 48 39.82209
8 49 63.90377
8 50 88.82757
8 51 81.08445
8 52 30.73318
8 53 57.35325
8 54 41.80344
8 55 25.04122
8 56 51.01979
8 57 29.28929
8 58 30.92768
8 59 23.60145
8 60 83.82957
8 61 9.62881
8 62 89.85957
8 63 24.45317
8 64 50.61613
8 65 58.82303
8 66 46.64310
8 67 72.67600
8 68 81.69238
8 69 14.18460
8 70 42.45881
8 71 93.39856
8 72 77.87495
8 73 64.25202
8 74 66.73590
8 75 17.44447
8 76 104.95124
8 77 14.70978
8 78 17.20634
8 79 79.09160
8 80 42.25323
8 81 38.85734
8 82 29.30836
8 83 39.42961
8 84 67.00415
8 85 47.15181
8 86 54.78545
8 87 34.78962
8 88 74.93749
8 89 44.15629
8 90 89.10042
8 91 43.73544
8 92 26.34949
8 93 57.27795
8 94 15.08784
8 95 29.70294
8 96 23.50588
8 97 32.36147
8 98 39.77229
8 99 44.45747
9 10 28.43210
9 11 111.76942
9 12 64.03693
9 13 69.36683
9 14 50.07170
9 15 87.30415
9 16 78.65505
9 17 78.85941
9 18 73.63067
9 19 57.68167
9 20 60.15465
9 21 67.76541
9 22 45.64905
9 23 82.17782
9 24 84.74011
9 25 62.46923
9 26 7.75741
9 27 106.22187
9 28 7.30452
9 29 73.62047
9 30 74.87790
9 31 104.75036
9 32 50.55299
9 33 30.02985
9 34 27.14076
9 35 59.88379
9 36 49.07545
9 37 61.60782
9 38 77.33797
9 39 75.28880
9 40 12.45002
9 41 32.07215
9 42 45.09680
9 43 77.80356
9 44 92.53377
9 45 71.09848
9 46 24.95155
9 47 75.83760
9 48 73.74804
9 49 96.55763
9 50 85.31006
9 51 90.90220
9 52 18.43105
9 53 71.72683
9 54 82.88533
9 55 28.95119
9 56 43.79005
9 57 38.59399
9 58 64.31944
9 59 40.36304
9 60 61.63253
9 61 44.37305
9 62 94.59687
9 63 65.17029
9 64 85.72847
9 65 75.58987
9 66 87.74865
9 67 50.46584
9 68 68.26425
9 69 32.67150
9 70 54.66173
9 71 109.43747
9 72 73.89173
9 73 70.20075
9 74 42.56043
9 75 59.32854
9 76 121.89403
9 77 55.91106
9 78 59.10592
9 79 61.48730
9 80 52.70367
9 81 6.74346
9 82 63.84396
9 83 80.68298
9 84 78.00330
9 85 32.09520
9 86 89.68393
9 87 22.64716
9 88 93.09444
9 89 63.25778
9 90 98.87966
9 91 42.01039
9 92 47.64775
9 93 98.66165
9 94 27.37451
9 95 29.85765
9 96 23.39315
9 97 26.96499
9 98 23.40885
9 99 20.64737
10 11 93.65384
10 12 35.62083
10 13 75.58699
10 14 21.68850
10 15 80.46553
10 16 72.23878
10 17 67.43130
10 18 67.47876
10 19 60.95691
10 20 40.14892
10 21 44.73063
10 22 50.21326
10 23 69.23129
10 24 75.76785
10 25 65.01497
10 26 21.34184
10 27 88.74701
10 28 25.10832
10 29 66.84178
10 30 47.01481
10 31 88.70726
10 32 39.29441
10 33 2.26890
10 34 2.94395
10 35 61.15137
10 36 60.06859
10 37 33.19099
10 38 55.38248
10 39 54.71613
10 40 32.03401
10 41 46.00018
10 42 47.50937
10 43 83.35761
10 44 66.05964
10 45 49.40630
10 46 9.54517
10 47 68.52850
10 48 47.74767
10 49 71.59288
10 50 82.55249
10 51 79.16714
10 52 17.24202
10 53 56.36435
10 54 54.48612
10 55 14.76642
10 56 41.88420
10 57 23.06577
10 58 38.23564
10 59 19.94279
10 60 72.44456
10 61 19.56273
10 62 86.33542
10 63 36.78282
10 64 59.44847
10 65 58.91059
10 66 59.35166
10 67 61.01286
10 68 72.36354
10 69 7.09189
10 70 39.53848
10 71 94.14394
10 72 71.13636
10 73 60.30897
10 74 54.50880
10 75 31.37327
10 76 106.23544
10 77 28.60297
10 78 30.84816
10 79 68.63886
10 80 38.56051
10 81 24.92174
10 82 37.28008
10 83 52.26150
10 84 65.07896
10 85 35.65478
10 86 63.55717
10 87 26.76874
10 88 76.14492
10 89 44.49882
10 90 87.36708
10 91 35.57943
10 92 25.97573
10 93 70.23745
10 94 6.22148
10 95 19.55807
10 96 15.33731
10 97 21.02905
10 98 27.17825
10 99 31.18529
11 12 81.51845
11 13 81.80157
11 14 82.00828
11 15 45.30407
11 16 48.81448
11 17 38.21546
11 18 51.35380
11 19 75.31978
11 20 53.52904
11 21 50.56830
11 22 80.32876
11 23 33.28727
11 24 40.26571
11 25 73.04178
11 26 104.73071
11 27 5.99667
11 28 113.35351
11 29 50.06301
11 30 66.84928
11 31 10.87876
11 32 61.74992
11 33 91.42028
11 34 92.30259
11 35 70.91386
11 36 91.53371
11 37 79.01404
11 38 39.83397
11 39 39.21022
11 40 104.30155
11 41 96.60696
11 42 77.47453
11 43 81.18625
11 44 50.65302
11 45 44.98420
11 46 89.85431
11 47 47.94354
11 48 55.39305
11 49 39.64077
11 50 57.43704
11 51 30.41414
11 52 93.59866
11 53 40.24202
11 54 75.23743
11 55 84.09399
11 56 73.24978
11 57 73.76387
11 58 61.60780
11 59 74.19674
11 60 92.66369
11 61 99.72480
11 62 39.79235
11 63 77.04564
11 64 51.26158
11 65 36.18130
11 66 75.24507
11 67 90.66644
11 68 76.27383
11 69 86.56656
11 70 57.11124
11 71 12.54651
11 72 58.91174
11 73 46.64925
11 74 93.19616
11 75 88.74061
11 76 16.27615
11 77 92.86847
11 78 85.66886
11 79 83.54627
11 80 59.08076
11 81 105.09721
11 82 63.75700
11 83 76.63383
11 84 36.58280
11 85 84.55701
11 86 48.95604
11 87 120.19303
11 88 18.85553
11 89 49.41745
11 90 28.32526
11 91 71.28146
11 92 67.68312
11 93 78.76151
11 94 99.61634
11 95 82.09445
11 96 108.98644
11 97 84.80443
11 98 89.76798
11 99 95.01756
12 13 96.66755
12 14 14.42191
12 15 87.04267
12 16 80.73752
12 17 70.32525
12 18 77.22466
12 19 81.64518
12 20 38.60768
12 21 33.76987
12 22 74.12365
12 23 69.51470
12 24 80.36828
12 25 84.33263
12 26 56.91686
12 27 78.33374
12 28 60.11515
12 29 75.96525
12 30 16.67514
12 31 80.73525
12 32 51.80711
12 33 34.18816
12 34 37.23501
12 35 80.00230
12 36 86.86873
12 37 3.92389
12 38 42.81061
12 39 45.46781
12 40 66.60959
12 41 76.54476
12 42 70.41324
12 43 102.94936
12 44 38.48033
12 45 39.63856
12 46 41.62731
12 47 76.64992
12 48 26.14129
12 49 47.74192
12 50 93.70121
12 51 79.33989
12 52 50.58928
12 53 56.24088
12 54 19.41649
12 55 42.05488
12 56 62.92605
12 57 41.08166
12 58 21.38654
12 59 34.58795
12 60 97.65889
12 61 25.16281
12 62 90.20790
12 63 4.47972
12 64 33.56622
12 65 55.80186
12 66 24.22039
12 67 87.37886
12 68 91.96128
12 69 32.82247
12 70 46.71934
12 71 86.71302
12 72 84.06884
12 73 67.03213
12 74 82.69404
12 75 8.13874
12 76 96.94509
12 77 13.21780
12 78 5.97642
12 79 91.39731
12 80 47.67106
12 81 60.32647
12 82 19.07321
12 83 16.98552
12 84 66.34363
12 85 62.86030
12 86 37.47458
12 87 56.46249
12 88 68.57870
12 89 43.08039
12 90 86.60019
12 91 55.08745
12 92 32.07456
12 93 34.80818
12 94 37.55938
12 95 45.67773
12 96 45.66101
12 97 49.26283
12 98 57.65704
12 99 63.25513
13 14 84.94221
13 15 37.64406
13 16 33.00418
13 17 45.40309
13 18 31.17857
13 19 15.12589
13 20 62.07160
13 21 71.93991
13 22 25.50761
13 23 50.42618
13 24 41.56075
13 25 12.59573
13 26 67.21859
13 27 76.06978
13 28 75.63017
13 29 32.70008
13 30 94.99862
13 31 71.09339
13 32 45.22139
13 33 74.71519
13 34 72.65599
13 35 16.88504
13 36 21.40939
13 37 92.75669
13 38 72.77047
13 39 67.88777
13 40 56.94901
13 41 37.79427
13 42 28.09673
13 43 8.44196
13 44 98.57649
13 45 69.38582
13 46 66.12868
13 47 34.42549
13 48 84.64454
13 49 94.46531
13 50 27.28244
13 51 51.43396
13 52 60.89133
13 53 53.18435
13 54 107.26261
13 55 61.12638
13 56 34.54550
13 57 56.78672
13 58 80.18979
13 59 63.18481
13 60 13.02044
13 61 94.11922
13 62 45.12751
13 63 94.29848
13 64 93.05864
13 65 57.60741
13 66 110.91404
13 67 19.88993
13 68 5.84386
13 69 71.71401
13 70 51.52348
13 71 72.31640
13 72 22.92764
13 73 39.74514
13 74 27.61395
13 75 98.05006
13 76 82.58778
13 77 98.25509
13 78 95.67076
13 79 7.91413
13 80 49.93382
13 81 64.24480
13 82 81.79327
13 83 106.48915
13 84 48.86532
13 85 40.54115
13 86 94.93961
13 87 90.18176
13 88 66.34365
13 89 59.66690
13 90 55.57071
13 91 42.13547
13 92 64.59306
13 93 120.81913
13 94 80.48632
13 95 56.27408
13 96 84.69170
13 97 54.58608
13 98 50.19367
13 99 49.61670
14 15 79.86007
14 16 72.72284
14 17 64.09034
14 18 68.68625
14 19 69.81835
14 20 32.24753
14 21 31.51738
14 22 61.35050
14 23 64.28455
14 24 73.76776
14 25 72.93202
14 26 42.77729
14 27 77.96242
14 28 46.65731
14 29 67.60909
14 30 25.86396
14 31 79.31165
14 32 41.33919
14 33 20.05214
14 34 23.02597
14 35 68.65614
14 36 73.59868
14 37 11.56431
14 38 42.17533
14 39 43.32724
14 40 52.19940
14 41 62.48500
14 42 57.80906
14 43 91.72080
14 44 46.35216
14 45 37.32665
14 46 27.20640
14 47 68.66489
14 48 29.52970
14 49 53.54899
14 50 85.02828
14 51 74.43591
14 52 36.16737
14 53 50.63059
14 54 32.81364
14 55 27.85484
14 56 50.58741
14 57 28.29550
14 58 20.93743
14 59 21.79886
14 60 84.85393
14 61 17.77870
14 62 84.09812
14 63 15.09992
14 64 40.18707
14 65 51.42911
14 66 37.67725
14 67 74.21032
14 68 80.59694
14 69 18.40230
14 70 37.66443
14 71 85.16978
14 72 74.61902
14 73 59.24753
14 74 69.09680
14 75 13.14147
14 76 96.39286
14 77 13.85589
14 78 11.09596
14 79 79.15550
14 80 38.01979
14 81 46.06878
14 82 19.14686
14 83 30.62941
14 84 60.61029
14 85 49.20626
14 86 44.35584
14 87 45.09031
14 88 66.66694
14 89 37.12221
14 90 82.24017
14 91 42.84344
14 92 21.49741
14 93 48.60770
14 94 24.62611
14 95 31.74355
14 96 33.63742
14 97 35.17568
14 98 43.45151
14 99 48.93238
15 16 8.65413
15 17 17.22322
15 18 13.68516
15 19 35.49982
15 20 48.48526
15 21 54.60629
15 22 44.79110
15 23 20.03906
15 24 7.38625
15 25 31.73266
15 26 82.13270
15 27 39.95728
15 28 91.48366
15 29 13.88150
15 30 79.05205
15 31 34.42664
15 32 41.18210
15 33 78.71307
15 34 78.01193
15 35 31.37800
15 36 52.01666
15 37 83.32652
15 38 49.90866
15 39 45.28645
15 40 76.56863
15 41 62.46202
15 42 43.60529
15 43 36.00121
15 44 74.57965
15 45 49.62334
15 46 72.84456
15 47 11.96376
15 48 66.53023
15 49 67.26982
15 50 12.21518
15 51 15.41724
15 52 72.14716
15 53 31.23018
15 54 90.97552
15 55 66.50338
15 56 43.51483
15 57 57.42532
15 58 66.32343
15 59 61.75925
15 60 49.71842
15 61 94.54468
15 62 8.05128
15 63 83.36899
15 64 70.84141
15 65 33.18442
15 66 93.35819
15 67 50.80012
15 68 32.64057
15 69 74.21196
15 70 42.50078
15 71 34.89787
15 72 16.20557
15 73 20.69044
15 74 55.68153
15 75 91.41871
15 76 44.95187
15 77 93.57584
15 78 88.43147
15 79 41.09189
15 80 42.70322
15 81 80.78287
15 82 68.51715
15 83 91.09630
15 84 21.65536
15 85 55.40894
15 86 71.26107
15 87 103.01662
15 88 33.05014
15 89 43.96661
15 90 17.96038
15 91 46.50293
15 92 58.79572
15 93 101.27261
15 94 86.56514
15 95 62.42621
15 96 94.01011
15 97 63.18482
15 98 63.99159
15 99 67.09089
16 17 13.97042
16 18 5.03140
16 19 28.17050
16 20 42.16925
16 21 49.37024
16 22 36.60986
16 23 18.44312
16 24 8.74790
16 25 24.95672
16 26 73.48482
16 27 43.06578
16 28 82.83529
16 29 5.39751
16 30 73.95872
16 31 38.16619
16 32 33.06127
16 33 70.54038
16 34 69.73028
16 35 23.85574
16 36 44.83605
16 37 76.94053
16 38 46.17179
16 39 41.31788
16 40 67.97288
16 41 54.27827
16 42 35.19465
16 43 33.24291
16 44 71.69464
16 45 44.90509
16 46 64.43392
16 47 4.09018
16 48 61.77152
16 49 65.45087
16 50 13.48585
16 51 18.54814
16 52 63.54204
16 53 26.35581
16 54 86.11074
16 55 58.11682
16 56 34.86785
16 57 49.26817
16 58 60.54276
16 59 53.88044
16 60 44.07108
16 61 86.85151
16 62 16.20912
16 63 77.26213
16 64 67.33020
16 65 29.36120
16 66 88.82877
16 67 43.71956
16 68 27.46286
16 69 66.12187
16 70 35.09011
16 71 39.83442
16 72 10.09792
16 73 13.70606
16 74 48.00967
16 75 84.65154
16 76 50.92631
16 77 86.53169
16 78 81.73051
16 79 35.07446
16 80 35.03067
16 81 72.12943
16 82 62.65201
16 83 86.02308
16 84 18.29729
16 85 46.79076
16 86 68.22520
16 87 94.45471
16 88 33.82284
16 89 37.95735
16 90 23.89306
16 91 37.93151
16 92 51.40257
16 93 97.33384
16 94 78.29458
16 95 53.95595
16 96 85.57654
16 97 54.61548
16 98 55.33754
16 99 58.47465
17 18 14.24481
17 19 37.21551
17 20 32.07015
17 21 37.46646
17 22 42.39144
17 23 5.09648
17 24 10.10728
17 25 35.31405
17 26 72.71669
17 27 32.23135
17 28 81.94217
17 29 12.70330
17 30 61.84752
17 31 28.47305
17 32 28.99436
17 33 65.47927
17 34 65.26362
17 35 32.83875
17 36 53.31990
17 37 66.68576
17 38 32.83481
17 39 28.13061
17 40 69.57486
17 41 59.25208
17 42 39.82108
17 43 46.73206
17 44 57.98380
17 45 32.40466
17 46 60.88726
17 47 11.17311
17 48 49.30725
17 49 51.49288
17 50 26.99107
17 51 12.09051
17 52 61.96034
17 53 14.14458
17 54 73.75245
17 55 54.54056
17 56 36.71474
17 57 44.58942
17 58 49.35423
17 59 47.82761
17 60 55.13055
17 61 79.69819
17 62 20.03151
17 63 66.52629
17 64 53.90342
17 65 16.01448
17 66 76.15381
17 67 52.46527
17 68 39.61345
17 69 60.73290
17 70 28.01444
17 71 31.84483
17 72 22.94085
17 73 8.98581
17 74 55.10172
17 75 75.10555
17 76 44.09436
17 77 77.58844
17 78 72.06082
17 79 45.96261
17 80 28.87207
17 81 72.13211
17 82 51.58372
17 83 73.88421
17 84 4.50355
17 85 48.68610
17 86 54.56846
17 87 91.82252
17 88 21.08343
17 89 27.34689
17 90 20.23401
17 91 36.85120
17 92 43.74041
17 93 84.20375
17 94 73.64485
17 95 51.13108
17 96 81.88017
17 97 52.76774
17 98 55.62847
17 99 59.98659
18 19 24.36633
18 20 38.85262
18 21 46.72764
18 22 32.00028
18 23 19.24781
18 24 12.53474
18 25 21.70390
18 26 68.45511
18 27 45.47132
18 28 77.80533
18 29 1.62571
18 30 71.24779
18 31 40.96757
18 32 28.45103
18 33 65.81756
18 34 64.93546
18 35 19.96209
18 36 40.97512
18 37 73.38577
18 38 44.55742
18 39 39.62779
18 40 62.99356
18 41 49.62363
18 42 30.39167
18 43 32.67870
18 44 70.37839
18 45 42.66153
18 46 59.55603
18 47 3.41647
18 48 59.34193
18 49 64.82608
18 50 16.47838
18 51 21.73387
18 52 58.53700
18 53 24.42759
18 54 83.49800
18 55 53.25891
18 56 29.84727
18 57 44.58201
18 58 57.45211
18 59 49.38281
18 60 41.33553
18 61 82.42843
18 62 21.12011
18 63 73.88736
18 64 65.65466
18 65 28.06546
18 66 86.41660
18 67 39.94177
18 68 25.41266
18 69 61.45866
18 70 31.03000
18 71 43.19058
18 72 8.87563
18 73 10.74935
18 74 43.76069
18 75 80.83133
18 76 54.68129
18 77 82.52918
18 78 77.95928
18 79 32.19937
18 80 30.76615
18 81 67.10023
18 82 59.49400
18 83 83.27964
18 84 17.96940
18 85 41.79624
18 86 66.83849
18 87 89.47340
18 88 35.18265
18 89 34.91333
18 90 27.96054
18 91 32.95528
18 92 47.25566
18 93 95.25995
18 94 73.50215
18 95 49.04302
18 96 80.67636
18 97 49.63489
18 98 50.30723
18 99 53.47992
19 20 48.00778
19 21 58.19362
19 22 12.05725
19 23 42.27327
19 24 36.72821
19 25 4.81334
19 26 54.48614
19 27 69.36467
19 28 63.36107
19 29 25.45205
19 30 80.57470
19 31 65.16279
19 32 30.54477
19 33 59.97404
19 34 58.04704
19 35 4.41916
19 36 16.66710
19 37 77.74177
19 38 60.24690
19 39 55.51512
19 40 45.60299
19 41 28.31824
19 42 13.61285
19 43 22.42630
19 44 85.64209
19 45 56.23863
19 46 51.60000
19 47 27.74353
19 48 70.72058
19 49 82.54282
19 50 29.24537
19 51 46.09920
19 52 47.05858
19 53 41.69973
19 54 92.76086
19 55 46.34582
19 56 19.47845
19 57 41.66761
19 58 65.69959
19 59 48.05904
19 60 18.96432
19 61 79.21096
19 62 43.55107
19 63 79.36761
19 64 79.79776
19 65 46.45510
19 66 96.55184
19 67 15.58396
19 68 11.42343
19 69 56.80084
19 70 37.21173
19 71 67.55450
19 72 19.39397
19 73 29.64180
19 74 20.29538
19 75 82.92982
19 76 78.99162
19 77 83.13582
19 78 80.56408
19 79 10.43356
19 80 35.43988
19 81 51.95252
19 82 67.20555
19 83 91.88497
19 84 39.70159
19 85 26.82705
19 86 81.99368
19 87 77.27082
19 88 58.10521
19 89 46.10598
19 90 52.05517
19 91 27.01216
19 92 49.58309
19 93 106.67846
19 94 66.07746
19 95 41.49080
19 96 70.89683
19 97 40.08969
19 98 36.63706
19 99 37.18471
20 21 10.53008
20 22 44.36957
20 23 32.03768
20 24 41.97402
20 25 49.48370
20 26 52.66422
20 27 48.60302
20 28 60.69485
20 29 37.52221
20 30 33.13549
20 31 48.79317
20 32 18.18803
20 33 37.92832
20 34 38.77812
20 35 45.25149
20 36 58.20196
20 37 34.85523
20 38 17.42750
20 39 15.17427
20 40 55.09374
20 41 54.46751
20 42 40.40720
20 43 67.12816
20 44 38.97045
20 45 11.29609
20 46 36.70382
20 47 38.08848
20 48 22.72025
20 49 38.92177
20 50 55.27966
20 51 42.18968
20 52 41.72859
20 53 18.38558
20 54 45.47070
20 55 31.39963
20 56 32.99407
20 57 21.61415
20 58 18.71880
20 59 20.77097
20 60 66.27429
20 61 48.72309
20 62 52.09663
20 63 35.09450
20 64 32.56851
20 65 19.50685
20 66 48.91561
20 67 58.17346
20 68 56.72166
20 69 33.05735
20 70 10.93559
20 71 54.39690
20 72 46.23939
20 73 28.46761
20 74 56.24719
20 75 43.04550
20 76 66.27923
20 77 45.56192
20 78 40.01549
20 79 58.41278
20 80 13.05120
20 81 53.78194
20 82 20.67913
20 83 44.95150
20 84 28.41248
20 85 39.69927
20 86 35.40370
20 87 66.67254
20 88 36.13212
20 89 4.88495
20 90 50.03380
20 91 26.53184
20 92 14.17653
20 93 58.75494
20 94 46.17096
20 95 30.47879
20 96 55.47069
20 97 33.90988
20 98 40.91181
20 99 47.04059
21 22 54.89497
21 23 36.05056
21 24 47.56985
21 25 59.40119
21 26 60.08387
21 27 46.44504
21 28 67.42558
21 29 45.25914
21 30 24.58855
21 31 47.94403
21 32 28.70668
21 33 42.46239
21 34 43.97109
21 35 55.24032
21 36 68.72725
21 37 30.47389
21 38 10.87901
21 39 11.96954
21 40 63.93713
21 41 64.69332
21 42 50.93451
21 43 76.58105
21 44 28.47575
21 45 5.96248
21 46 43.28414
21 47 45.40047
21 48 12.79404
21 49 29.29674
21 50 62.80007
21 51 45.67853
21 52 49.55889
21 53 23.37654
21 54 36.77889
21 55 38.83702
21 56 43.52050
21 57 30.10488
21 58 12.38373
21 59 27.41209
21 60 76.63637
21 61 49.17284
21 62 56.94968
21 63 29.64261
21 64 22.03843
21 65 22.19022
21 66 39.74482
21 67 68.68807
21 68 66.45861
21 69 37.86514
21 70 21.41141
21 71 53.85626
21 72 54.73986
21 73 36.00205
21 74 66.75168
21 75 39.76807
21 76 64.89748
21 77 43.26839
21 78 36.63051
21 79 68.62289
21 80 23.57419
21 81 61.69478
21 82 14.69846
21 83 36.65399
21 84 33.22032
21 85 49.83090
21 86 24.93521
21 87 71.47893
21 88 35.40901
21 89 12.31174
21 90 52.83614
21 91 36.93948
21 92 20.12686
21 93 49.05264
21 94 50.28734
21 95 38.88107
21 96 59.90060
21 97 42.59125
21 98 50.18173
21 99 56.41848
22 23 47.11565
22 24 44.45742
22 25 16.82401
22 26 42.46605
22 27 74.33465
22 28 51.30654
22 29 32.62479
22 30 75.23329
22 31 70.86124
22 32 26.19146
22 33 49.44685
22 34 47.27316
22 35 14.47454
22 36 13.83240
22 37 70.30041
22 38 59.07360
22 39 54.74624
22 40 33.65519
22 41 17.67716
22 42 3.97475
22 43 33.58597
22 44 83.22951
22 45 54.16203
22 46 40.70948
22 47 35.04007
22 48 66.73121
22 49 81.70347
22 50 40.38190
22 51 52.94803
22 52 35.43756
22 53 42.93628
22 54 87.07231
22 55 35.97211
22 56 11.63091
22 57 33.12907
22 58 60.41670
22 59 39.66310
22 60 23.54361
22 61 69.04486
22 62 52.71938
22 63 72.34613
22 64 76.92734
22 65 47.82829
22 66 91.19287
22 67 13.86568
22 68 23.09116
22 69 46.73578
22 70 33.52014
22 71 74.04605
22 72 29.52373
22 73 33.69052
22 74 13.06799
22 75 74.47403
22 76 86.03005
22 77 74.13594
22 78 72.35477
22 79 18.43541
22 80 31.32079
22 81 39.89578
22 82 61.60494
22 83 85.91337
22 84 43.76658
22 85 15.07591
22 86 79.62217
22 87 65.30554
22 88 62.08986
22 89 43.67438
22 90 59.83202
22 91 19.27785
22 92 42.62186
22 93 101.75476
22 94 55.00068
22 95 31.16253
22 96 59.27583
22 97 29.18425
22 98 24.82742
22 99 25.12755
23 24 12.65588
23 25 40.41033
23 26 75.80030
23 27 27.29255
23 28 84.93374
23 29 17.73762
23 30 59.98023
23 31 23.83123
23 32 31.79802
23 33 67.20208
23 34 67.20927
23 35 37.90657
23 36 58.29593
23 37 65.99366
23 38 30.11908
23 39 25.69940
23 40 73.30616
23 41 63.74267
23 42 44.40331
23 43 51.53250
23 44 54.54164
23 45 30.59323
23 46 63.20126
23 47 16.06562
23 48 47.26417
23 49 47.46648
23 50 30.87773
23 51 10.18118
23 52 64.89141
23 53 13.65504
23 54 71.62731
23 55 56.91915
23 56 40.84769
23 57 46.73965
23 58 48.26146
23 59 49.39046
23 60 60.22695
23 61 80.45548
23 62 20.95093
23 63 65.55092
23 64 50.87161
23 65 13.89283
23 66 73.76224
23 67 57.46519
23 68 44.65191
23 69 62.37904
23 70 29.70996
23 71 27.63241
23 72 27.82261
23 73 13.44145
23 74 59.92474
23 75 74.74375
23 76 40.03008
23 77 77.52162
23 78 71.65383
23 79 51.05900
23 80 30.91528
23 81 75.43558
23 82 50.54230
23 83 71.92555
23 84 4.22742
23 85 52.65833
23 86 51.22403
23 87 94.22304
23 88 15.99186
23 89 27.17053
23 90 18.23725
23 91 40.29731
23 92 44.68466
23 93 81.37646
23 94 75.45194
23 95 53.80398
23 96 83.97360
23 97 55.72085
23 98 59.14304
23 99 63.76358
24 25 33.66979
24 26 79.11169
24 27 34.60844
24 28 88.44198
24 29 11.83819
24 30 71.91352
24 31 29.53268
24 32 36.60166
24 33 73.91452
24 34 73.44276
24 35 32.36081
24 36 53.38650
24 37 76.70458
24 38 42.56524
24 39 37.98225
24 40 74.59448
24 41 62.02083
24 42 42.65420
24 43 41.16460
24 44 67.19751
24 45 42.45487
24 46 68.62575
24 47 9.42505
24 48 59.32753
24 49 59.97879
24 50 18.70274
24 51 9.87351
24 52 68.73129
24 53 24.24758
24 54 83.76574
24 55 62.25167
24 56 41.27290
24 57 52.72041
24 58 59.45127
24 59 56.56514
24 60 52.80777
24 61 88.97063
24 62 10.58223
24 63 76.60120
24 64 63.46446
24 65 25.90694
24 66 86.07948
24 67 52.30818
24 68 36.11060
24 69 69.28160
24 70 36.92558
24 71 31.08667
24 72 18.76885
24 73 15.46415
24 74 56.29327
24 75 85.01446
24 76 42.26917
24 77 87.37047
24 78 81.98946
24 79 43.82197
24 80 37.42540
24 81 78.09830
24 82 61.67485
24 83 83.93746
24 84 14.42029
24 85 53.37960
24 86 63.87531
24 87 99.24722
24 88 26.35524
24 89 37.32361
24 90 15.42580
24 91 43.09308
24 92 53.03986
24 93 93.91453
24 94 81.93875
24 95 58.45355
24 96 89.77918
24 97 59.61073
24 98 61.33139
24 99 65.00564
25 26 59.17889
25 27 67.13945
25 28 68.09904
25 29 22.98156
25 30 82.40496
25 31 62.66708
25 32 32.70906
25 33 63.94609
25 34 62.12632
25 35 4.33575
25 36 20.34061
25 37 80.41423
25 38 60.59733
25 39 55.76241
25 40 50.41112
25 41 33.03867
25 42 18.06694
25 43 18.80250
25 44 86.28579
25 45 56.99305
25 46 55.74846
25 47 25.12014
25 48 72.08211
25 49 82.57795
25 50 24.69038
25 51 43.29645
25 52 51.52968
25 53 41.38034
25 54 94.67341
25 55 50.31802
25 56 23.21195
25 57 45.02223
25 58 67.60332
25 59 51.29267
25 60 19.82813
25 61 82.97988
25 62 39.75662
25 63 81.86668
25 64 80.65690
25 65 45.98066
25 66 98.31832
25 67 19.08367
25 68 7.66530
25 69 60.60097
25 70 38.93094
25 71 64.71665
25 72 15.52799
25 73 28.49345
25 74 24.63583
25 75 85.98643
25 76 75.87668
25 77 86.41221
25 78 83.53012
25 79 10.66703
25 80 37.36329
25 81 56.70024
25 82 69.22075
25 83 93.91388
25 84 38.23186
25 85 31.41554
25 86 82.64176
25 87 81.90975
25 88 56.38247
25 89 47.15304
25 90 48.78971
25 91 30.39771
25 92 52.27609
25 93 108.23595
25 94 70.26569
25 95 45.47802
25 96 75.33427
25 97 44.29624
25 98 41.21848
25 99 41.94256
26 27 99.25809
26 28 9.35160
26 29 68.31403
26 30 67.29312
26 31 97.99678
26 32 44.02058
26 33 22.74476
26 34 19.75371
26 35 56.20561
26 36 48.00149
26 37 54.33969
26 38 69.75767
26 39 67.82628
26 40 12.79576
26 41 31.42596
26 42 41.29736
26 43 75.58018
26 44 84.78528
26 45 63.51960
26 46 17.19716
26 47 70.44968
26 48 65.99412
26 49 88.81793
26 50 81.02530
26 51 84.80160
26 52 11.13205
26 53 64.88150
26 54 75.55960
26 55 21.33172
26 56 38.85937
26 57 31.20535
26 58 56.57247
26 59 32.67210
26 60 60.76856
26 61 38.64476
26 62 89.19094
26 63 57.84814
26 64 77.97658
26 65 68.58982
26 66 80.41557
26 67 49.27927
26 68 65.49862
26 69 25.06308
26 70 47.65082
26 71 102.82144
26 72 69.47190
26 73 64.24149
26 74 41.61948
26 75 52.61564
26 76 115.26042
26 77 49.50048
26 78 52.18584
26 79 59.47818
26 80 45.79078
26 81 4.12474
26 82 56.11771
26 83 73.40511
26 84 71.59449
26 85 27.91641
26 86 81.92837
26 87 22.96495
26 88 86.15562
26 89 55.91213
26 90 92.87086
26 91 36.05072
26 92 39.95807
26 93 91.38083
26 94 21.30649
26 95 22.63975
26 96 19.74309
26 97 20.12596
26 98 18.37046
26 99 17.60595
27 28 107.96504
27 29 44.15797
27 30 64.27902
27 31 6.08014
27 32 56.03174
27 33 86.53042
27 34 87.29910
27 35 64.96251
27 36 85.55124
27 37 75.64158
27 38 35.95315
27 39 34.76876
27 40 98.56455
27 41 90.64641
27 42 71.49083
27 43 75.67599
27 44 49.61977
27 45 40.68967
27 46 84.63534
27 47 42.06736
27 48 52.35933
27 49 38.98412
27 50 52.15150
27 51 24.82012
27 52 88.12977
27 53 34.55752
27 54 73.36180
27 55 78.78532
27 56 67.32493
27 57 68.42275
27 58 57.91882
27 59 69.12640
27 60 86.80101
27 61 95.58348
27 62 34.92118
27 63 73.88683
27 64 49.43328
27 65 30.66994
27 66 73.74550
27 67 84.69043
27 68 70.50120
27 69 81.65516
27 70 51.60762
27 71 10.28345
27 72 53.15357
27 73 40.65326
27 74 87.19951
27 75 85.31782
27 76 18.61690
27 77 89.27222
27 78 82.21436
27 79 77.67064
27 80 53.51886
27 81 99.53032
27 82 60.12880
27 83 74.58812
27 84 30.59616
27 85 78.69394
27 86 47.55000
27 87 115.15903
27 88 13.13548
27 89 44.32310
27 90 23.63061
27 91 65.49376
27 92 62.77947
27 93 78.06176
27 94 94.77128
27 95 76.64132
27 96 104.05710
27 97 79.26510
27 98 84.05658
27 99 89.23902
28 29 77.66551
28 30 72.12237
28 31 106.88680
28 32 53.13574
28 33 27.04236
28 34 24.52551
28 35 65.25937
28 36 55.74369
28 37 58.01538
28 38 77.47062
28 39 75.85977
28 40 19.17855
28 41 38.81343
28 42 50.36037
28 43 84.04195
28 44 90.80033
28 45 71.26004
28 46 24.16312
28 47 79.79935
28 48 72.21159
28 49 95.61216
28 50 90.26772
28 51 94.03178
28 52 20.04831
28 53 73.74630
28 54 79.30150
28 55 29.35583
28 56 48.17817
28 57 39.60149
28 58 62.68870
28 59 40.18961
28 60 68.40248
28 61 38.85909
28 62 98.53792
28 63 61.67708
28 64 84.08843
28 65 77.30774
28 66 84.16287
28 67 57.09673
28 68 74.20936
28 69 30.54886
28 70 56.41963
28 71 111.80268
28 72 78.73545
28 73 73.52317
28 74 49.25428
28 75 54.76774
28 76 124.22168
28 77 50.98161
28 78 54.86608
28 79 67.80240
28 80 54.65473
28 81 11.42604
28 82 61.96234
28 83 76.99601
28 84 80.71826
28 85 37.04678
28 86 88.13884
28 87 15.39840
28 88 94.90278
28 89 64.21767
28 90 102.12344
28 91 45.36330
28 92 47.39653
28 93 94.91455
28 94 22.64586
28 95 31.38340
28 96 16.94930
28 97 29.21418
28 98 27.65078
28 99 26.19868
29 30 69.80047
29 31 39.75358
29 32 27.68203
29 33 65.14632
29 34 64.33297
29 35 21.03467
29 36 41.99484
29 37 72.13799
29 38 42.96590
29 39 38.03982
29 40 63.14058
29 41 50.18366
29 42 30.84086
29 43 34.29538
29 44 68.77352
29 45 41.13143
29 46 59.04971
29 47 2.41528
29 48 57.84497
29 49 63.20054
29 50 17.75820
29 51 20.69806
29 52 58.27014
29 53 22.84688
29 54 82.03614
29 55 52.72774
29 56 29.88983
29 57 43.87776
29 58 56.07735
29 59 48.54015
29 60 42.69029
29 61 81.54459
29 62 20.98815
29 63 72.58823
29 64 64.07347
29 65 26.44886
29 66 84.92333
29 67 40.99605
29 68 26.91578
29 69 60.73687
29 70 29.94530
29 71 42.13088
29 72 10.49975
29 73 9.25753
29 74 44.59544
29 75 79.67257
29 76 53.74598
29 77 81.44048
29 78 76.78267
29 79 33.53819
29 80 29.77956
29 81 67.05289
29 82 58.13567
29 83 81.84084
29 84 16.36275
29 85 41.91916
29 86 65.23717
29 87 89.13747
29 88 33.70142
29 89 33.51364
29 90 27.21510
29 91 32.62147
29 92 46.22074
29 93 93.72292
29 94 72.89716
29 95 48.58720
29 96 80.19886
29 97 49.30381
29 98 50.25198
29 99 53.59296
30 31 67.39125
30 32 50.05928
30 33 45.11338
30 34 47.82136
30 35 78.12081
30 36 88.80689
30 37 16.09365
30 38 30.58688
30 39 34.41078
30 40 75.04933
30 41 81.32103
30 42 71.29601
30 43 100.25069
30 44 21.82539
30 45 29.46285
30 46 50.50794
30 47 69.98450
30 48 12.80129
30 49 31.22221
30 50 87.38308
30 51 69.10439
30 52 58.98978
30 53 47.87111
30 54 12.33826
30 55 48.89010
30 56 63.60795
30 57 44.30672
30 58 14.89519
30 59 38.65652
30 60 98.20044
30 61 40.96237
30 62 80.92260
30 63 12.64807
30 64 17.04402
30 65 46.12921
30 66 16.00096
30 67 89.03941
30 68 89.75399
30 69 42.23008
30 70 43.47555
30 71 73.34114
30 72 79.09009
30 73 60.54980
30 74 85.66504
30 75 24.80493
30 76 82.72560
30 77 29.82696
30 78 22.32771
30 79 90.85896
30 80 45.14014
30 81 70.14544
30 82 13.64506
30 83 12.06755
30 84 57.49824
30 85 66.64729
30 86 20.84537
30 87 70.84287
30 88 55.95164
30 89 36.43423
30 90 75.62888
30 91 56.05297
30 92 33.26405
30 93 26.58559
30 94 50.46395
30 95 51.26169
30 96 59.47870
30 97 55.17658
30 98 63.71008
30 99 69.83057
31 32 54.24421
31 33 86.52960
31 34 87.08575
31 35 60.74453
31 36 81.55831
31 37 77.84457
31 38 37.95430
31 39 36.00970
31 40 96.54234
31 41 87.57363
31 42 68.22181
31 43 70.33148
31 44 54.08664
31 45 42.03219
31 46 84.00148
31 47 37.55138
31 48 55.10148
31 49 43.78927
31 50 46.55963
31 51 19.65949
31 52 86.90972
31 53 33.14080
31 54 77.04835
31 55 77.97966
31 56 64.57105
31 57 67.59408
31 58 59.86225
31 59 68.86870
31 60 82.16017
31 61 96.72989
31 62 29.02972
31 63 76.33893
31 64 53.31442
31 65 29.87401
31 66 77.73426
31 67 80.63010
31 68 65.62106
31 69 81.63516
31 70 50.49945
31 71 5.98033
31 72 48.25802
31 73 37.25596
31 74 83.55716
31 75 87.41851
31 76 17.53027
31 77 91.15082
31 78 84.29094
31 79 73.08218
31 80 52.23391
31 81 98.02176
31 82 62.12836
31 83 78.12386
31 84 27.57193
31 85 76.22885
31 86 51.77240
31 87 114.80954
31 88 12.70946
31 89 44.24230
31 90 17.64393
31 91 63.39778
31 92 62.87889
31 93 82.60958
31 94 94.82126
31 95 75.50371
31 96 103.92890
31 97 77.89359
31 98 82.15871
31 99 87.09184
32 33 37.53114
32 34 36.88843
32 35 28.37625
32 36 40.02270
32 37 47.88323
32 38 33.51786
32 39 29.61241
32 40 42.55290
32 41 37.65335
32 42 22.23692
32 43 51.17242
32 44 57.05600
32 45 28.20953
32 46 32.05397
32 47 29.26934
32 48 40.71980
32 49 56.03564
32 50 44.26143
32 51 41.05851
32 52 33.09443
32 53 21.51205
32 54 62.21949
32 55 25.68089
32 56 14.96464
32 57 16.24322
32 58 35.17116
32 59 20.98804
32 60 48.31031
32 61 54.06917
32 62 47.12825
32 63 49.19686
32 64 50.73610
32 65 25.84722
32 66 66.05118
32 67 39.98543
32 68 40.26807
32 69 33.06395
32 70 7.34787
32 71 58.88513
32 72 33.42060
32 73 21.15579
32 74 38.30117
32 75 54.09218
32 76 71.34113
32 77 55.14322
32 78 51.44978
32 79 40.79969
32 80 5.13879
32 81 43.81383
32 82 36.66097
32 83 61.34491
32 84 27.58339
32 85 23.65849
32 86 53.45795
32 87 62.87033
32 88 42.91411
32 89 17.75913
32 90 49.22765
32 91 9.84986
32 92 19.99183
32 93 76.30254
32 94 45.42032
32 95 22.13673
32 96 53.18487
32 97 23.92369
32 98 28.02498
32 99 33.34168
33 34 3.10799
33 35 60.02196
33 36 59.68404
33 37 31.60627
33 38 53.11411
33 39 52.46157
33 40 32.89327
33 41 46.04074
33 42 46.61850
33 43 82.39637
33 44 63.95145
33 45 47.14104
33 46 9.17619
33 47 66.79420
33 48 45.58035
33 49 69.38587
33 50 81.03347
33 51 77.16870
33 52 17.56773
33 53 54.26666
33 54 52.86162
33 55 13.63236
33 56 40.75783
33 57 21.28823
33 58 36.05993
33 59 17.84725
33 60 71.94495
33 61 19.79068
33 62 84.48981
33 63 35.14519
33 64 57.31671
33 65 56.75454
33 66 57.72345
33 67 60.58358
33 68 71.35605
33 69 4.89523
33 70 37.53589
33 71 91.98453
33 72 69.66776
33 73 58.46662
33 74 54.26256
33 75 30.35024
33 76 104.05562
33 77 27.89420
33 78 29.62669
33 79 67.88211
33 80 36.62271
33 81 26.15447
33 82 35.14517
33 83 50.67939
33 84 63.06259
33 85 35.11033
33 86 61.41606
33 87 29.03693
33 88 73.95307
33 89 42.30620
33 90 85.36221
33 91 34.22800
33 92 23.75213
33 93 68.65861
33 94 8.30546
33 95 18.48424
33 96 17.58462
33 97 20.33143
33 98 27.01316
33 99 31.38475
34 35 58.28254
34 36 57.14969
34 37 34.58984
34 38 54.47902
34 39 53.56564
34 40 29.78681
34 41 43.20542
34 42 44.58414
34 43 80.44083
34 44 66.28947
34 45 48.41506
34 46 6.60371
34 47 66.06014
34 48 47.77061
34 49 71.40059
34 50 79.88281
34 51 77.07687
34 52 14.56951
34 53 54.51550
34 54 55.80844
34 55 11.95987
34 56 39.02132
34 57 20.73107
34 58 38.23938
34 59 18.21765
34 60 69.51017
34 61 22.41158
34 62 83.99509
34 63 38.09525
34 64 59.59939
34 65 57.23313
34 66 60.66601
34 67 58.08681
34 68 69.45776
34 69 6.16548
34 70 37.50017
34 71 92.45352
34 72 68.43433
34 73 57.97862
34 74 51.61897
34 75 33.45788
34 76 104.61514
34 77 30.96129
34 78 32.72427
34 79 65.69729
34 80 36.40516
34 81 23.09191
34 82 37.45081
34 83 53.65186
34 84 63.03355
34 85 32.71378
34 86 63.66933
34 87 27.89510
34 88 74.58794
34 89 42.98251
34 90 85.28536
34 91 32.82691
34 92 24.67929
34 93 71.62714
34 94 8.56671
34 95 16.70402
34 96 16.86199
34 97 18.08905
34 98 24.30117
34 99 28.45829
35 36 21.02789
35 37 76.08336
35 38 56.73473
35 39 51.94027
35 40 48.05213
35 41 31.66401
35 42 14.90874
35 43 23.06491
35 44 82.31983
35 45 52.97110
35 46 51.97107
35 47 23.33218
35 48 67.88803
35 49 78.87006
35 50 25.93612
35 51 41.69138
35 52 48.12601
35 53 37.81801
35 54 90.37930
35 55 46.41345
35 56 19.26953
35 57 40.82678
35 58 63.30546
35 59 47.05542
35 60 22.86812
35 61 78.92129
35 62 39.42286
35 63 77.53096
35 64 76.61217
35 65 42.51115
35 66 94.04709
35 67 19.97968
35 68 11.96956
35 69 56.57568
35 70 34.64558
35 71 63.14475
35 72 15.45123
35 73 25.41830
35 74 24.30354
35 75 81.69681
35 76 74.61242
35 77 82.16898
35 78 79.22685
35 79 13.92840
35 80 33.05041
35 81 53.92031
35 82 64.90987
35 83 89.60514
35 84 35.41079
35 85 28.30201
35 86 78.67279
35 87 78.76574
35 88 53.77342
35 89 43.02744
35 90 47.71711
35 91 26.24524
35 92 47.95029
35 93 104.00601
35 94 66.50433
35 95 41.59414
35 96 71.84431
35 97 40.59726
35 98 38.03547
35 99 39.25219
36 37 83.11387
36 38 72.72197
36 39 68.30346
36 40 36.64791
36 41 17.01094
36 42 17.79801
36 43 29.68611
36 44 97.04901
36 45 67.92374
36 46 50.57254
36 47 44.32479
36 48 80.53093
36 49 95.34160
36 50 44.64611
36 51 62.68567
36 52 43.68228
36 53 55.84563
36 54 100.52209
36 55 46.83980
36 56 25.35847
36 57 45.80860
36 58 74.05043
36 59 52.28131
36 60 12.78056
36 61 79.47443
36 62 60.05742
36 63 85.35562
36 64 90.75880
36 65 60.72906
36 66 104.72319
36 67 1.52044
36 68 22.41554
36 69 57.69008
36 70 47.34691
36 71 84.12566
36 72 35.82164
36 73 45.19189
36 74 6.51901
36 75 86.60931
36 76 95.64000
36 77 85.82289
36 78 84.68528
36 79 13.70340
36 80 45.15306
36 81 44.60318
36 82 75.16303
36 83 99.27870
36 84 55.38311
36 85 24.72399
36 86 93.43780
36 87 70.78730
36 88 73.86933
36 89 57.44523
36 90 68.72227
36 91 32.75450
36 92 55.89961
36 93 115.36869
36 94 64.08303
36 95 42.28890
36 96 66.72661
36 97 39.53272
36 98 33.02747
36 99 30.69749
37 38 39.89108
37 39 42.30155
37 40 63.63803
37 41 73.03854
37 42 66.57314
37 43 99.02658
37 44 37.78200
37 45 36.39670
37 46 38.61824
37 47 72.85140
37 48 23.86261
37 49 46.44192
37 50 89.86394
37 51 75.88185
37 52 47.54282
37 53 52.63796
37 54 21.30428
37 55 38.68591
37 56 59.06596
37 57 37.30828
37 58 18.12757
37 59 30.84046
37 60 93.82784
37 61 24.87170
37 62 86.61221
37 63 3.74125
37 64 32.38236
37 65 52.35329
37 66 26.17005
37 67 83.60535
37 68 88.04120
37 69 29.84145
37 70 42.82066
37 71 83.81360
37 72 80.18132
37 73 63.23836
37 74 79.01535
37 75 9.74169
37 76 94.25773
37 77 14.27662
37 78 6.75129
37 79 87.51507
37 80 43.75542
37 81 57.62724
37 82 15.81768
37 83 19.07570
37 84 62.75347
37 85 59.21578
37 86 36.42451
37 87 55.29673
37 88 65.56428
37 89 39.38823
37 90 83.23150
37 91 51.22683
37 92 28.16427
37 93 37.05525
37 94 35.66562
37 95 42.16088
37 96 44.19416
37 97 45.80772
37 98 54.25848
37 99 59.95226
38 39 4.94662
38 40 72.52086
38 41 71.00355
38 42 55.24004
38 43 76.33369
38 44 25.93443
38 45 6.23950
38 46 53.31750
38 47 42.52850
38 48 17.81436
38 49 22.62987
38 50 59.58824
38 51 38.70780
38 52 58.95342
38 53 20.14843
38 54 41.73638
38 55 48.42636
38 56 48.38018
38 57 38.95518
38 58 21.98362
38 59 37.28114
38 60 79.15315
38 61 59.90622
38 62 50.84903
38 63 38.44420
38 64 21.15945
38 65 16.85833
38 66 43.67205
38 67 72.46508
38 68 67.04048
38 69 48.43403
38 70 26.38092
38 71 43.92560
38 72 53.20276
38 73 34.02572
38 74 71.64615
38 75 49.48777
38 76 54.52366
38 77 53.33841
38 78 46.36657
38 79 70.58111
38 80 28.76700
38 81 71.05857
38 82 24.21911
38 83 42.24083
38 84 28.33493
38 85 56.50315
38 86 22.34272
38 87 82.15100
38 88 25.80175
38 89 15.84011
38 90 45.04733
38 91 42.89403
38 92 30.10566
38 93 51.37554
38 94 61.03863
38 95 47.83503
38 96 70.62324
38 97 51.32117
38 98 58.30092
38 99 64.39023
39 40 69.80547
39 41 67.25174
39 42 50.96312
39 43 71.39440
39 44 30.87781
39 45 6.02539
39 46 51.82416
39 47 37.63766
39 48 21.63068
39 49 27.10388
39 50 54.75928
39 51 34.69973
39 52 56.85786
39 53 15.20886
39 54 45.93183
39 55 46.57382
39 56 44.29811
39 57 36.70391
39 58 24.17565
39 59 35.81967
39 60 74.44975
39 61 60.85404
39 62 46.58137
39 63 41.22126
39 64 26.04730
39 65 12.11616
39 66 48.10487
39 67 68.00032
39 68 62.14531
39 69 47.66425
39 70 22.72255
39 71 41.90501
39 72 48.25986
39 73 29.08061
39 74 67.45101
39 75 51.69350
39 76 53.08480
39 77 55.23769
39 78 48.55598
39 79 65.81517
39 80 25.10389
39 81 68.87083
39 82 26.48387
39 83 46.27616
39 84 23.64773
39 85 52.96578
39 86 27.28901
39 87 81.42134
39 88 23.44165
39 89 12.42158
39 90 41.43150
39 91 39.21831
39 92 28.90278
39 93 56.09852
39 94 60.57178
39 95 45.52633
39 96 70.04490
39 97 48.83413
39 98 55.40748
39 99 61.38094
40 41 19.66477
40 42 33.50290
40 43 65.38901
40 44 90.58901
40 45 66.36364
40 46 25.02014
40 47 65.44077
40 48 71.79914
40 49 93.21611
40 50 73.75822
40 51 81.44417
40 52 16.14947
40 53 64.06470
40 54 84.42604
40 55 26.30098
40 56 33.32163
40 57 33.83358
40 58 62.77747
40 59 37.47653
40 60 49.25310
40 61 50.63413
40 62 84.09974
40 63 66.91759
40 64 83.72665
40 65 68.31618
40 66 89.21625
40 67 38.02875
40 68 55.98177
40 69 33.80583
40 70 47.81792
40 71 100.87847
40 72 62.50295
40 73 60.69421
40 74 30.13890
40 75 63.24194
40 76 113.31535
40 77 60.63697
40 78 62.41512
40 79 49.05990
40 80 45.62083
40 81 8.75238
40 82 62.75139
40 83 82.45528
40 84 69.23734
40 85 21.22577
40 86 87.45584
40 87 34.45721
40 88 85.45934
40 89 57.42712
40 90 89.21763
40 91 33.14502
40 92 44.42452
40 93 100.29109
40 94 33.34160
40 95 25.10930
40 96 32.53505
40 97 21.34588
40 98 14.58351
40 99 9.60913
41 42 19.49384
41 43 46.21789
41 44 93.01524
41 45 65.38253
41 46 36.90571
41 47 52.59580
41 48 75.08070
41 49 93.28518
41 50 57.50713
41 51 70.25040
41 52 28.85985
41 53 57.63263
41 54 92.23095
41 55 34.65708
41 56 23.62440
41 57 37.01635
41 58 67.26024
41 59 42.85942
41 60 29.59130
41 61 65.55388
41 62 70.39650
41 63 75.76906
41 64 86.33552
41 65 62.40811
41 66 96.75523
41 67 18.42164
41 68 37.53884
41 69 45.01609
41 70 44.62673
41 71 91.08143
41 72 47.02001
41 73 50.34046
41 74 10.49230
41 75 74.98957
41 76 103.22146
41 77 73.44867
41 78 73.48049
41 79 29.88259
41 80 42.23881
41 81 27.83100
41 82 67.90585
41 83 90.65012
41 84 60.10826
41 85 14.92906
41 86 89.55287
41 87 53.97544
41 88 78.00200
41 89 55.16345
41 90 77.33793
41 91 28.11206
41 92 48.17176
41 93 107.73280
41 94 49.18497
41 95 30.87791
41 96 50.68141
41 97 27.31137
41 98 19.20331
41 99 14.98028
42 43 35.88078
42 44 79.28659
42 45 50.26462
42 46 38.08680
42 47 33.24165
42 48 62.75646
42 49 77.86724
42 50 40.27188
42 51 50.75851
42 52 33.47285
42 53 39.49085
42 54 83.16237
42 55 33.03530
42 56 7.68953
42 57 29.52801
42 58 56.46817
42 59 36.05561
42 60 27.26490
42 61 66.06314
42 62 51.39888
42 63 68.56004
42 64 72.96942
42 65 44.37112
42 66 87.26332
42 67 17.83877
42 68 25.01717
42 69 43.67843
42 70 29.57305
42 71 71.62149
42 72 29.01269
42 73 30.96647
42 74 16.56523
42 75 70.94654
42 76 83.73420
42 77 70.74681
42 78 68.77057
42 79 21.50306
42 80 27.36135
42 81 39.04326
42 82 57.67394
42 83 82.02470
42 84 40.89539
42 85 13.40572
42 86 75.68288
42 87 63.90390
42 88 59.06433
42 89 39.77435
42 90 57.90485
42 91 15.42392
42 92 38.78272
42 93 97.80622
42 94 52.52203
42 95 28.18654
42 96 57.29768
42 97 26.55097
42 98 23.17914
42 99 24.44989
43 44 102.26644
43 45 73.50626
43 46 73.96367
43 47 35.56143
43 48 89.36900
43 49 97.34262
43 50 24.30899
43 51 50.85813
43 52 69.02351
43 53 56.31928
43 54 112.57580
43 55 68.77026
43 56 41.83810
43 57 63.81493
43 58 85.59763
43 59 70.09517
43 60 19.76934
43 61 101.61925
43 62 42.72686
43 63 100.36223
43 64 97.07835
43 65 60.40884
43 66 116.02962
43 67 28.17377
43 68 11.15560
43 69 79.21309
43 70 56.96783
43 71 70.85866
43 72 23.82492
43 73 42.48289
43 74 35.98172
43 75 104.75935
43 76 80.31107
43 77 105.21466
43 78 102.27724
43 79 16.35082
43 80 55.60116
43 81 72.64721
43 82 87.32468
43 83 111.95117
43 84 50.63966
43 85 48.66127
43 86 98.66270
43 87 98.53683
43 88 67.06392
43 89 64.27312
43 90 53.82521
43 91 49.17467
43 92 70.94442
43 93 125.63075
43 94 88.39959
43 95 63.91468
43 96 92.85845
43 97 62.43126
43 98 58.38213
43 99 57.98809
44 45 29.40996
44 46 67.59106
44 47 68.19975
44 48 18.84136
44 49 11.20778
44 50 84.96430
44 51 61.61584
44 52 75.19936
44 53 46.04107
44 54 25.75461
44 55 64.48178
44 56 71.95032
44 57 57.26607
44 58 28.21513
44 59 53.11924
44 60 104.40039
44 61 62.53886
44 62 74.25857
44 63 34.45393
44 64 6.86272
44 65 42.38504
44 66 24.86684
44 67 96.94991
44 68 92.88239
44 69 60.25940
44 70 49.71392
44 71 59.65530
44 72 79.08630
44 73 59.93150
44 74 95.21724
44 75 46.61771
44 76 66.92904
44 77 51.65211
44 78 44.14625
44 79 96.04858
44 80 51.95201
44 81 87.07583
44 82 28.83904
44 83 27.67877
44 84 53.50857
44 85 78.10403
44 86 3.64850
44 87 91.32538
44 88 45.06986
44 89 39.72921
44 90 66.39183
44 91 65.40636
44 92 46.23152
44 93 28.52544
44 94 70.34006
44 95 65.59373
44 96 79.73398
44 97 69.48427
44 98 77.57366
44 99 83.85549
45 46 47.11557
45 47 41.03851
45 48 16.92615
45 49 27.91120
45 50 58.38908
45 51 40.01777
45 52 52.71551
45 53 18.57747
45 54 41.36410
45 55 42.18871
45 56 43.16852
45 57 32.73684
45 58 18.27658
45 59 31.07225
45 60 74.99360
45 61 54.89621
45 62 51.54255
45 63 35.45334
45 64 23.67290
45 65 16.70486
45 66 43.93024
45 67 67.75351
45 68 63.76177
45 69 42.41221
45 70 20.91720
45 71 47.93024
45 72 50.99292
45 73 31.92330
45 74 66.50216
45 75 45.72591
45 76 59.06841
45 77 49.22472
45 78 42.58820
45 79 66.65221
45 80 23.27150
45 81 64.82330
45 82 20.59170
45 83 41.48335
45 84 28.03690
45 85 50.74483
45 86 25.76266
45 87 76.16758
45 88 29.46466
45 89 10.49051
45 90 47.03009
45 91 37.29166
45 92 23.93066
45 93 52.60165
45 94 55.14966
45 95 41.61705
45 96 64.69350
45 97 45.12822
45 98 52.20786
45 99 58.33305
46 47 60.88208
46 48 48.79701
46 49 71.73605
46 50 74.12892
46 51 72.85673
46 52 8.97145
46 53 51.02800
46 54 59.46876
46 55 6.37459
46 56 32.75539
46 57 16.50491
46 58 39.38115
46 59 16.04644
46 60 62.91038
46 61 28.92501
46 62 79.11294
46 63 41.90845
46 64 60.77981
46 65 54.16026
46 66 64.27961
46 67 51.49816
46 68 63.02039
46 69 8.80518
46 70 33.69904
46 71 89.18455
46 72 62.60567
46 73 53.20319
46 74 45.09789
46 75 38.73213
46 76 101.48611
46 77 36.71473
46 78 37.64436
46 79 59.12370
46 80 32.29597
46 81 19.67656
46 82 38.96823
46 83 57.46256
46 84 58.98526
46 85 26.11010
46 86 64.73247
46 87 31.02634
46 88 71.71032
46 89 40.46992
46 90 81.06327
46 91 26.95747
46 92 23.23344
46 93 75.33926
46 94 14.53459
46 95 10.63379
46 96 21.17507
46 97 11.54284
46 98 17.83785
46 99 22.38690
47 48 57.86399
47 49 62.28940
47 50 17.39973
47 51 18.36214
47 52 60.31733
47 53 22.55193
47 54 82.16346
47 55 54.53973
47 56 32.15697
47 57 45.50709
47 58 56.49266
47 59 49.98418
47 60 44.73443
47 61 82.90321
47 62 18.76298
47 63 73.18263
47 64 63.68159
47 65 25.81479
47 66 84.93621
47 67 43.30818
47 68 28.69504
47 69 62.32668
47 70 31.05371
47 71 39.81271
47 72 11.77223
47 73 9.62142
47 74 46.98961
47 75 80.56712
47 76 51.37226
47 77 82.46637
47 78 77.64344
47 79 35.60478
47 80 31.05269
47 81 69.24960
47 82 58.59318
47 83 82.04452
47 84 15.17466
47 85 44.21540
47 86 64.69721
47 87 91.11631
47 88 31.92044
47 89 33.90368
47 90 24.80108
47 91 34.63970
47 92 47.37425
47 93 93.55006
47 94 74.61671
47 95 50.47741
47 96 82.04939
47 97 51.30470
47 98 52.45031
47 99 55.88008
48 49 24.12668
48 50 75.24571
48 51 56.31127
48 52 56.35853
48 53 35.48954
48 54 24.44535
48 55 45.64816
48 56 55.18035
48 57 38.72694
48 58 9.53136
48 59 34.32289
48 60 88.96480
48 61 46.90460
48 62 68.18818
48 63 21.66330
48 64 11.99553
48 65 33.46132
48 66 27.07990
48 67 80.59015
48 68 79.20005
48 69 41.67271
48 70 33.61157
48 71 61.07598
48 72 67.46678
48 73 48.59465
48 74 78.10121
48 75 33.59184
48 76 70.93945
48 77 38.04455
48 78 30.60529
48 79 81.13080
48 80 35.60174
48 81 68.24168
48 82 10.61424
48 83 24.66156
48 84 44.90866
48 85 60.15714
48 86 15.94754
48 87 73.64451
48 88 43.37660
48 89 25.09591
48 90 62.83798
48 91 48.11396
48 92 27.55985
48 93 36.26182
48 94 52.40639
48 95 46.87600
48 96 61.96377
48 97 50.78818
48 98 58.99040
48 99 65.26686
49 50 78.32616
49 51 53.35747
49 52 78.58101
49 53 41.28113
49 54 36.79737
49 55 67.80046
49 56 70.95376
49 57 59.39242
49 58 33.45422
49 59 56.29183
49 60 101.49780
49 61 70.61602
49 62 66.03094
49 63 43.45449
49 64 14.18678
49 65 36.95445
49 66 36.07359
49 67 95.06878
49 68 88.66048
49 69 65.24528
49 70 48.79652
49 71 49.16196
49 72 73.68657
49 73 54.91154
49 74 94.25033
49 75 55.78321
49 76 55.90185
49 77 60.65198
49 78 53.07692
49 79 92.78319
49 80 51.16376
49 81 90.68113
49 82 34.73485
49 83 38.59334
49 84 47.17465
49 85 78.59765
49 86 10.52755
49 87 97.72256
49 88 35.95419
49 89 38.27900
49 90 57.30555
49 91 65.20241
49 92 49.05829
49 93 39.15768
49 94 76.44195
49 95 68.13104
49 96 86.03262
49 97 71.87256
49 98 79.46097
49 99 85.68321
50 51 27.60895
50 52 71.94655
50 53 39.84114
50 54 99.56194
50 55 67.99435
50 56 42.33917
50 57 60.04556
50 58 73.80708
50 59 65.24102
50 60 40.04605
50 61 98.31835
50 62 18.41914
50 63 90.34462
50 64 80.73640
50 65 42.74345
50 66 102.30901
50 67 43.27004
50 68 23.13735
50 69 76.88110
50 70 47.42256
50 71 46.68733
50 72 11.60987
50 73 26.90200
50 74 49.31460
50 75 97.27026
50 76 56.00999
50 77 98.88185
50 78 94.41317
50 79 32.19405
50 80 47.02329
50 81 79.10664
50 82 75.87923
50 83 99.44180
50 84 31.45593
50 85 53.28139
50 86 81.53050
50 87 102.99297
50 88 45.00526
50 89 51.22496
50 90 29.62276
50 91 47.17196
50 92 63.55131
50 93 110.80740
50 94 88.41543
50 95 63.49785
50 96 94.97657
50 97 63.49894
50 98 62.65598
50 99 64.68442
51 52 74.05035
51 53 23.82144
51 54 80.44416
51 55 66.52760
51 56 48.35029
51 57 56.48036
51 58 58.00098
51 59 59.40139
51 60 62.60936
51 61 90.63479
51 62 12.68348
51 63 75.29806
51 64 58.68671
51 65 23.53803
51 66 82.27025
51 67 61.66941
51 68 45.97595
51 69 72.37193
51 70 39.63319
51 71 21.45714
51 72 28.62132
51 73 20.76068
51 74 65.21419
51 75 84.75103
51 76 33.10882
51 77 87.61421
51 78 81.64869
51 79 53.58007
51 80 40.68304
51 81 84.18140
51 82 60.30024
51 83 80.90967
51 84 14.14856
51 85 60.41891
51 86 58.51940
51 87 103.83198
51 88 17.99252
51 89 37.31392
51 90 8.21182
51 91 48.89308
51 92 54.83759
51 93 89.26883
51 94 85.38813
51 95 63.19095
51 96 93.77231
51 97 64.85774
51 98 67.62321
51 99 71.84013
52 53 53.78084
52 54 68.27709
52 55 10.78760
52 56 29.63185
52 57 20.16553
52 58 47.13341
52 59 22.29673
52 60 56.31534
52 61 36.73627
52 62 78.96875
52 63 50.78803
52 64 68.34588
52 65 57.46056
52 66 73.06685
52 67 44.74866
52 68 58.40236
52 69 17.77253
52 70 36.52410
52 71 91.77895
52 72 60.33702
52 73 53.64508
52 74 37.80983
52 75 47.63324
52 76 104.20740
52 77 45.43475
52 78 46.60192
52 79 53.49707
52 80 34.68448
52 81 12.13799
52 82 46.95088
52 83 66.31348
52 84 60.67404
52 85 20.36280
52 86 72.18961
52 87 31.06112
52 88 75.03115
52 89 44.84941
52 90 82.16893
52 91 25.68502
52 92 29.52680
52 93 84.14169
52 94 20.45501
52 95 11.51025
52 96 23.84989
52 97 9.19262
52 98 10.78241
52 99 13.95769
53 54 59.90142
53 55 44.91801
53 56 34.00847
53 57 34.54969
53 58 35.21091
53 59 36.42385
53 60 60.63439
53 61 66.86933
53 62 33.97430
53 63 52.40223
53 64 41.22734
53 65 4.89427
53 66 62.50563
53 67 55.33836
53 68 47.38285
53 69 49.39474
53 70 17.38283
53 71 38.17246
53 72 33.05578
53 73 13.89089
53 74 55.98322
53 75 61.22108
53 76 50.52874
53 77 63.90624
53 78 58.14868
53 79 51.74221
53 80 19.09728
53 81 65.01790
53 82 37.44461
53 83 59.93161
53 84 10.12149
53 85 44.66387
53 86 42.47257
53 87 81.97957
53 88 21.42497
53 89 13.52771
53 90 31.75428
53 91 31.13670
53 92 31.26076
53 93 70.99982
53 94 62.56302
53 95 42.36303
53 96 71.36856
53 97 44.80578
53 98 49.52596
53 99 54.82452
54 55 58.77018
54 56 75.47558
54 57 55.38496
54 58 27.07672
54 59 49.37155
54 60 110.20435
54 61 44.20094
54 62 92.50460
54 63 17.71650
54 64 23.98364
54 65 57.88010
54 66 4.86595
54 67 100.81442
54 68 102.04954
54 69 50.79852
54 70 55.74480
54 71 82.90442
54 72 91.39907
54 73 72.77976
54 74 97.12359
54 75 26.45073
54 76 91.41757
54 77 31.46214
54 78 25.19204
54 79 103.00299
54 80 57.35673
54 81 78.75773
54 82 25.58188
54 83 2.60417
54 84 69.34914
54 85 77.78588
54 86 26.52853
54 87 75.83243
54 88 66.27961
54 89 48.74468
54 90 86.61768
54 91 67.81829
54 92 44.67181
54 93 15.87059
54 94 56.85975
54 95 61.66307
54 96 65.07705
54 97 65.49980
54 98 74.05812
54 99 80.01578
55 56 27.14421
55 57 10.38666
55 58 36.51144
55 59 11.51052
55 60 58.81694
55 61 33.07287
55 62 72.74174
55 63 41.65317
55 64 57.62296
55 65 48.20301
55 66 63.48039
55 67 47.63478
55 68 57.72408
55 69 10.86327
55 70 27.54476
55 71 83.09047
55 72 56.51492
55 73 46.82876
55 74 41.81061
55 75 40.36700
55 76 95.43080
55 77 39.11052
55 78 38.82402
55 79 54.38993
55 80 26.04819
55 81 22.88552
55 82 36.45054
55 83 56.95684
55 84 52.69814
55 85 22.11591
55 86 61.44010
55 87 37.31281
55 88 65.79064
55 89 34.86357
55 90 74.73074
55 91 20.87939
55 92 18.75773
55 93 74.56380
55 94 20.43202
55 95 4.85627
55 96 27.53969
55 97 7.42650
55 98 15.60681
55 99 21.29767
56 57 22.31361
56 58 48.78603
56 59 28.78864
56 60 34.86492
56 61 59.79164
56 62 50.87728
56 63 60.97885
56 64 65.55542
56 65 38.79236
56 66 79.57391
56 67 25.48001
56 68 30.71481
56 69 37.39760
56 70 22.29979
56 71 68.45003
56 72 30.73591
56 73 27.73562
56 74 23.33655
56 75 63.72645
56 76 80.78140
56 77 63.75006
56 78 61.46578
56 79 28.57589
56 80 20.01099
56 81 37.29638
56 82 49.98458
56 83 74.34745
56 84 36.99916
56 85 12.11933
56 86 68.36648
56 87 60.65792
56 88 54.53227
56 89 32.70097
56 90 55.98832
56 91 7.83914
56 92 31.15680
56 93 90.12420
56 94 47.28806
56 95 22.32618
56 96 52.99403
56 97 21.51822
56 98 20.54824
56 99 23.73630
57 58 30.38544
57 59 6.53409
57 60 56.66892
57 61 38.52206
57 62 63.28058
57 63 39.58546
57 64 50.43572
57 65 37.82079
57 66 59.83061
57 67 46.29914
57 68 52.65995
57 69 16.88109
57 70 17.19718
57 71 72.71987
57 72 48.85112
57 73 37.25710
57 74 41.88972
57 75 41.43688
57 76 85.05038
57 77 41.46853
57 78 39.24332
57 79 50.86526
57 80 15.82503
57 81 32.17337
57 82 30.91659
57 83 53.92670
57 84 42.53232
57 85 22.40344
57 86 53.99778
57 87 47.52204
57 88 55.41235
57 89 24.70720
57 90 64.69207
57 91 14.66086
57 92 11.26057
57 93 70.76196
57 94 29.21984
57 95 8.88026
57 96 37.29642
57 97 12.48886
57 98 20.30846
57 99 26.59005
58 59 25.41016
58 60 83.31414
58 61 38.66424
58 62 69.07359
58 63 17.29906
58 64 21.42979
58 65 34.47200
58 66 30.89551
58 67 74.24789
58 68 75.00219
58 69 32.14523
58 70 28.68397
58 71 65.81682
58 72 64.95516
58 73 46.91109
58 74 71.09409
58 75 27.56932
58 76 76.50361
58 77 31.35626
58 78 24.43666
58 79 75.96995
58 80 30.28113
58 81 58.91369
58 82 2.31585
58 83 26.35373
58 84 45.23982
58 85 52.42886
58 86 25.45197
58 87 64.27326
58 88 47.48985
58 89 22.58951
58 90 65.21529
58 91 41.30801
58 92 19.13086
58 93 41.33824
58 94 42.98799
58 95 38.09968
58 96 52.58128
58 97 42.03817
58 98 50.40832
58 99 56.65022
59 60 63.20242
59 61 33.08126
59 62 67.14435
59 63 33.21767
59 64 46.25652
59 65 39.02267
59 66 53.90840
59 67 52.79516
59 68 58.94842
59 69 12.99379
59 70 19.81474
59 71 74.25104
59 72 54.27776
59 73 41.21919
59 74 48.22519
59 75 34.93802
59 76 86.39839
59 77 35.11998
59 78 32.71542
59 79 57.35906
59 80 19.14130
59 81 34.38982
59 82 25.61187
59 83 47.81313
59 84 45.27172
59 85 28.54347
59 86 50.02072
59 87 46.03317
59 88 56.37585
59 89 24.80451
59 90 67.58056
59 91 21.05740
59 92 7.28610
59 93 64.91272
59 94 26.13939
59 95 12.71005
59 96 35.06448
59 97 16.65106
59 98 25.10893
59 99 31.30374
60 61 91.71715
60 62 57.45361
60 63 95.82290
60 64 98.43593
60 65 65.36024
60 66 114.19893
60 67 11.58964
60 68 17.11126
60 69 69.67588
60 70 55.35522
60 71 83.86709
60 72 34.07665
60 73 48.20396
60 74 19.17260
60 75 97.96198
60 76 94.58606
60 77 97.48417
60 78 95.87845
60 79 9.16794
60 80 53.38909
60 81 57.33186
60 82 84.64267
60 83 109.14467
60 84 58.04329
60 85 36.83529
60 86 100.75440
60 87 83.51288
60 88 76.20602
60 89 64.72988
60 90 67.44795
60 91 42.67364
60 92 66.02109
60 93 124.57806
60 94 76.64881
60 95 54.12887
60 96 79.48855
60 97 51.65360
60 98 45.59264
60 99 43.47317
61 62 99.48502
61 63 28.43958
61 64 56.83262
61 65 68.20252
61 66 48.83372
61 67 80.37277
61 68 90.50615
61 69 22.41141
61 70 52.08657
61 71 102.53412
61 72 87.28799
61 73 73.87614
61 74 74.01783
61 75 17.78466
61 76 113.93425
61 77 13.01926
61 78 19.19092
61 79 87.46069
61 80 51.86139
61 81 42.65642
61 82 36.78081
61 83 41.64833
61 84 76.57608
61 85 54.88309
61 86 60.95468
61 87 32.04615
61 88 84.04011
61 89 53.58622
61 90 98.62353
61 91 52.73406
61 92 35.96451
61 93 58.73654
61 94 17.35479
61 95 37.89598
61 96 22.45090
61 97 40.06995
61 98 46.71194
61 99 50.69388
62 63 86.32781
62 64 71.17969
62 65 34.83869
62 66 94.51608
62 67 58.83305
62 68 40.34330
62 69 79.86256
62 70 47.47911
62 71 28.47103
62 72 24.23748
62 73 26.02653
62 74 63.72561
62 75 95.11916
62 76 37.61996
62 77 97.61891
62 78 92.06607
62 79 48.95918
62 80 48.00587
62 81 88.01254
62 82 71.33547
62 83 92.84797
62 84 23.86428
62 85 62.88817
62 86 71.12765
62 87 109.62979
62 88 30.43674
62 89 47.34954
62 90 11.49857
62 91 53.28621
62 92 63.53261
62 93 101.76776
62 94 92.50041
62 95 68.86921
62 96 100.27918
62 97 69.89755
62 98 71.21302
62 99 74.56780
63 64 29.30768
63 65 51.77102
63 66 22.57854
63 67 85.79544
63 68 89.45616
63 69 33.17664
63 70 43.73502
63 71 82.31823
63 72 80.94835
63 73 63.56204
63 74 81.43997
63 75 12.33044
63 76 92.49501
63 77 17.24228
63 78 9.69709
63 79 89.27924
63 80 44.84744
63 81 61.07533
63 82 15.00911
63 83 15.58092
63 84 62.47367
63 85 61.73316
63 86 33.27673
63 87 59.03262
63 88 64.23360
63 89 39.42138
63 90 82.46946
63 91 53.15289
63 92 29.86019
63 93 33.53861
63 94 39.37703
63 95 44.92764
63 96 47.93479
63 97 48.65062
63 98 57.15619
63 99 62.95002
64 65 37.99348
64 66 24.42582
64 67 90.70494
64 68 87.42847
64 69 53.53969
64 70 43.42056
64 71 59.10562
64 72 74.22558
64 73 55.04155
64 74 88.75721
64 75 41.62783
64 76 67.43393
64 77 46.53332
64 78 38.96271
64 79 90.22636
64 80 45.60807
64 81 80.23721
64 82 22.17153
64 83 25.40050
64 84 49.40007
64 85 71.41316
64 86 4.17010
64 87 84.96656
64 88 43.14838
64 89 33.71098
64 90 64.11435
64 91 58.86452
64 92 39.37791
64 93 30.58878
64 94 63.87067
64 95 58.73740
64 96 73.33289
64 97 62.63113
64 98 70.74029
64 99 77.02203
65 66 60.17771
65 67 60.21227
65 68 51.78224
65 69 51.86010
65 70 20.94241
65 71 35.23383
65 72 36.86434
65 73 17.95740
65 74 60.87247
65 75 61.30166
65 76 47.39466
65 77 64.32030
65 78 58.18740
65 79 56.41848
65 80 22.90200
65 81 68.91593
65 82 36.76759
65 83 58.10888
65 84 11.53452
65 85 49.24940
65 86 38.88631
65 87 84.93553
65 88 17.59845
65 89 14.70689
65 90 30.96702
65 91 35.60349
65 92 33.26388
65 93 68.20049
65 94 65.05761
65 95 45.97162
65 96 74.08685
65 97 48.62527
65 98 53.74230
65 99 59.18256
66 67 104.97933
66 68 105.62252
66 69 55.62773
66 70 59.40754
66 71 83.50690
66 72 94.48455
66 73 75.67114
66 74 101.45445
66 75 31.05269
66 76 91.50088
66 77 35.99500
66 78 29.93276
66 79 106.84947
66 80 61.11222
66 81 83.60085
66 82 29.58943
66 83 7.24187
66 84 71.70285
66 85 82.23181
66 86 26.29088
66 87 80.56889
66 88 67.43737
66 89 51.91553
66 90 88.14142
66 91 71.97998
66 92 48.98494
66 93 11.08616
66 94 61.70761
66 95 66.28715
66 96 69.87533
66 97 70.14323
66 98 78.70409
66 99 84.69575
67 68 20.93760
67 69 58.49487
67 70 47.28460
67 71 83.12026
67 72 34.59632
67 73 44.44171
67 74 7.94620
67 75 87.25098
67 76 94.57430
67 77 86.54441
67 78 85.28719
67 79 12.18723
67 80 45.12303
67 81 45.92088
67 82 75.40117
67 83 99.60521
67 84 54.62349
67 85 25.53694
67 86 93.33087
67 87 72.10160
67 88 73.10769
67 89 57.29023
67 90 67.61231
67 91 33.00156
67 92 56.24221
67 93 115.58159
67 94 65.11441
67 95 43.03636
67 96 67.90431
67 97 40.37005
67 98 34.05079
67 99 31.90693
68 69 68.10748
68 70 46.31921
68 71 67.03692
68 72 17.36538
68 73 33.90603
68 74 27.98135
68 75 93.65147
68 76 77.56068
68 77 94.06840
68 78 91.19192
68 79 9.14192
68 80 44.83438
68 81 62.78335
68 82 76.66320
68 83 101.34082
68 84 43.03597
68 85 38.09571
68 86 89.24998
68 87 88.38093
68 88 60.59420
68 89 54.16080
68 90 50.45155
68 91 38.01921
68 92 59.91669
68 93 115.42150
68 94 77.50083
68 95 52.87230
68 96 82.25089
68 97 51.51294
68 98 47.88948
68 99 48.01925
69 70 32.75012
69 71 87.08955
69 72 65.60936
69 73 53.85676
69 74 52.57949
69 75 30.11449
69 76 99.16158
69 77 28.44744
69 78 28.90225
69 79 65.11822
69 80 31.91288
69 81 28.01870
69 82 31.42784
69 83 48.74978
69 84 58.25188
69 85 32.96758
69 86 57.59202
69 87 33.76664
69 88 69.06212
69 89 37.41515
69 90 80.55816
69 91 30.48669
69 92 18.88542
69 93 66.66558
69 94 13.19786
69 95 15.58481
69 96 22.42006
69 97 18.18403
69 98 25.81284
69 99 30.87833
70 71 55.55132
70 72 37.38100
70 73 21.81146
70 74 45.63241
70 75 49.86518
70 76 67.91084
70 77 51.50121
70 78 47.04238
70 79 47.58383
70 80 2.38902
70 81 48.00366
70 82 30.36132
70 83 55.02322
70 84 25.54329
70 85 30.24339
70 86 46.11299
70 87 64.70089
70 88 38.50767
70 89 10.54522
70 90 47.82966
70 91 16.52795
70 92 16.32403
70 93 69.46695
70 94 45.75994
70 95 25.04967
70 96 54.28407
70 97 27.69833
70 98 33.25366
70 99 39.00712
71 72 49.79250
71 73 40.80833
71 74 86.51248
71 75 93.37832
71 76 12.45937
71 77 97.08717
71 78 90.24937
71 79 74.90658
71 80 57.18245
71 81 102.69715
71 82 68.08683
71 83 84.01304
71 84 31.64397
71 85 80.29071
71 86 57.44580
71 87 120.08553
71 88 18.50422
71 89 49.77167
71 90 17.06554
71 91 67.78561
71 92 68.41270
71 93 88.15182
71 94 100.28587
71 95 80.44585
71 96 109.31197
71 97 82.69613
71 98 86.61590
71 99 91.36027
72 73 19.18632
72 74 39.66886
72 75 87.13813
72 76 60.61458
72 77 88.46317
72 78 84.36896
72 79 25.18193
72 80 36.67352
72 81 67.62407
72 82 66.90630
72 83 91.05721
72 84 26.81646
72 85 41.81344
72 86 75.52599
72 87 91.38523
72 88 43.58368
72 89 42.65630
72 90 33.46941
72 91 35.65414
72 92 53.13249
72 93 103.56341
72 94 76.94628
72 95 51.97187
72 96 83.39732
72 97 51.90455
72 98 51.10182
72 99 53.30748
73 74 46.55397
73 75 71.01975
73 76 53.07882
73 77 73.01139
73 78 68.07921
73 79 39.10690
73 80 22.09303
73 81 63.49346
73 82 48.99682
73 83 72.59462
73 84 10.19359
73 85 39.73396
73 86 56.35982
73 87 83.92615
73 88 28.67794
73 89 24.32454
73 90 28.67902
73 91 28.22387
73 92 38.10761
73 93 84.52484
73 94 66.47628
73 95 43.12450
73 96 74.34065
73 97 44.47287
73 98 46.88085
73 99 51.09425
74 75 81.97314
74 76 98.31591
74 77 80.91867
74 78 80.19044
74 79 19.75600
74 80 43.32901
74 81 38.15934
74 82 72.04303
74 83 95.75345
74 84 56.69205
74 85 19.89062
74 86 91.64852
74 87 64.34044
74 88 75.07839
74 89 56.02764
74 90 71.71748
74 91 29.98731
74 92 52.47049
74 93 112.24761
74 94 58.26254
74 95 37.45509
74 96 60.53297
74 97 34.40689
74 98 27.33660
74 99 24.48892
75 76 103.93032
75 77 5.14079
75 78 3.13776
75 79 92.29628
75 80 50.46515
75 81 56.28585
75 82 25.29178
75 83 23.88390
75 84 71.33431
75 85 62.09644
75 86 45.57100
75 87 49.67851
75 88 75.05654
75 89 47.77012
75 90 92.26087
75 91 55.97345
75 92 34.10744
75 93 41.02736
75 94 32.14759
75 95 44.52585
75 96 39.39173
75 97 47.77809
75 98 55.82087
75 99 60.99235
76 77 107.85987
76 78 100.82465
76 79 85.79207
76 80 69.58089
76 81 115.15419
76 82 78.72358
76 83 92.76156
76 84 44.07834
76 85 92.67108
76 86 65.20999
76 87 132.32644
76 88 30.14792
76 89 61.76008
76 90 27.14862
76 91 80.23604
76 92 80.38926
76 93 94.99284
76 94 112.34512
76 95 92.85291
76 96 121.45912
76 97 95.13676
76 98 99.06999
76 99 103.78679
77 78 7.57520
77 79 92.21627
77 80 51.87568
77 81 53.30671
77 82 29.14656
77 83 28.87883
77 84 73.97125
77 85 61.14525
77 86 50.51783
77 87 45.05926
77 88 78.67240
77 89 50.38346
77 90 95.27166
77 91 56.12530
77 92 35.35195
77 93 45.73804
77 94 28.54808
77 95 43.53967
77 96 35.13303
77 97 46.52742
77 98 54.24803
77 99 59.10116
78 79 90.04070
78 80 47.71022
78 81 55.74239
78 82 22.16269
78 83 22.69474
78 84 68.26549
78 85 60.29983
78 86 42.95722
78 87 50.64218
78 88 71.92177
78 89 44.71752
78 90 89.14275
78 91 53.67538
78 92 31.45991
78 93 40.28262
78 94 32.22849
78 95 42.81256
78 96 40.00078
78 97 46.19025
78 98 54.37966
78 99 59.71981
79 80 45.76119
79 81 56.43707
79 82 77.42689
79 83 102.07391
79 84 48.89602
79 85 33.23448
79 86 92.40008
79 87 82.44201
79 88 67.03859
79 89 56.53869
79 90 58.64400
79 91 36.37492
79 92 59.42596
79 93 117.03712
79 94 73.34677
79 95 49.56640
79 96 77.21720
79 97 47.61094
79 98 42.74265
79 99 41.87296
80 81 46.01927
80 82 31.85954
80 83 56.55540
80 84 26.70733
80 85 27.86254
80 86 48.36143
80 87 63.32221
80 88 40.39481
80 89 12.92888
80 90 48.89422
80 91 14.13894
80 92 16.52949
80 93 71.28398
80 94 44.77295
80 95 23.27465
80 96 53.09410
80 97 25.74741
80 98 31.04288
80 99 36.73524
81 82 58.59180
81 83 76.65395
81 84 71.26021
81 85 25.82546
81 86 84.12838
81 87 26.18424
81 88 86.39944
81 89 56.75434
81 90 92.17196
81 91 35.28844
81 92 41.64265
81 93 94.60977
81 94 25.30275
81 95 23.35408
81 96 23.80283
81 97 20.31117
81 98 16.80097
81 99 14.77610
82 83 24.69683
82 84 47.49171
82 85 53.14781
82 86 26.27770
82 87 63.03683
82 88 49.77851
82 89 24.69673
82 90 67.52734
82 91 42.40993
82 92 19.74332
82 93 40.22480
82 94 41.81975
82 95 38.32008
82 96 51.36028
82 97 42.26031
82 98 50.70962
82 99 56.91545
83 84 69.51811
83 85 76.30421
83 86 28.20310
83 87 73.33484
83 88 67.13432
83 89 48.41926
83 90 87.24495
83 91 66.63909
83 92 43.38075
83 93 17.97965
83 94 54.50433
83 95 59.97490
83 96 62.63488
83 97 63.78144
83 98 72.33028
83 99 78.23566
84 85 48.70263
84 86 50.08261
84 87 90.00472
84 88 18.48646
84 89 23.59432
84 90 22.30928
84 91 36.17511
84 92 40.71729
84 93 79.70692
84 94 71.30036
84 95 49.57703
84 96 79.78228
84 97 51.50707
84 98 55.01944
84 99 59.71646
85 86 74.65334
85 87 50.50517
85 88 65.73054
85 89 40.69647
85 90 68.09785
85 91 13.82331
85 92 33.40666
85 93 93.14820
85 94 40.14151
85 95 17.61248
85 96 44.20040
85 97 14.83627
85 98 9.81015
85 99 11.68402
86 87 89.12856
86 88 42.28459
86 89 36.09333
86 90 63.51632
86 91 61.87470
86 92 43.04632
86 93 31.07722
86 94 68.01852
86 95 62.41005
86 96 77.49069
86 97 66.28233
86 98 74.30376
86 99 80.58398
87 88 102.38413
87 89 70.83606
87 90 112.03087
87 91 56.52321
87 92 52.56455
87 93 90.70555
87 94 21.33027
87 95 40.80325
87 96 11.69471
87 97 39.83946
87 98 40.73160
87 99 40.57082
88 89 31.64699
88 90 21.38393
88 91 52.42594
88 92 50.25546
88 93 73.35677
88 94 82.23265
88 95 63.55371
88 96 91.40559
88 97 66.14222
88 98 70.93823
88 99 76.16301
89 90 45.14891
89 91 27.05435
89 92 18.64304
89 93 61.35771
89 94 50.58848
89 95 33.40858
89 96 59.77265
89 97 36.58427
89 98 42.99770
89 99 48.95956
90 91 56.89443
90 92 62.91428
90 93 94.53817
90 94 93.58839
90 95 71.36412
90 96 101.98412
90 97 72.97760
90 98 75.54651
90 99 79.60850
91 92 23.35885
91 93 82.61512
91 94 41.30838
91 95 16.32593
91 96 47.88482
91 97 16.68437
91 98 18.84610
91 99 23.74628
92 93 59.81563
92 94 31.99807
92 95 19.36571
92 96 41.30395
92 97 23.25322
92 98 31.43722
92 99 37.71037
93 94 72.36572
93 95 77.33881
93 96 80.27312
93 97 81.20368
93 98 89.76453
93 99 95.76983
94 95 25.06753
94 96 9.65012
94 97 25.98823
94 98 31.06365
94 99 34.20573
95 96 31.63698
95 97 3.94110
95 98 12.44959
95 99 18.60074
96 97 31.52136
96 98 34.49859
96 99 36.04836
97 98 8.56095
97 99 14.66624
98 99 6.28185
2.9739 59.0962
72.2265 15.5234
66.3390 12.5107
53.2503 49.4452
41.2411 36.5048
61.0612 82.7145
66.5079 40.2112
45.0887 21.3486
59.0667 90.0562
98.7947 76.6086
71.0613 82.8730
3.8191 17.6846
36.7039 92.2758
85.1151 8.6040
49.5643 85.7488
47.5673 5.9137
52.4161 13.0819
41.7747 22.1336
55.1714 17.2918
78.9890 22.4338
42.9772 54.1812
33.4486 58.6632
82.4787 33.9750
36.7170 22.7611
43.7114 12.2136
76.8596 18.1171
91.1092 75.5548
9.7230 18.7353
96.1636 83.4228
53.8786 18.2775
24.0698 81.3928
14.2849 14.7157
58.9544 45.4902
69.1827 81.6007
71.8721 80.0429
74.6120 21.8248
94.8037 27.6957
38.3918 88.7335
25.8693 50.8589
29.4035 47.3979
97.1395 64.2691
96.5975 44.6118
79.0863 36.0463
83.1431 0.3956
6.6384 68.2591
31.7486 52.9482
74.0026 73.7923
51.7593 17.1190
25.4753 68.6689
4.1825 57.3237
58.8484 1.2289
33.8682 12.9866
81.8290 69.4066
39.5955 36.1093
17.2958 91.7052
71.1200 68.1067
73.2438 41.0457
63.4549 61.0975
34.7219 70.9813
59.7273 66.4640
96.4445 15.0209
60.7990 99.5279
40.4521 2.1458
34.6781 88.2803
13.4971 68.0243
34.7176 36.5093
12.4840 92.4291
94.0691 26.3645
79.8029 11.0394
66.1436 77.7631
52.1129 48.1707
12.7994 8.9228
62.4802 12.2561
49.6276 26.5013
95.5452 34.1724
43.1639 97.2263
2.8388 1.4380
47.7798 99.4893
42.3648 94.1920
87.3521 16.1954
54.4989 48.0506
93.6212 72.2832
35.0378 73.2755
19.7225 92.6501
39.4469 25.9889
82.3435 49.0503
9.7069 66.2853
92.8272 98.4554
20.9662 25.5273
41.6493 49.4802
29.6070 5.9669
68.6218 47.3773
52.7155 64.4836
2.1443 96.4283
74.0551 88.3268
72.0474 63.3398
82.3545 93.2507
75.8754 62.4024
83.6302 58.7757
89.8631 57.9930
