25
0 1 40.53221
0 2 57.26696
0 3 82.81554
0 4 70.60437
0 5 52.29391
0 6 29.55189
0 7 78.92338
0 8 20.33830
0 9 59.94313
0 10 58.16810
0 11 82.60866
0 12 18.82252
0 13 53.71694
0 14 76.87597
0 15 67.50440
0 16 43.12004
0 17 29.79819
0 18 79.76617
0 19 85.10181
0 20 51.52247
0 21 11.91439
0 22 52.94120
0 23 29.40371
0 24 78.67787
1 2 83.87838
1 3 42.84554
1 4 43.47819
1 5 28.00804
1 6 59.40708
1 7 46.14992
1 8 59.25289
1 9 68.52691
1 10 24.13174
1 11 42.52571
1 12 34.39990
1 13 71.83534
1 14 49.92319
1 15 54.02928
1 16 16.68201
1 17 28.94416
1 18 63.26093
1 19 44.88227
1 20 80.60299
1 21 42.77979
1 22 14.45354
1 23 46.97980
1 24 53.76478
2 3 124.22368
2 4 85.27094
2 5 74.12889
2 6 27.75460
2 7 98.24170
2 8 42.20061
2 9 33.83740
2 10 86.82217
2 11 123.62235
2 12 76.03220
2 13 18.39984
2 14 88.70498
2 15 66.60609
2 16 74.24866
2 17 86.16160
2 18 76.34954
2 19 125.38528
2 20 7.26791
2 21 67.86758
2 22 89.14127
2 23 36.91306
2 24 87.04650
3 4 54.90823
3 5 53.40318
3 6 101.56516
3 7 46.11099
3 8 102.03734
3 9 102.62554
3 10 40.13105
3 11 1.08555
3 12 72.43945
3 13 109.88712
3 14 58.20897
3 15 76.33407
3 16 50.06604
3 17 62.38748
3 18 79.59843
3 19 3.36423
3 20 121.81751
3 21 82.80883
3 22 35.11525
3 23 87.69029
3 24 63.27731
4 5 18.44338
4 6 72.09001
4 7 13.29115
4 8 82.07692
4 9 55.48988
4 10 20.49424
4 11 53.89728
4 12 73.67165
4 13 67.60427
4 14 6.58915
4 15 23.03659
4 16 29.58886
4 17 71.52601
4 18 24.73598
4 19 54.10505
4 20 85.67478
4 21 78.32792
4 22 31.78206
4 23 55.72452
4 24 10.42187
5 6 56.82838
5 7 27.43234
5 8 64.86216
5 9 49.30466
5 10 13.38479
5 11 52.58498
5 12 55.52208
5 13 57.97813
5 14 24.91265
5 15 26.56028
5 16 11.98456
5 17 54.32149
5 18 35.25343
5 19 53.74397
5 20 73.23555
5 21 59.88879
5 22 20.87659
5 23 40.64341
5 24 27.57070
6 7 83.71447
6 8 18.04183
6 9 37.97883
6 10 67.71596
6 11 101.09976
6 12 48.28326
6 13 26.78436
6 14 77.07392
6 15 59.56356
6 16 53.23605
6 17 58.49443
6 18 71.52233
6 19 103.16972
6 20 22.44722
6 21 40.48118
6 22 67.30630
6 23 16.37676
6 24 76.96665
7 8 92.28910
7 9 68.78100
7 10 22.18972
7 11 45.04164
7 12 79.18040
7 13 80.73762
7 14 13.10766
7 15 35.93491
7 16 35.97387
7 17 75.08614
7 18 35.13207
7 19 44.69044
7 20 98.37519
7 21 85.31461
7 22 32.24942
7 23 67.36353
7 24 17.88443
8 9 55.71913
8 10 73.42847
8 11 101.75263
8 12 37.85744
8 13 44.73494
8 14 87.77227
8 15 73.39961
8 16 58.14432
8 17 49.57999
8 18 85.72286
8 19 104.13412
8 20 35.43356
8 21 27.63246
8 22 70.21416
8 23 29.19485
8 24 88.53736
9 10 62.68395
9 11 101.83309
9 12 75.56911
9 13 15.82090
9 14 57.66872
9 15 34.25703
9 16 54.19502
9 17 82.06788
9 18 42.83462
9 19 103.04462
9 20 37.29350
9 21 71.83687
9 22 68.51018
9 23 30.54588
9 24 55.19110
10 11 39.28800
10 12 57.06474
10 13 71.11026
10 14 26.53318
10 15 37.44289
10 16 15.30640
10 17 52.99275
10 18 43.53206
10 19 40.38142
10 20 85.49483
10 21 63.63665
10 22 11.29721
10 23 52.03274
10 24 30.90040
11 12 72.45291
11 13 109.19977
11 14 57.16300
11 15 75.38325
11 16 49.42777
11 17 62.51033
11 18 78.57827
11 19 2.85189
11 20 121.26768
11 21 82.75712
11 22 34.48922
11 23 87.13703
11 24 62.22997
12 13 71.33557
12 14 80.24702
12 15 76.28317
12 16 44.11128
12 17 12.08607
12 18 87.86345
12 19 75.17381
12 20 70.34455
12 21 11.33472
12 22 48.75005
12 23 45.53400
12 24 83.08999
13 14 70.70729
13 15 48.27196
13 16 59.94596
13 17 79.73916
13 18 57.96504
13 19 110.73861
13 20 21.47734
13 21 65.45086
13 22 74.87133
13 23 26.59417
13 24 68.84954
14 15 23.79176
14 16 36.17498
14 17 78.08708
14 18 22.04089
14 19 57.07275
14 20 89.56310
14 21 84.79137
14 22 37.81502
14 23 60.78209
14 24 5.07569
15 16 37.37120
15 17 77.78905
15 18 12.39602
15 19 75.93731
15 20 68.36960
15 21 77.65344
15 22 47.08794
15 23 44.37975
15 24 20.94680
16 17 42.36134
16 18 46.96876
16 19 51.14003
16 20 72.19507
16 21 49.42059
16 22 14.95663
16 23 38.17118
16 24 39.27692
17 18 88.60214
17 19 65.30343
17 20 80.85586
17 21 23.39478
17 22 43.20343
17 23 53.27017
17 24 81.51930
18 19 78.69046
18 20 78.80382
18 21 89.72589
18 22 54.27179
18 23 56.63074
18 24 17.34288
19 20 123.15314
19 21 85.42114
19 22 36.26222
19 23 89.02514
19 24 62.11971
20 21 61.71504
20 22 86.91245
20 23 34.13138
20 24 88.30000
21 22 56.60466
21 23 41.29136
21 24 87.08604
22 23 52.79730
22 24 42.19435
23 24 60.84308
58.7310 16.0715
72.2763 54.2734
1.9612 8.5419
95.5131 90.2705
40.9204 84.3925
47.3885 67.1205
29.3148 13.2428
49.5932 94.4641
43.7070 2.3629
4.8108 42.2591
58.7230 74.2396
94.4646 90.5517
77.0924 20.2123
6.0332 26.4855
37.3053 89.9014
21.3320 72.2690
56.3150 59.1238
85.7429 28.6528
16.1987 83.5522
94.2709 93.3970
8.3822 5.1370
69.7613 11.5676
68.2396 68.1518
32.4768 29.3114
32.2359 90.1540
