25
0 1 20.19780
0 2 37.25006
0 3 67.43335
0 4 29.97884
0 5 27.27619
0 6 30.53331
0 7 28.85569
0 8 33.96346
0 9 42.64027
0 10 85.82000
0 11 40.17311
0 12 57.10265
0 13 45.60193
0 14 14.71778
0 15 40.50226
0 16 42.69474
0 17 17.55255
0 18 26.21140
0 19 48.81010
0 20 42.75250
0 21 39.62082
0 22 61.45167
0 23 33.38562
0 24 39.92076
1 2 17.19058
1 3 85.38566
1 4 33.67289
1 5 38.77833
1 6 44.17632
1 7 48.99870
1 8 29.38989
1 9 53.15808
1 10 105.97475
1 11 20.74653
1 12 76.58070
1 13 28.13205
1 14 16.01661
1 15 35.63036
1 16 61.28822
1 17 29.75760
1 18 39.79417
1 19 68.90856
1 20 59.54731
1 21 57.31209
1 22 76.96626
1 23 46.45239
1 24 54.38590
2 3 100.11769
2 4 42.34763
2 5 51.24145
2 6 60.00298
2 7 65.85577
2 8 32.94935
2 9 63.81277
2 10 122.77044
2 11 5.40811
2 12 92.64000
2 13 15.61523
2 14 31.55693
2 15 37.22521
2 16 76.79345
2 17 45.91181
2 18 53.24944
2 19 85.64922
2 20 76.08238
2 21 74.12944
2 22 90.01679
2 23 59.12822
2 24 70.20720
3 4 62.29774
3 5 49.89916
3 6 74.63572
3 7 43.20385
3 8 75.28601
3 9 43.29307
3 10 39.78678
3 11 100.84919
3 12 17.56873
3 13 101.22522
3 14 81.36160
3 15 77.10201
3 16 24.91550
3 17 74.52065
3 18 47.13344
3 19 30.43344
3 20 67.51478
3 21 62.95755
3 22 17.35078
3 23 42.41657
3 24 75.06782
4 5 13.53860
4 6 59.44961
4 7 42.57844
4 8 13.00065
4 9 21.72034
4 10 92.88097
4 11 41.33737
4 12 59.89277
4 13 39.53473
4 14 41.51315
4 15 16.13824
4 16 43.15726
4 17 47.47807
4 18 17.58616
4 19 57.92248
4 20 68.24228
4 21 64.05184
4 22 49.41540
4 23 20.00568
4 24 67.84239
5 6 52.76016
5 7 30.54957
5 8 26.20197
5 9 15.39943
5 10 79.35003
5 11 51.35642
5 12 46.41198
5 13 51.33162
5 14 41.43498
5 15 29.64633
5 16 29.65226
5 17 43.12907
5 18 4.26549
5 19 44.55528
5 20 58.70956
5 21 54.15379
5 22 38.77942
5 23 7.88718
5 24 59.89299
6 7 32.28580
6 8 64.49498
6 9 66.49292
6 10 77.69683
6 11 64.46456
6 12 58.94818
6 13 72.29395
6 14 28.48819
6 15 71.03120
6 16 51.65953
6 17 14.47137
6 18 49.86585
6 19 46.39317
6 20 17.35140
6 21 17.60190
6 22 75.69956
6 23 55.97207
6 24 10.22514
7 8 53.07072
7 9 39.71005
7 10 56.97629
7 11 68.30885
7 12 29.56060
7 13 72.28859
7 14 40.45496
7 15 58.16830
7 16 19.38923
7 17 31.52888
7 18 26.38532
7 19 19.97134
7 20 30.84563
7 21 25.89430
7 22 43.50372
7 23 29.67928
7 24 35.27649
8 9 33.86067
8 10 105.41033
8 11 30.76551
8 12 72.59191
8 13 27.23792
8 14 41.61092
8 15 6.68380
8 16 55.81885
8 17 51.02336
8 18 29.97145
8 19 69.81649
8 20 75.70197
8 21 71.96250
8 22 62.07485
8 23 32.99868
8 24 73.79022
9 10 78.38763
9 11 63.03072
9 12 45.46911
9 13 61.00496
9 14 56.82760
9 15 34.40169
9 16 30.45313
9 17 58.00275
9 18 16.94358
9 19 47.98319
9 20 70.07096
9 21 65.23783
9 22 28.48229
9 23 10.56028
9 24 72.65693
10 11 125.00053
10 12 33.20042
10 13 128.10444
10 14 96.35971
10 15 108.91672
10 16 49.75372
10 17 84.65876
10 18 75.44641
10 19 37.12624
10 20 63.14556
10 21 60.67210
10 22 56.77955
10 23 73.62734
10 24 72.84650
11 12 94.24843
11 13 10.26222
11 14 35.97878
11 15 34.27617
11 16 78.09454
11 17 50.20586
11 18 53.74113
11 19 87.89219
11 20 80.22008
11 21 78.05504
11 22 89.96415
11 23 59.19731
11 24 74.68792
12 13 96.34803
12 14 69.79966
12 15 75.84232
12 16 16.77618
12 17 60.89818
12 18 42.65819
12 19 13.13246
12 20 50.36052
12 21 45.96423
12 22 28.67735
12 23 40.44586
12 24 58.35006
13 14 44.07350
13 15 28.86580
13 16 79.77781
13 17 57.84901
13 18 54.35651
13 19 91.25675
13 20 87.30499
13 21 84.73554
13 22 88.94787
13 23 58.87797
13 24 82.49244
14 15 48.26121
14 16 56.46285
14 17 14.39215
14 18 40.76298
14 19 60.12518
14 20 44.62547
14 21 42.97910
14 22 76.09901
14 23 47.94351
14 24 38.70999
15 16 59.16445
15 17 57.65809
15 18 33.72434
15 19 74.04588
15 20 81.87280
15 21 78.01996
15 22 62.88332
15 23 35.54653
15 24 80.23008
16 17 49.93100
16 18 25.88343
16 19 17.76571
16 20 48.07081
16 21 43.13197
16 22 24.49968
16 23 24.00886
16 24 53.93899
17 18 41.06479
17 19 49.79576
17 20 30.23646
17 21 28.75432
17 22 72.23201
17 23 47.90207
17 24 24.64496
18 19 40.37081
18 20 55.00641
18 21 50.37783
18 22 37.18555
18 23 7.18141
18 24 56.59619
19 20 37.22995
19 21 32.84252
19 22 38.47748
19 23 40.42485
19 24 45.28425
20 21 4.98373
20 22 72.47770
20 23 59.68985
20 24 9.75642
21 22 67.56512
21 23 54.89930
21 24 12.70383
22 23 30.89257
22 24 78.42063
23 24 62.10564
26.2170 43.8866
10.9124 30.7063
0.0073 17.4174
92.6747 55.3160
42.3381 18.6113
49.6840 29.9837
20.3785 73.8565
49.7870 60.5331
32.2130 10.4566
63.5498 23.2843
95.1356 95.0266
1.4980 12.2188
78.8160 66.1140
6.0145 3.0039
11.7706 46.6999
34.8505 4.3152
67.8303 53.4351
18.2738 59.5390
50.5565 34.1590
66.6935 71.1644
32.6160 86.1575
35.8070 82.3293
87.4552 38.7689
57.3511 31.8339
23.1764 83.6914
