100
0 1 47.55540
0 2 85.51709
0 3 52.12920
0 4 20.32065
0 5 35.32059
0 6 56.86310
0 7 82.14907
0 8 62.37260
0 9 34.65036
0 10 48.57584
0 11 64.27918
0 12 69.24537
0 13 74.05184
0 14 84.12209
0 15 46.67032
0 16 57.70277
0 17 71.99921
0 18 77.80863
0 19 21.03162
0 20 51.67820
0 21 32.30367
0 22 89.54872
0 23 35.55613
0 24 59.33195
0 25 33.91037
0 26 7.20752
0 27 22.95695
0 28 50.03075
0 29 43.17177
0 30 11.35217
0 31 28.90480
0 32 77.05243
0 33 59.02889
0 34 44.83489
0 35 56.12449
0 36 71.34268
0 37 58.53274
0 38 14.87967
0 39 74.96074
0 40 67.44001
0 41 45.55183
0 42 22.60668
0 43 89.79246
0 44 82.86695
0 45 51.82569
0 46 47.30690
0 47 20.41780
0 48 13.81606
0 49 85.03051
0 50 51.36061
0 51 25.61478
0 52 84.69013
0 53 22.89331
0 54 80.33981
0 55 55.12465
0 56 46.79670
0 57 37.74564
0 58 2.98366
0 59 61.79959
0 60 31.37170
0 61 57.44344
0 62 67.74385
0 63 28.22021
0 64 25.88986
0 65 23.86216
0 66 52.36444
0 67 7.26733
0 68 52.37361
0 69 68.64970
0 70 30.38335
0 71 60.00059
0 72 29.96450
0 73 78.77559
0 74 79.43146
0 75 36.50894
0 76 67.00609
0 77 28.81290
0 78 40.43405
0 79 77.82827
0 80 55.51494
0 81 44.88403
0 82 40.55890
0 83 78.31483
0 84 52.11488
0 85 19.76798
0 86 21.52888
0 87 73.43383
0 88 69.76802
0 89 69.47336
0 90 26.56290
0 91 67.58852
0 92 45.86600
0 93 82.34819
0 94 7.44183
0 95 72.72600
0 96 87.80775
0 97 26.38834
0 98 36.84912
0 99 68.79611
1 2 44.89016
1 3 41.13402
1 4 29.02167
1 5 40.10788
1 6 69.30209
1 7 34.70006
1 8 62.91544
1 9 26.64914
1 10 41.59990
1 11 25.75483
1 12 64.57139
1 13 62.55620
1 14 56.63157
1 15 37.55133
1 16 39.96138
1 17 24.63301
1 18 78.40672
1 19 44.48862
1 20 43.47536
1 21 39.62226
1 22 42.95825
1 23 12.61575
1 24 24.01863
1 25 33.17389
1 26 41.07609
1 27 67.04929
1 28 3.21330
1 29 23.17431
1 30 46.01308
1 31 23.49377
1 32 29.74082
1 33 13.00524
1 34 21.03272
1 35 20.66919
1 36 24.61782
1 37 28.81496
1 38 39.41652
1 39 55.68370
1 40 69.71722
1 41 46.79319
1 42 29.14225
1 43 45.21817
1 44 50.61041
1 45 31.48949
1 46 0.24924
1 47 29.56698
1 48 47.42027
1 49 77.34104
1 50 65.24801
1 51 64.16830
1 52 37.14276
1 53 30.59348
1 54 38.11101
1 55 22.96479
1 56 24.17158
1 57 28.71963
1 58 49.55227
1 59 22.57188
1 60 38.52318
1 61 25.35745
1 62 47.78347
1 63 22.90881
1 64 29.48306
1 65 23.97528
1 66 4.85299
1 67 54.78727
1 68 24.05528
1 69 52.44652
1 70 68.66988
1 71 71.27156
1 72 70.84186
1 73 73.26624
1 74 31.90122
1 75 26.01777
1 76 70.20221
1 77 61.00654
1 78 81.07182
1 79 76.48107
1 80 16.09911
1 81 43.83763
1 82 28.62849
1 83 43.19655
1 84 29.16743
1 85 65.92292
1 86 49.25790
1 87 53.57918
1 88 22.77644
1 89 26.36689
1 90 68.97085
1 91 51.88007
1 92 49.88186
1 93 58.27983
1 94 40.27519
1 95 42.35838
1 96 50.03609
1 97 21.77459
1 98 33.04952
1 99 21.26329
2 3 83.66670
2 4 65.23528
2 5 84.98639
2 6 76.35719
2 7 35.22016
2 8 62.28814
2 9 52.06804
2 10 49.49730
2 11 21.29938
2 12 57.92125
2 13 49.70860
2 14 27.04705
2 15 47.69738
2 16 38.33369
2 17 36.10965
2 18 71.05205
2 19 72.85048
2 20 48.34895
2 21 61.43403
2 22 21.25905
2 23 56.24060
2 24 26.21913
2 25 55.74735
2 26 80.64462
2 27 98.94396
2 28 44.75288
2 29 67.11410
2 30 79.32396
2 31 56.61439
2 32 26.84637
2 33 32.35694
2 34 64.56248
2 35 58.31637
2 36 40.23304
2 37 28.56525
2 38 72.61653
2 39 37.85548
2 40 67.44221
2 41 91.08846
2 42 72.44020
2 43 12.17814
2 44 17.67376
2 45 73.06821
2 46 45.08067
2 47 72.05079
2 48 89.58246
2 49 61.98405
2 50 75.26239
2 51 92.56266
2 52 33.00004
2 53 63.11498
2 54 7.30871
2 55 61.76302
2 56 67.09592
2 57 73.44478
2 58 86.53612
2 59 24.03464
2 60 61.27762
2 61 63.02032
2 62 35.39611
2 63 57.33219
2 64 73.68047
2 65 62.83435
2 66 42.13134
2 67 92.53811
2 68 64.62102
2 69 40.77509
2 70 95.75252
2 71 76.51912
2 72 99.42352
2 73 61.74478
2 74 33.19422
2 75 70.84817
2 76 68.58456
2 77 86.17827
2 78 107.64895
2 79 67.91554
2 80 30.85724
2 81 88.06729
2 82 47.57842
2 83 12.45706
2 84 36.19290
2 85 99.96272
2 86 77.02757
2 87 36.52308
2 88 38.95177
2 89 18.60369
2 90 99.13166
2 91 41.23901
2 92 94.30189
2 93 32.49093
2 94 78.21579
2 95 20.88824
2 96 7.80643
2 97 64.01445
2 98 53.25345
2 99 34.43830
3 4 47.99763
3 5 17.62278
3 6 99.24599
3 7 59.28548
3 8 97.65829
3 9 58.36280
3 10 77.03388
3 11 66.59176
3 12 101.35232
3 13 101.32189
3 14 97.76159
3 15 73.18759
3 16 78.95068
3 17 51.37166
3 18 114.03004
3 19 64.52370
3 20 79.65986
3 21 67.68235
3 22 74.65879
3 23 35.67229
3 24 65.15010
3 25 63.51656
3 26 45.66668
3 27 74.84835
3 28 40.01909
3 29 18.31602
3 30 59.20345
3 31 50.56199
3 32 60.96440
3 33 51.77571
3 34 20.12427
3 35 26.01896
3 36 47.95902
3 37 69.61315
3 38 56.03140
3 39 95.93808
3 40 104.23118
3 41 11.99896
3 42 32.27938
3 43 80.50967
3 44 91.58889
3 45 10.73248
3 46 41.03795
3 47 35.12348
3 48 41.16953
3 49 115.65503
3 50 94.14266
3 51 77.36660
3 52 62.89842
3 53 53.29345
3 54 76.42235
3 55 22.51517
3 56 16.99272
3 57 16.83735
3 58 55.11256
3 59 63.44685
3 60 66.31551
3 61 22.14778
3 62 87.84606
3 63 49.00319
3 64 28.01719
3 65 43.00856
3 66 42.27374
3 67 56.65403
3 68 19.18826
3 69 91.90819
3 70 82.24685
3 71 101.92341
3 72 82.09182
3 73 110.76508
3 74 58.39518
3 75 19.61735
3 76 104.37451
3 77 78.70354
3 78 92.54029
3 79 112.72513
3 80 57.21637
3 81 9.93293
3 82 63.38494
3 83 83.95621
3 84 68.46702
3 85 70.77517
3 86 68.01722
3 87 93.86415
3 88 48.01557
3 89 65.34263
3 90 78.65767
3 91 91.18930
3 92 15.01357
3 93 99.24769
3 94 48.77184
3 95 83.49129
3 96 89.82366
3 97 36.23022
3 98 65.05157
3 99 51.02932
4 5 35.60104
4 6 51.34597
4 7 63.60461
4 8 51.62393
4 9 15.88020
4 10 33.33787
4 11 43.97392
4 12 56.86174
4 13 59.50292
4 14 65.62577
4 15 30.37395
4 16 40.15761
4 17 53.62014
4 18 68.01811
4 19 17.55385
4 20 36.41688
4 21 20.21679
4 22 69.67559
4 23 18.89320
4 24 39.09295
4 25 17.90872
4 26 15.78421
4 27 38.02999
4 28 31.89560
4 29 33.08617
4 30 17.00178
4 31 8.72237
4 32 57.66000
4 33 39.37243
4 34 33.57270
4 35 42.47103
4 36 53.57852
4 37 38.74841
4 38 10.61741
4 39 58.10576
4 40 57.79562
4 41 46.15280
4 42 16.60245
4 43 69.54802
4 44 63.45808
4 45 43.54762
4 46 28.78379
4 47 14.02431
4 48 26.41705
4 49 72.32063
4 50 46.17435
4 51 35.59118
4 52 65.84850
4 53 5.61376
4 54 60.02009
4 55 42.58404
4 56 36.55194
4 57 31.20001
4 58 21.62191
4 59 41.47895
4 60 18.86651
4 61 45.21050
4 62 50.33731
4 63 7.90573
4 64 20.75263
4 65 5.90589
4 66 33.86020
4 67 27.46117
4 68 40.91466
4 69 52.32154
4 70 40.28450
4 71 54.10521
4 72 42.07283
4 73 66.59808
4 74 60.69452
4 75 28.63795
4 76 57.73812
4 77 33.69869
4 78 52.50027
4 79 67.23629
4 80 35.23552
4 81 44.25107
4 82 22.19999
4 83 58.42750
4 84 32.92081
4 85 37.13015
4 86 21.90681
4 87 56.35258
4 88 51.78454
4 89 49.21954
4 90 40.01302
4 91 51.33950
4 92 47.87371
4 93 64.56545
4 94 12.98063
4 95 53.37190
4 96 67.74585
4 97 12.33927
4 98 20.41603
4 99 50.10916
5 6 86.45949
5 7 67.14479
5 8 87.13228
5 9 49.01438
5 10 67.82338
5 11 65.40101
5 12 91.95052
5 13 93.49059
5 14 94.32139
5 15 64.34079
5 16 72.13932
5 17 57.79060
5 18 103.55842
5 19 50.27255
5 20 70.74253
5 21 55.81188
5 22 80.27685
5 23 30.02112
5 24 62.57989
5 25 52.95681
5 26 29.42059
5 27 57.66808
5 28 40.38137
5 29 19.52337
5 30 43.60497
5 31 40.62458
5 32 66.28082
5 33 52.77801
5 34 22.35219
5 35 33.65851
5 36 55.24031
5 37 65.56474
5 38 41.62013
5 39 89.98950
5 40 93.37775
5 41 10.75703
5 42 19.02055
5 43 84.34451
5 44 89.57882
5 45 21.68505
5 46 39.92346
5 47 21.59630
5 48 23.61696
5 49 107.07572
5 50 81.12652
5 51 60.88010
5 52 70.53924
5 53 41.20802
5 54 78.12272
5 55 30.85348
5 56 21.52001
5 57 11.92353
5 58 38.28796
5 59 62.23642
5 60 54.46528
5 61 31.99500
5 62 81.85956
5 63 39.02751
5 64 15.07966
5 65 31.93873
5 66 43.09673
5 67 39.29774
5 68 27.03642
5 69 85.06031
5 70 65.68886
5 71 89.33759
5 72 65.18810
5 73 101.63059
5 74 65.48246
5 75 14.18994
5 76 93.33540
5 77 63.05465
5 78 75.48757
5 79 102.66991
5 80 55.36935
5 81 9.58771
5 82 54.88521
5 83 82.66559
5 84 62.53965
5 85 53.38566
5 86 53.16217
5 87 88.01856
5 88 54.61394
5 89 66.41945
5 90 61.62135
5 91 84.20156
5 92 12.28004
5 93 94.76750
5 94 33.07068
5 95 80.41742
5 96 90.05227
5 97 26.06261
5 98 55.05339
5 99 56.24028
6 7 95.86336
6 8 15.86191
6 9 43.15866
6 10 29.60708
6 11 62.93312
6 12 23.80461
6 13 33.50649
6 14 57.23149
6 15 33.17484
6 16 38.57917
6 17 88.28112
6 18 23.76505
6 19 36.79387
6 20 29.32932
6 21 31.69379
6 22 92.53988
6 23 66.04514
6 24 58.06556
6 25 36.90005
6 26 59.33179
6 27 49.06325
6 28 72.42884
6 29 83.15805
6 30 45.62586
6 31 49.46387
6 32 86.63656
6 33 71.38787
6 34 82.96190
6 35 88.80804
6 36 90.36384
6 37 51.86896
6 38 45.24167
6 39 42.98643
6 40 15.37466
6 41 97.17262
6 42 67.75016
6 43 86.86634
6 44 62.66746
6 45 93.81588
6 46 69.17360
6 47 65.00859
6 48 70.23253
6 49 35.86355
6 50 5.50575
6 51 39.48136
6 52 96.38215
6 53 45.95723
6 54 75.91385
6 55 90.08320
6 56 86.28210
6 57 82.40956
6 58 54.91309
6 59 63.07319
6 60 33.04733
6 61 92.74673
6 62 41.64615
6 63 50.88931
6 64 71.99463
6 65 56.25878
6 66 72.73578
6 67 58.97636
6 68 89.49804
6 69 37.35001
6 70 38.52596
6 71 3.18243
6 72 43.06103
6 73 29.58588
6 74 92.58285
6 75 79.70514
6 76 14.22572
6 77 31.57931
6 78 44.75145
6 79 25.24482
6 80 62.03078
6 81 95.45004
6 82 40.77536
6 83 64.15165
6 84 45.40688
6 85 53.98998
6 86 35.33987
6 87 43.11147
6 88 88.18635
6 89 71.41346
6 90 45.80873
6 91 36.53194
6 92 98.58891
6 93 52.09154
6 94 54.97618
6 95 55.61775
6 96 73.26428
6 97 63.06903
6 98 36.39729
6 99 84.25005
7 8 85.24534
7 9 57.75593
7 10 66.25630
7 11 33.93059
7 12 83.69669
7 13 77.86111
7 14 60.24864
7 15 62.78212
7 16 58.88298
7 17 10.17156
7 18 97.93776
7 19 77.97528
7 20 66.77395
7 21 70.62394
7 22 17.27857
7 23 46.67541
7 24 38.07437
7 25 63.86678
7 26 75.49013
7 27 101.60564
7 28 32.11845
7 29 47.64290
7 30 80.52482
7 31 57.18113
7 32 9.86640
7 33 25.63207
7 34 44.82423
7 35 33.95842
7 36 11.91159
7 37 44.67509
7 38 73.79858
7 39 67.19498
7 40 91.60341
7 41 69.54135
7 42 62.19447
7 43 26.06515
7 44 51.07756
7 45 48.85417
7 46 34.94530
7 47 63.22784
7 48 80.56289
7 49 92.01942
7 50 92.95972
7 51 98.15559
7 52 3.64177
7 53 64.54925
7 54 29.07646
7 55 37.24719
7 56 45.81558
7 57 55.42795
7 58 84.21879
7 59 33.06607
7 60 69.80711
7 61 37.17169
7 62 61.61202
7 63 56.91936
7 64 61.30472
7 65 58.67513
7 66 29.85122
7 67 89.34185
7 68 41.00960
7 69 67.42096
7 70 102.45741
7 71 97.07290
7 72 104.96184
7 73 90.09587
7 74 3.28434
7 75 53.89860
7 76 92.46795
7 77 94.16035
7 78 114.93135
7 79 95.22362
7 80 34.10025
7 81 66.57861
7 82 56.91720
7 83 43.39641
7 84 50.48229
7 85 100.61431
7 86 82.75565
7 87 65.32787
7 88 12.82166
7 89 25.83705
7 90 103.32865
7 91 67.40946
7 92 72.92026
7 93 64.75080
7 94 74.93247
7 95 48.89698
7 96 43.01864
7 97 55.95796
7 98 62.66752
7 99 13.49871
8 9 39.32891
8 10 21.35520
8 11 51.43670
8 12 8.45750
8 13 17.72633
8 14 41.58160
8 15 25.41045
8 16 26.38664
8 17 78.69036
8 18 16.44457
8 19 41.34201
8 20 19.51919
8 21 31.66191
8 22 79.88784
8 23 62.54495
8 24 47.21732
8 25 34.31936
8 26 63.07499
8 27 59.88494
8 28 65.81258
8 29 80.28982
8 30 51.12509
8 31 47.16761
8 32 75.63046
8 33 62.29620
8 34 79.56093
8 35 83.37804
8 36 81.28778
8 37 40.57051
8 38 48.58336
8 39 27.29405
8 40 6.80227
8 41 97.51925
8 42 68.11802
8 43 73.38852
8 44 47.55680
8 45 90.78288
8 46 62.83681
8 47 65.63295
8 48 74.59498
8 49 23.22736
8 50 17.76460
8 51 50.44408
8 52 85.30023
8 53 46.01545
8 54 62.69888
8 55 85.19775
8 56 83.00603
8 57 81.05197
8 58 61.04706
8 59 52.19714
8 60 32.94639
8 61 87.77367
8 62 26.95290
8 63 48.75223
8 64 72.10792
8 65 55.36265
8 66 65.54778
8 67 66.07329
8 68 85.27927
8 69 22.06758
8 70 50.68633
8 71 14.91501
8 72 55.29561
8 73 16.74028
8 74 82.01486
8 75 78.12206
8 76 7.36817
8 77 42.14299
8 78 58.80091
8 79 15.68821
8 80 52.63526
8 81 95.40813
8 82 34.91652
8 83 49.87840
8 84 35.48273
8 85 64.08793
8 86 41.71794
8 87 27.58950
8 88 79.11089
8 89 59.83388
8 90 57.36834
8 91 21.37456
8 92 99.41106
8 93 36.31252
8 94 58.68781
8 95 41.40021
8 96 58.50884
8 97 61.82239
8 98 32.60928
8 99 74.74655
9 10 18.88624
9 11 31.48957
9 12 43.19723
9 13 44.54021
9 14 49.86064
9 15 15.32676
9 16 24.31435
9 17 48.64735
9 18 55.67003
9 19 21.32278
9 20 21.74205
9 21 13.11457
9 22 60.12342
9 23 23.34102
9 24 26.07729
9 25 6.52549
9 26 31.35890
9 27 47.12281
9 28 29.85221
9 29 41.00496
9 30 27.28642
9 31 8.42043
9 32 50.03209
9 33 32.12853
9 34 40.41152
9 35 45.65164
9 36 49.81986
9 37 24.10193
9 38 20.70648
9 39 42.31823
9 40 45.96825
9 41 58.97410
9 42 30.44404
9 43 58.19175
9 44 48.21692
9 45 51.56141
9 46 26.48991
9 47 28.42135
9 48 42.28468
9 49 58.08953
9 50 38.81457
9 51 41.67596
9 52 59.26026
9 53 11.78123
9 54 47.79788
9 55 46.96000
9 56 43.82872
9 57 41.87489
9 58 35.15473
9 59 29.64832
9 60 12.14719
9 61 49.61550
9 62 34.48235
9 63 10.00164
9 64 33.98865
9 65 17.27615
9 66 30.63870
9 67 41.24311
9 68 46.55253
9 69 36.70837
9 70 45.52689
9 71 45.37414
9 72 48.61899
9 73 52.78272
9 74 54.55987
9 75 38.90117
9 76 46.18681
9 77 36.67500
9 78 57.93723
9 79 54.38701
9 80 24.85945
9 81 56.65950
9 82 6.32926
9 83 43.86457
9 84 17.46557
9 85 47.90059
9 86 25.89093
9 87 40.52913
9 88 47.73489
9 89 38.30936
9 90 47.75443
9 91 35.76251
9 92 61.16308
9 93 48.68773
9 94 27.91352
9 95 38.07651
9 96 53.55723
9 97 23.03229
9 98 6.88662
9 99 44.69784
10 11 33.63001
10 12 24.34399
10 13 26.18149
10 14 37.70537
10 15 4.05581
10 16 11.72449
10 17 58.79747
10 18 37.28262
10 19 29.20904
10 20 3.13224
10 21 16.54713
10 22 63.62836
10 23 41.56106
10 24 28.56925
10 25 15.48845
10 26 47.26082
10 27 53.78454
10 28 44.53730
10 29 59.33628
10 30 38.49068
10 31 27.20805
10 32 57.06121
10 33 41.99807
10 34 58.46075
10 35 62.02409
10 36 61.04374
10 37 22.67090
10 38 33.71363
10 39 26.62260
10 40 28.15395
10 41 77.85352
10 42 49.06613
10 43 58.84206
10 44 39.45888
10 45 69.71918
10 46 41.51550
10 47 46.86044
10 48 58.77701
10 49 39.25432
10 50 26.98906
10 51 45.75031
10 52 66.80387
10 53 28.03916
10 54 47.76664
10 55 63.85246
10 56 61.91848
10 57 60.68979
10 58 48.11743
10 59 33.54749
10 60 17.29122
10 61 66.42297
10 62 20.21414
10 63 28.80941
10 64 52.75986
10 65 35.92537
10 66 44.39430
10 67 53.94444
10 68 63.99682
10 69 20.13662
10 70 48.04259
10 71 30.91142
10 72 52.19640
10 73 33.89743
10 74 62.97590
10 75 57.69287
10 76 28.60644
10 77 38.30548
10 78 59.19579
10 79 35.75116
10 80 32.51264
10 81 75.54566
10 82 13.72718
10 83 38.25283
10 84 15.82365
10 85 56.40900
10 86 31.90689
10 87 25.29543
10 88 58.86049
10 89 42.05932
10 90 52.80430
10 91 19.05989
10 92 80.01008
10 93 34.74440
10 94 43.16698
10 95 30.22882
10 96 48.14904
10 97 41.90777
10 98 12.93918
10 99 54.77934
11 12 49.79649
11 13 44.45293
11 14 31.91769
11 15 30.70889
11 16 25.05169
11 17 28.63872
11 18 64.06861
11 19 52.70200
11 20 33.60385
11 21 42.21682
11 22 30.15362
11 23 35.80329
11 24 5.54482
11 25 35.97006
11 26 59.34529
11 27 78.61210
11 28 26.57267
11 29 48.89274
11 30 58.50061
11 31 35.40064
11 32 24.21392
11 33 15.68354
11 34 46.63742
11 35 43.22077
11 36 31.99876
11 37 11.06769
11 38 51.70065
11 39 34.67669
11 40 57.71268
11 41 72.52891
11 42 51.56868
11 43 26.80850
11 44 25.00919
11 45 56.49919
11 46 25.89479
11 47 51.00581
11 48 68.38422
11 49 59.00556
11 50 60.61439
11 51 72.86201
11 52 33.86356
11 53 42.08632
11 54 16.32137
11 55 46.33155
11 56 49.60850
11 57 54.34393
11 58 65.37344
11 59 3.18538
11 60 41.82475
11 61 48.18781
11 62 28.16078
11 63 36.06819
11 64 53.13245
11 65 41.55498
11 66 24.40427
11 67 71.34318
11 68 48.42673
11 69 33.87156
11 70 76.41537
11 71 63.85333
11 72 79.79379
11 73 56.53773
11 74 30.75349
11 75 51.53720
11 76 58.60276
11 77 67.10714
11 78 88.63157
11 79 61.41702
11 80 10.06691
11 81 69.58427
11 82 27.85502
11 83 17.44258
11 84 18.05130
11 85 79.26668
11 86 57.11633
11 87 32.65204
11 88 29.97081
11 89 8.48537
11 90 79.14942
11 91 33.75252
11 92 75.58711
11 93 34.67076
11 94 56.95048
11 95 17.91555
11 96 24.88600
11 97 43.03177
11 98 33.81990
11 99 25.08803
12 13 9.93571
12 14 35.07608
12 15 28.16741
12 16 25.48025
12 17 77.97685
12 18 14.31475
12 19 48.31785
12 20 21.70812
12 21 37.58346
12 22 76.72776
12 23 65.79610
12 24 46.25527
12 25 39.05544
12 26 69.36972
12 27 68.04279
12 28 67.26786
12 29 83.55105
12 30 58.15780
12 31 51.43417
12 32 73.90341
12 33 62.22530
12 34 82.56217
12 35 85.23214
12 36 80.89855
12 37 39.50547
12 38 55.01141
12 39 20.97494
12 40 10.06336
12 41 102.10078
12 42 73.05063
12 43 69.51490
12 44 42.03113
12 45 93.83303
12 46 64.52414
12 47 70.71342
12 48 80.96142
12 49 15.78945
12 50 26.17800
12 51 58.66922
12 52 83.39457
12 53 51.33106
12 54 59.23070
12 55 87.33280
12 56 86.02469
12 57 85.03340
12 58 68.11973
12 59 51.04995
12 60 38.76742
12 61 89.82844
12 62 22.82965
12 63 53.03780
12 64 76.87086
12 65 60.01224
12 66 66.65900
12 67 73.36372
12 68 87.77570
12 69 17.18278
12 70 59.05516
12 71 22.30915
12 72 63.65978
12 73 9.74137
12 74 80.54192
12 75 82.03676
12 76 11.35870
12 77 50.36727
12 78 67.25730
12 79 11.96638
12 80 52.60366
12 81 99.83614
12 82 37.97323
12 83 45.47862
12 84 35.82524
12 85 72.09646
12 86 49.15904
12 87 21.76522
12 88 78.75190
12 89 57.91302
12 90 65.64632
12 91 16.84182
12 92 104.18374
12 93 29.46723
12 94 65.03958
12 95 37.28738
12 96 53.34755
12 97 66.16882
12 98 36.90041
12 99 74.15300
13 14 25.48748
13 15 29.26459
13 16 22.62449
13 17 73.07289
13 18 21.36300
13 19 53.62940
13 20 23.08692
13 21 41.76585
13 22 69.39941
13 23 65.67977
13 24 41.78200
13 25 41.66857
13 26 73.27664
13 27 75.35400
13 28 64.96174
13 29 83.15925
13 30 63.37447
13 31 52.96059
13 32 67.99594
13 33 58.28454
13 34 81.86026
13 35 83.11283
13 36 76.30527
13 37 35.22334
13 38 59.35683
13 39 11.90782
13 40 19.90815
13 41 103.23019
13 42 74.97471
13 43 61.61149
13 44 33.06130
13 45 93.06148
13 46 62.54688
13 47 72.87402
13 48 84.84145
13 49 14.86185
13 50 35.36396
13 51 66.22848
13 52 77.20426
13 53 54.21944
13 54 51.81505
13 55 85.52096
13 56 85.30066
13 57 85.53848
13 58 73.26786
13 59 46.20687
13 60 42.76629
13 61 87.89269
13 62 16.30274
13 63 54.53918
13 64 78.51116
13 65 61.80153
13 66 63.96580
13 67 78.83159
13 68 86.39230
13 69 10.61263
13 70 67.09337
13 71 32.18077
13 72 71.65555
13 73 12.29951
13 74 74.81590
13 75 82.49304
13 76 21.22355
13 77 57.99274
13 78 76.00999
13 79 18.20698
13 80 48.95780
13 81 100.77827
13 82 38.61248
13 83 37.43019
13 84 33.40857
13 85 79.00805
13 86 55.20373
13 87 13.20707
13 88 74.21806
13 89 52.06528
13 90 73.32173
13 91 10.89734
13 92 105.55638
13 93 19.73570
13 94 69.09444
13 95 29.74879
13 96 44.52834
13 97 67.43422
13 98 39.08726
13 99 69.42892
14 15 38.22101
14 16 26.72578
14 17 58.27462
14 18 46.36723
14 19 66.46480
14 20 35.15459
14 21 53.72416
14 22 48.18786
14 23 64.35134
14 24 32.61294
14 25 50.36795
14 26 81.21954
14 27 91.48856
14 28 57.98607
14 29 79.65650
14 30 75.15231
14 31 57.27789
14 32 50.76240
14 33 47.59665
14 34 77.64435
14 35 75.11553
14 36 62.14067
14 37 28.75758
14 38 69.46354
14 39 14.29034
14 40 45.13485
14 41 102.55950
14 42 77.92997
14 43 39.19699
14 44 9.41991
14 45 87.99281
14 46 56.72453
14 47 76.57885
14 48 92.01477
14 49 35.60940
14 50 57.79440
14 51 83.36283
14 52 58.67518
14 53 61.54444
14 54 31.44751
14 55 78.17853
14 56 80.80153
14 57 84.18278
14 58 84.21188
14 59 34.85129
14 60 54.18223
14 61 80.08553
14 62 17.59249
14 63 58.57209
14 64 80.49752
14 65 65.63125
14 66 56.05494
14 67 90.24511
14 68 80.11455
14 69 20.12461
14 70 85.37624
14 71 56.49644
14 72 89.66332
14 73 36.44632
14 74 57.65956
14 75 81.20938
14 76 46.41858
14 77 75.69413
14 78 95.91706
14 79 43.07339
14 80 40.59091
14 81 99.73533
14 82 43.67996
14 83 16.87719
14 84 32.83472
14 85 93.99325
14 86 69.51847
14 87 14.17893
14 88 60.35486
14 89 36.58281
14 90 90.45310
14 91 21.08049
14 92 105.41157
14 93 5.92455
14 94 77.69606
14 95 14.27856
14 96 20.37394
14 97 69.40051
14 98 47.42297
14 99 55.39694
15 16 11.51999
15 17 55.11073
15 18 41.28973
15 19 28.24451
15 20 6.48204
15 21 15.51580
15 22 60.84178
15 23 37.64227
15 24 25.46116
15 25 12.89970
15 26 44.84043
15 27 53.59142
15 28 40.49838
15 29 55.40985
15 30 37.07767
15 31 23.73396
15 32 53.72498
15 33 38.24333
15 34 54.49076
15 35 57.96834
15 36 57.26202
15 37 19.99171
15 38 31.80391
15 39 28.30701
15 40 32.20961
15 41 74.25849
15 42 45.72118
15 43 56.50786
15 44 38.99346
15 45 65.75537
15 46 37.46557
15 47 43.60992
15 48 56.24679
15 49 42.79301
15 50 30.20705
15 51 46.01249
15 52 63.45095
15 53 25.28395
15 54 45.45066
15 55 59.80281
15 56 57.95076
15 57 56.93292
15 58 46.43917
15 59 30.36187
15 60 15.96779
15 61 62.37092
15 62 21.17453
15 63 25.32341
15 64 49.31253
15 65 32.54922
15 66 40.38802
15 67 52.38130
15 68 59.96887
15 69 22.14459
15 70 48.66856
15 71 34.63734
15 72 52.64921
15 73 37.61708
15 74 59.49819
15 75 53.92150
15 76 32.66011
15 77 38.95332
15 78 60.20460
15 79 39.69865
15 80 28.85701
15 81 71.90274
15 82 9.80608
15 83 36.96594
15 84 12.67131
15 85 55.83440
15 86 31.44119
15 87 26.76419
15 88 55.08053
15 89 39.03909
15 90 52.94947
15 91 21.11961
15 92 76.47975
15 93 35.83403
15 94 40.88140
15 95 29.33569
15 96 46.95550
15 97 38.33728
15 98 10.07446
15 99 51.08204
16 17 52.64100
16 18 39.76436
16 19 39.75606
16 20 10.06282
16 21 27.03564
16 22 54.02558
16 23 43.44136
16 24 20.95761
16 25 23.80333
16 26 55.32293
16 27 65.04806
16 28 42.43304
16 29 60.70996
16 30 48.45615
16 31 32.44348
16 32 49.24514
16 33 36.74521
16 34 59.32555
16 35 60.56618
16 36 55.46622
16 37 14.23903
16 38 42.92069
16 39 18.04732
16 40 32.73111
16 41 81.48714
16 42 54.24130
16 43 48.35527
16 44 27.76301
16 45 70.49347
16 46 39.94657
16 47 52.45021
16 48 66.48947
16 49 37.37975
16 50 37.02417
16 51 57.28032
16 52 58.91453
16 53 35.55721
16 54 37.35733
16 55 62.92162
16 56 62.75402
16 57 63.49469
16 58 57.64401
16 59 25.88240
16 60 27.46130
16 61 65.31396
16 62 10.18377
16 63 33.92006
16 64 57.42657
16 65 41.24832
16 66 41.56931
16 67 63.64190
16 68 63.76796
16 69 13.00500
16 70 59.70857
16 71 39.18130
16 72 63.81115
16 73 33.49683
16 74 55.66373
16 75 60.44049
16 76 33.58499
16 77 49.96910
16 78 70.92007
16 79 37.40688
16 80 27.13311
16 81 78.92004
16 82 17.98736
16 83 26.71442
16 84 10.79471
16 85 67.35263
16 86 42.93792
16 87 16.21919
16 88 53.31107
16 89 33.46811
16 90 64.28133
16 91 12.24327
16 92 83.97985
16 93 24.65505
16 94 51.56631
16 95 18.54249
16 96 36.52568
16 97 46.18398
16 98 20.85852
16 99 48.76868
17 18 92.29140
17 19 68.39292
17 20 59.66047
17 21 61.67524
17 22 23.28776
17 23 36.50702
17 24 31.72437
17 25 54.92828
17 26 65.32258
17 27 91.64725
17 28 21.97678
17 29 38.27618
17 30 70.58361
17 31 47.46906
17 32 9.93274
17 33 16.95586
17 34 35.44620
17 35 25.44124
17 36 4.12493
17 37 38.47533
17 38 63.90948
17 39 63.18904
17 40 85.24442
17 41 60.96124
17 42 52.06951
17 43 29.88922
17 44 49.65128
17 45 40.70593
17 46 24.87577
17 47 53.06874
17 48 70.45880
17 49 87.64278
17 50 85.04473
17 51 88.43847
17 52 13.06799
17 53 54.78994
17 54 29.03790
17 55 28.90061
17 56 36.78517
17 57 45.94984
17 58 74.09098
17 59 26.96884
17 60 60.78092
17 61 29.32454
17 62 56.79320
17 63 47.12014
17 64 51.28034
17 65 48.59633
17 66 19.78041
17 67 79.18409
17 68 32.48123
17 69 62.47505
17 70 92.81617
17 71 89.70630
17 72 95.19978
17 73 85.09592
17 74 7.80393
17 75 44.24092
17 76 86.01595
17 77 84.71689
17 78 105.27479
17 79 89.76360
17 80 26.28568
17 81 57.94929
17 82 48.41400
17 83 41.57491
17 84 43.32220
17 85 90.55153
17 86 73.18105
17 87 61.19950
17 88 3.35661
17 89 21.82773
17 90 93.46771
17 91 62.31431
17 92 64.33709
17 93 62.09775
17 94 64.80272
17 95 45.51811
17 96 43.55784
17 97 45.78756
17 98 53.96550
17 99 4.03864
18 19 56.85445
18 20 35.03004
18 21 47.95192
18 22 90.47504
18 23 78.77357
18 24 60.57001
18 25 50.76176
18 26 79.00786
18 27 72.59304
18 28 81.18466
18 29 96.54335
18 30 66.46792
18 31 63.58860
18 32 88.12443
18 33 76.49856
18 34 95.72899
18 35 99.01758
18 36 95.20746
18 37 53.82012
18 38 64.50082
18 39 33.26679
18 40 10.40167
18 41 113.96063
18 42 84.54033
18 43 82.89883
18 44 54.36528
18 45 106.97845
18 46 78.34681
18 47 82.03684
18 48 90.43364
18 49 14.28162
18 50 28.43774
18 51 62.99702
18 52 97.56598
18 53 62.40548
18 54 72.90770
18 55 100.99285
18 56 99.18378
18 57 97.46257
18 58 76.25712
18 59 65.35984
18 60 49.26012
18 61 103.52923
18 62 36.67008
18 63 65.17678
18 64 88.54412
18 65 71.80710
18 66 80.68969
18 67 80.93805
18 68 101.25022
18 69 30.87025
18 70 62.26488
18 71 20.88536
18 72 66.81444
18 73 10.14810
18 74 94.79750
18 75 94.52170
18 76 10.81515
18 77 54.90185
18 78 68.20160
18 79 3.32964
18 80 66.86038
18 81 111.85268
18 82 50.99506
18 83 58.72534
18 84 49.96730
18 85 77.32553
18 86 56.61719
18 87 34.52918
18 88 93.05880
18 89 72.12531
18 90 69.48689
18 91 30.70996
18 92 115.83818
18 93 40.46490
18 94 74.60115
18 95 50.83403
18 96 65.85283
18 97 78.25983
18 98 49.00808
18 99 88.46697
19 20 32.15868
19 21 12.75417
19 22 81.38817
19 23 36.04355
19 24 47.22293
19 25 17.16370
19 26 22.55918
19 27 26.10823
19 28 47.60386
19 29 50.53814
19 30 9.84069
19 31 21.01376
19 32 70.83854
19 33 52.59552
19 34 51.11235
19 35 59.84593
19 36 68.96026
19 37 44.37290
19 38 8.65246
19 39 55.81294
19 40 46.46690
19 41 61.02945
19 42 32.27246
19 43 79.46940
19 44 66.78859
19 45 60.88300
19 46 44.27417
19 47 29.43301
19 48 33.70024
19 49 64.08439
19 50 31.32373
19 51 20.41268
19 52 79.77974
19 53 14.01912
19 54 68.95794
19 55 60.09062
19 56 54.04648
19 57 47.98290
19 58 19.80328
19 59 50.95758
19 60 12.31151
19 61 62.72867
19 62 49.25949
19 63 21.61177
19 64 36.56044
19 65 23.42252
19 66 49.12592
19 67 25.20769
19 68 58.46841
19 69 49.25370
19 70 24.50300
19 71 39.83599
19 72 27.34322
19 73 57.78857
19 74 74.87205
19 75 45.65142
19 76 46.07381
19 77 16.55509
19 78 36.98007
19 79 56.81010
19 80 46.07011
19 81 59.56219
19 82 25.28225
19 83 63.65186
19 84 36.95060
19 85 27.70897
19 86 4.78854
19 87 54.50360
19 88 67.00633
19 89 59.63085
19 90 26.45128
19 91 48.16373
19 92 62.19795
19 93 63.88632
19 94 18.18659
19 95 56.81741
19 96 73.58764
19 97 29.82536
19 98 19.85728
19 99 64.60131
20 21 19.56827
20 22 63.32659
20 23 44.08802
20 24 28.79696
20 25 18.59905
20 26 50.39301
20 27 56.42478
20 28 46.33267
20 29 61.84548
20 30 41.52305
20 31 30.11835
20 32 57.41070
20 33 43.02749
20 34 60.88401
20 35 64.02719
20 36 62.07500
20 37 22.54006
20 38 36.82358
20 39 23.65781
20 40 26.30218
20 41 80.70769
20 42 52.04439
20 43 58.11520
20 44 37.42907
20 45 72.15334
20 46 43.40492
20 47 49.87233
20 48 61.90773
20 49 36.34764
20 50 27.26314
20 51 48.20838
20 52 67.15366
20 53 31.14673
20 54 47.06247
20 55 65.96508
20 56 64.34585
20 57 63.41462
20 58 51.18889
20 59 33.81755
20 60 20.35756
20 61 68.50743
20 62 17.57643
20 63 31.71504
20 64 55.69421
20 65 38.88590
20 66 46.03037
20 67 56.99295
20 68 66.24234
20 69 17.10733
20 70 50.31274
20 71 30.32728
20 72 54.54578
20 73 31.13504
20 74 63.50493
20 75 60.40353
20 76 26.86921
20 77 40.59770
20 78 61.22214
20 79 33.32705
20 80 33.42204
20 81 78.36642
20 82 16.27503
20 83 36.77369
20 84 16.35511
20 85 59.18950
20 86 34.70131
20 87 22.40651
20 88 59.89231
20 89 42.08496
20 90 55.30039
20 91 16.02240
20 92 82.90429
20 93 31.95711
20 94 46.29782
20 95 28.53963
20 96 46.55364
20 97 44.77254
20 98 16.00280
20 99 55.66926
21 22 71.87354
21 23 34.57845
21 24 36.67222
21 25 6.75842
21 26 31.80547
21 27 38.23907
21 28 42.83460
21 29 51.47620
21 30 21.95483
21 31 17.88676
21 32 62.58589
21 33 45.00486
21 34 51.34726
21 35 57.90267
21 36 62.92184
21 37 32.88403
21 38 17.60909
21 39 43.16811
21 40 37.65883
21 41 66.36641
21 42 36.81900
21 43 68.96456
21 44 54.29656
21 45 62.13280
21 46 39.45174
21 47 34.21994
21 48 43.40514
21 49 53.31760
21 50 26.84029
21 51 31.16680
21 52 71.97977
21 53 14.62991
21 54 58.15153
21 55 58.88723
21 56 54.63671
21 57 50.85228
21 58 31.66662
21 59 40.92914
21 60 1.36785
21 61 61.56524
21 62 36.50977
21 63 19.25256
21 64 40.94679
21 65 24.68130
21 66 43.72183
21 67 37.43051
21 68 58.05268
21 69 36.67023
21 70 34.35050
21 71 34.27334
21 72 37.99642
21 73 47.28844
21 74 67.39906
21 75 48.09189
21 76 37.55840
21 77 24.90639
21 78 46.44191
21 79 47.34436
21 80 37.09957
21 81 64.42998
21 82 14.40393
21 83 51.59576
21 84 25.24244
21 85 40.32594
21 86 16.02606
21 87 41.80974
21 88 60.82934
21 89 49.80788
21 90 37.89721
21 91 35.58806
21 92 68.07874
21 93 51.14519
21 94 27.50801
21 95 44.43308
21 96 61.58893
21 97 31.45476
21 98 8.40289
21 99 57.70192
22 23 55.57149
22 24 35.55705
22 25 65.36695
22 26 83.52101
22 27 106.65234
22 28 41.32579
22 29 60.91952
22 30 85.82617
22 31 61.94540
22 32 14.00208
22 33 30.56646
22 34 58.11036
22 35 48.70071
22 36 26.86324
22 37 40.95924
22 38 78.92526
22 39 57.83757
22 40 85.67028
22 41 84.08900
22 42 72.06769
22 43 9.76099
22 44 38.76992
22 45 63.98461
22 46 43.20176
22 47 72.51489
22 48 90.37852
22 49 82.48807
22 50 90.53880
22 51 101.78546
22 52 14.00876
22 53 69.24015
22 54 17.58459
22 55 52.17505
22 56 59.75958
22 57 68.35513
22 58 91.19660
22 59 30.98408
22 60 71.34530
22 61 52.59888
22 62 53.90551
22 63 62.12944
22 64 72.06487
22 65 65.70115
22 66 38.60926
22 67 96.81244
22 68 55.71241
22 69 59.64276
22 70 105.63290
22 71 93.20665
22 72 108.72490
22 73 81.65196
22 74 16.81828
22 75 66.34573
22 76 86.70357
22 77 96.58750
22 78 118.00425
22 79 87.47721
22 80 35.32552
22 81 81.06156
22 82 57.48186
22 83 32.28074
22 84 48.20076
22 85 106.56090
22 86 86.00880
22 87 56.25484
22 88 26.64427
22 89 22.08719
22 90 107.69320
22 91 59.89749
22 92 87.45582
22 93 53.43976
22 94 82.11830
22 95 39.66533
22 96 28.76625
22 97 64.63312
22 98 63.49090
22 99 24.08852
23 24 32.62893
23 25 29.21056
23 26 28.81572
23 27 56.19778
23 28 14.64464
23 29 17.77594
23 30 35.54824
23 31 16.70138
23 32 42.30620
23 33 25.36820
23 34 17.07086
23 35 23.85569
23 36 35.79363
23 37 35.60021
23 38 29.48716
23 39 60.82584
23 40 69.23818
23 41 38.40560
23 42 16.60511
23 43 57.55383
23 44 59.59455
23 45 28.24291
23 46 12.37123
23 47 16.95272
23 48 34.80868
23 49 79.98301
23 50 61.37439
23 51 54.43808
23 52 49.34252
23 53 22.20088
23 54 49.80106
23 55 24.43144
23 56 20.49005
23 57 20.14326
23 58 37.76336
23 59 32.69859
23 60 33.27998
23 61 27.10871
23 62 52.68120
23 63 15.42644
23 64 17.43996
23 65 13.10808
23 66 17.17392
23 67 42.70197
23 68 23.47855
23 69 56.44055
23 70 59.16307
23 71 68.42681
23 72 60.81746
23 73 75.13765
23 74 44.05189
23 75 17.09849
23 76 69.49259
23 77 52.46055
23 78 71.31980
23 79 77.31210
23 80 25.74143
23 81 35.69970
23 82 27.84327
23 83 52.83564
23 84 33.20891
23 85 54.52825
23 86 40.60476
23 87 58.79204
23 88 34.21382
23 89 38.08771
23 90 58.55100
23 91 55.68075
23 92 41.13662
23 93 65.01463
23 94 28.49579
23 95 50.39913
23 96 60.66496
23 97 9.29250
23 98 30.21463
23 99 33.46093
24 25 30.43624
24 26 54.64466
24 27 73.18110
24 28 25.46938
24 29 47.08574
24 30 53.20950
24 31 30.42939
24 32 28.61778
24 33 16.58061
24 34 45.03675
24 35 43.07849
24 36 34.69073
24 37 6.75096
24 38 46.45223
24 39 32.99829
24 40 53.66259
24 41 70.27593
24 42 47.76449
24 43 32.33940
24 44 27.00723
24 45 55.42181
24 46 24.11222
24 47 46.98153
24 48 64.05082
24 49 56.56088
24 50 55.54227
24 51 67.34378
24 52 38.35830
24 53 36.90650
24 54 21.73884
24 55 45.96281
24 56 48.18906
24 57 51.93551
24 58 60.31880
24 59 5.02345
24 60 36.28161
24 61 48.03300
24 62 25.74506
24 63 31.20747
24 64 49.65356
24 65 37.07501
24 66 23.72563
24 67 66.32730
24 68 47.66633
24 69 31.18428
24 70 70.87760
24 71 59.12351
24 72 74.27245
24 73 53.58444
24 74 34.82575
24 75 49.02607
24 76 54.48484
24 77 61.56254
24 78 83.08768
24 79 58.06911
24 80 8.04558
24 81 67.39542
24 82 22.31218
24 83 20.29920
24 84 12.79999
24 85 73.93415
24 86 51.60999
24 87 30.90504
24 88 32.56392
24 89 13.58900
24 90 73.66197
24 91 30.90519
24 92 73.22722
24 93 34.46094
24 94 52.06762
24 95 18.34153
24 96 28.88833
24 97 39.14647
24 98 28.27509
24 99 27.90398
25 26 31.94739
25 27 43.26583
25 28 36.37755
25 29 46.61850
25 30 24.89199
25 31 12.96132
25 32 55.86874
25 33 38.24650
25 34 46.22671
25 35 51.99870
25 36 56.21611
25 37 27.22552
25 38 19.12058
25 39 41.17690
25 40 40.77349
25 41 63.24439
25 42 34.00669
25 43 62.77552
25 44 49.93796
25 45 57.24945
25 46 33.01389
25 47 31.65954
25 48 43.38720
25 49 54.42952
25 50 32.41848
25 51 36.93851
25 52 65.23747
25 53 12.55091
25 54 52.08817
25 55 53.19220
25 56 49.59889
25 57 46.80925
25 58 33.85715
25 59 34.50647
25 60 6.01019
25 61 55.85920
25 62 33.83749
25 63 14.51337
25 64 37.88773
25 65 21.06948
25 66 37.14701
25 67 39.87860
25 68 52.61812
25 69 35.04214
25 70 40.44830
25 71 39.22509
25 72 43.85486
25 73 48.77467
25 74 60.64345
25 75 43.91869
25 76 40.87445
25 77 31.23153
25 78 52.71051
25 79 49.74276
25 80 30.42229
25 81 61.09770
25 82 8.18650
25 83 46.51747
25 84 19.79057
25 85 44.71857
25 86 21.28776
25 87 39.58544
25 88 54.11518
25 89 43.34678
25 90 43.39448
25 91 34.01254
25 92 65.21797
25 93 48.43897
25 94 27.98486
25 95 39.87683
25 96 56.43591
25 97 27.50995
25 98 2.94780
25 99 50.95052
26 27 29.98763
26 28 43.41047
26 29 35.99823
26 30 14.40158
26 31 24.47790
26 32 70.74416
26 33 52.95457
26 34 37.63313
26 35 48.92852
26 36 64.51636
26 37 54.52755
26 38 14.50897
26 39 73.04410
26 40 68.60781
26 41 39.97058
26 42 15.40963
26 43 84.24633
26 44 79.23623
26 45 44.82002
26 46 40.82685
26 47 13.21921
26 48 11.60098
26 49 85.11994
26 50 53.84743
26 51 31.70063
26 52 78.12291
26 53 19.76869
26 54 75.14698
26 55 47.91738
26 56 39.63081
26 57 30.77065
26 58 9.98665
26 59 56.70377
26 60 30.67110
26 61 50.24002
26 62 65.49057
26 63 23.50193
26 64 18.80777
26 65 18.00555
26 66 45.83106
26 67 13.97886
26 68 45.18002
26 69 66.98489
26 70 36.58106
26 71 62.38837
26 72 36.61161
26 73 79.05099
26 74 72.84200
26 75 29.40774
26 76 68.30743
26 77 33.67215
26 78 47.19825
26 79 78.72466
26 80 50.17748
26 81 38.99987
26 82 37.57955
26 83 74.17767
26 84 48.64005
26 85 26.97307
26 86 24.47437
26 87 71.38643
26 88 62.99664
26 89 64.00343
26 90 33.39589
26 91 65.95863
26 92 40.65658
26 93 79.91332
26 94 4.41091
26 95 69.14136
26 96 83.41869
26 97 19.54899
26 98 34.78013
26 99 62.22664
27 28 69.88983
27 29 65.92347
27 30 21.08526
27 31 44.83487
27 32 95.32126
27 33 76.94955
27 34 67.43281
27 35 78.31549
27 36 91.56729
27 37 70.48113
27 38 27.89033
27 39 79.73685
27 40 63.01979
27 41 67.41609
27 42 45.31333
27 43 105.28174
27 44 92.52419
27 45 74.77347
27 46 66.81065
27 47 42.90764
27 48 34.43150
27 49 82.99990
27 50 44.15560
27 51 9.59628
27 52 103.77277
27 53 37.46235
27 54 94.91476
27 55 77.59006
27 56 69.56802
27 57 60.69819
27 58 20.03326
27 59 76.71351
27 60 38.09509
27 61 79.99445
27 62 73.97462
27 63 44.85880
27 64 48.79154
27 65 43.28594
27 66 71.88997
27 67 18.50577
27 68 75.02286
27 69 73.04232
27 70 11.60467
27 71 52.16082
27 72 8.54770
27 73 76.47953
27 74 98.66078
27 75 59.39535
27 76 62.18360
27 77 17.79478
27 78 17.90578
27 79 73.59255
27 80 71.40732
27 81 67.09702
27 82 51.38879
27 83 89.69439
27 84 63.04013
27 85 5.72947
27 86 22.21511
27 87 78.69575
27 88 89.79932
27 89 85.22524
27 90 4.51767
27 91 71.94706
27 92 67.26361
27 93 88.34831
27 94 28.35493
27 95 82.66949
27 96 99.65261
27 97 47.63826
27 98 45.91004
27 99 88.10694
28 29 22.51604
28 30 48.89732
28 31 26.63330
28 32 27.79335
28 33 12.41811
28 34 20.13128
28 35 18.15297
28 36 21.68336
28 37 30.72002
28 38 42.36595
28 39 57.71985
28 40 72.61125
28 41 46.42353
28 42 30.82263
28 43 44.22083
28 44 51.57314
28 45 30.01636
28 46 3.39340
28 47 31.49269
28 48 49.21861
28 49 79.78503
28 50 68.41043
28 51 67.18743
28 52 34.71376
28 53 33.67071
28 54 37.78210
28 55 20.71392
28 56 23.03841
28 57 28.71065
28 58 52.11480
28 59 23.43084
28 60 41.73645
28 61 22.97835
28 62 49.92091
28 63 26.00158
28 64 30.75607
28 65 26.68204
28 66 2.76434
28 67 57.22857
28 68 22.20264
28 69 54.73809
28 70 71.71934
28 71 74.37051
28 72 73.82824
28 73 75.84485
28 74 29.43163
28 75 26.19420
28 76 73.11988
28 77 64.13581
28 78 84.10136
28 79 79.20215
28 80 17.42867
28 81 43.42351
28 82 31.71030
28 83 43.95614
28 84 31.66439
28 85 68.62981
28 86 52.36536
28 87 55.61116
28 88 19.91912
28 89 26.14918
28 90 71.89451
28 91 54.21149
28 92 49.59655
28 93 59.91047
28 94 42.82632
28 95 43.71449
28 96 50.28453
28 97 23.93258
28 98 36.22051
28 99 18.82203
29 30 47.29630
29 31 33.74881
29 32 46.91829
29 33 34.78272
29 34 2.83003
29 35 14.70477
29 36 35.73313
29 37 51.35061
29 38 42.65036
29 39 77.62308
29 40 86.96250
29 41 23.97581
29 42 20.61134
29 43 65.43873
29 44 73.78472
29 45 10.65790
29 46 23.05258
29 47 23.07228
29 48 36.33406
29 49 97.59473
29 50 78.29051
29 51 66.38952
29 52 51.02146
29 53 37.78247
29 54 60.02396
29 55 12.58816
29 56 3.65408
29 57 7.85294
29 58 45.98304
29 59 45.71646
29 60 50.13173
29 61 14.55210
29 62 69.53466
29 63 32.28405
29 64 17.44064
29 65 27.42664
29 66 25.02678
29 67 49.29078
29 68 9.31849
29 69 73.64267
29 70 71.29592
29 71 85.66354
29 72 72.04078
29 73 92.85002
29 74 45.95924
29 75 7.15207
29 76 87.19167
29 77 66.11244
29 78 82.70830
29 79 95.08744
29 80 39.25475
29 81 20.95331
29 82 45.61562
29 83 66.33170
29 84 50.17576
29 85 62.91667
29 86 54.62913
29 87 75.54847
29 88 35.09101
29 89 48.54068
29 90 69.11029
29 91 72.93861
29 92 27.21288
29 93 81.00129
29 94 37.78288
29 95 65.41226
29 96 72.79463
29 97 20.74701
29 98 47.83840
29 99 36.83791
30 31 23.88654
30 32 74.28315
30 33 55.91824
30 34 48.38472
30 35 58.47330
30 36 70.58030
30 37 51.31635
30 38 6.90216
30 39 65.09683
30 40 56.10697
30 41 54.25181
30 42 27.30871
30 43 84.89915
30 44 74.78421
30 45 57.05274
30 46 45.77640
30 47 24.54982
30 48 24.64264
30 49 73.92157
30 50 40.12011
30 51 19.17808
30 52 82.68889
30 53 16.61134
30 54 74.81135
30 55 58.14164
30 56 50.93241
30 57 43.37607
30 58 9.96260
30 59 56.38153
30 60 21.22454
30 61 60.67145
30 62 58.24680
30 63 23.81805
30 64 31.38840
30 65 22.47315
30 66 50.84428
30 67 15.49528
30 68 55.96841
30 69 58.62259
30 70 24.05075
30 71 48.74625
30 72 25.30190
30 73 67.61581
30 74 77.57570
30 75 41.47819
30 76 55.66196
30 77 19.52373
30 78 35.88312
30 79 66.52331
30 80 50.74131
30 81 53.13813
30 82 32.45273
30 83 70.99066
30 84 44.28854
30 85 20.81671
30 86 10.31931
30 87 63.69562
30 88 68.78273
30 89 64.67885
30 90 23.03872
30 91 57.54158
30 92 55.03306
30 93 72.90732
30 94 10.54091
30 95 64.68779
30 96 80.77547
30 97 27.54194
30 98 27.80770
30 99 67.02622
31 32 50.51087
31 33 32.14092
31 34 33.49905
31 35 40.25016
31 36 47.95115
31 37 30.05439
31 38 16.99100
31 39 50.48977
31 40 53.68792
31 41 50.66868
31 42 22.02847
31 43 61.30355
31 44 54.82362
31 45 44.40022
31 46 23.28310
31 47 20.05694
31 48 34.78649
31 49 66.45373
31 50 44.71155
31 51 40.98169
31 52 59.14695
31 53 7.40113
31 54 51.55208
31 55 41.07665
31 56 36.82154
31 57 33.88826
31 58 29.98395
31 59 33.00357
31 60 16.58094
31 61 43.75613
31 62 42.54640
31 63 1.60369
31 64 25.58028
31 65 8.87248
31 66 28.11216
31 67 35.94256
31 68 40.16805
31 69 45.02555
31 70 45.35130
31 71 51.92657
31 72 47.78138
31 73 61.06937
31 74 54.13466
31 75 30.97628
31 76 53.81484
31 77 37.51352
31 78 57.80596
31 79 62.44533
31 80 27.00257
31 81 48.41211
31 82 14.55492
31 83 49.70887
31 84 24.46124
31 85 44.62632
31 86 25.79441
31 87 48.65017
31 88 46.00813
31 89 40.99744
31 90 46.24309
31 91 44.09754
31 92 52.80203
31 93 56.49909
31 94 21.65376
31 95 44.76684
31 96 59.02826
31 97 14.73858
31 98 14.60368
31 99 43.73664
32 33 18.37247
32 34 44.11048
32 35 34.94869
32 36 13.93784
32 37 35.09979
32 38 67.43352
32 39 57.34831
32 40 81.92659
32 41 70.16393
32 42 58.61517
32 43 19.95661
32 44 41.73184
32 45 50.25037
32 46 29.98915
32 47 59.24087
32 48 77.00986
32 49 82.16125
32 50 83.93022
32 51 91.20316
32 52 9.74589
32 53 57.90806
32 54 20.11607
32 55 38.44925
32 56 45.79861
32 57 54.36072
32 58 78.88774
32 59 23.59483
32 60 61.86821
32 61 39.05789
32 62 51.75235
32 63 50.46827
32 64 58.38513
32 65 53.22700
32 66 25.15348
32 67 84.31353
32 68 41.89918
32 69 57.56431
32 70 95.32362
32 71 87.73794
32 72 98.09063
32 73 80.23439
32 74 6.94326
32 75 52.37959
32 76 82.81382
32 77 86.68922
32 78 107.79068
32 79 85.39105
32 80 25.54498
32 81 67.13076
32 82 48.52910
32 83 33.88531
32 84 41.23887
32 85 94.78083
32 86 75.57542
32 87 55.47252
32 88 13.19858
32 89 16.00028
32 90 96.72510
32 91 57.56206
32 92 73.52465
32 93 55.10089
32 94 69.67912
32 95 39.08660
32 96 34.50701
32 97 51.51452
32 98 54.41994
32 99 10.09980
33 34 32.27772
33 35 27.61491
33 36 19.05459
33 37 23.06492
33 38 49.06315
33 39 49.52123
33 40 68.94985
33 41 58.74752
33 42 41.97316
33 43 32.22951
33 44 40.37570
33 45 41.40097
33 46 13.22748
33 47 42.18588
33 48 60.08357
33 49 73.09792
33 50 68.09596
33 51 72.91341
33 52 27.20377
33 53 39.53979
33 54 25.36406
33 55 30.80706
33 56 34.95382
33 57 41.12867
33 58 60.75036
33 59 12.88798
33 60 44.17698
33 61 32.56983
33 62 42.32244
33 63 32.10077
33 64 42.47662
33 65 35.16764
33 66 9.77443
33 67 66.29593
33 68 33.13315
33 69 47.71172
33 70 77.09789
33 71 72.87500
33 72 79.78256
33 73 69.94187
33 74 22.43152
33 75 38.59783
33 76 69.65593
33 77 68.62601
33 78 89.57395
33 79 74.14533
33 80 9.67137
33 81 55.73262
33 82 31.49577
33 83 32.46951
33 84 26.81368
33 85 76.46126
33 86 57.35445
33 87 47.43784
33 88 16.87098
33 89 13.76191
33 90 78.36780
33 91 47.38995
33 92 61.94973
33 93 50.26543
33 94 51.61180
33 95 33.56712
33 96 38.09511
33 97 34.20627
33 98 37.12984
33 99 12.91803
34 35 12.14870
34 36 32.91340
34 37 49.52124
34 38 43.44683
34 39 76.00574
34 40 86.27350
34 41 26.57937
34 42 22.22962
34 43 62.70488
34 44 71.59021
34 45 11.27088
34 46 20.92978
34 47 24.52700
34 48 38.60125
34 49 96.39020
34 50 78.18755
34 51 67.54055
34 52 48.19670
34 53 38.01160
34 54 57.43972
34 55 10.38964
34 56 3.46257
34 57 10.62856
34 58 47.59166
34 59 43.47229
34 60 50.01891
34 61 12.61114
34 62 67.95339
34 63 32.09562
34 64 19.39720
34 65 27.78169
34 66 22.56183
34 67 51.13232
34 68 7.60799
34 69 72.19866
34 70 72.43026
34 71 85.40033
34 72 73.33559
34 73 91.76963
34 74 43.13028
34 75 9.58711
34 76 86.54400
34 77 66.93402
34 78 84.00298
34 79 94.18899
34 80 37.12979
34 81 23.54263
34 82 44.73669
34 83 64.05752
34 84 48.69633
34 85 64.60260
34 86 55.32756
34 87 73.92046
34 88 32.26179
34 89 46.01758
34 90 70.50361
34 91 71.52332
34 92 29.85255
34 93 79.13859
34 94 39.15749
34 95 63.37810
34 96 70.34507
34 97 21.30732
34 98 47.28518
34 99 34.02525
35 36 22.24932
35 37 48.71039
35 38 52.89914
35 39 75.74087
35 40 90.17791
35 41 35.62566
35 42 33.69659
35 43 54.53062
35 44 67.98154
35 45 15.30203
35 46 20.71031
35 47 35.70932
35 48 50.67417
35 49 97.93084
35 50 84.41717
35 51 77.61560
35 52 37.48723
35 53 46.05623
35 54 51.01537
35 55 3.51403
35 56 12.14084
35 57 22.48256
35 58 58.76776
35 59 40.26657
35 60 56.65963
35 61 4.97104
35 62 68.01475
35 63 39.11402
35 64 31.28987
35 65 36.57063
35 66 19.40854
35 67 62.68372
35 68 7.07133
35 69 72.88429
35 70 82.43569
35 71 90.97633
35 72 83.72101
35 73 93.92766
35 74 32.71269
35 75 21.73206
35 76 90.61455
35 77 76.16629
35 78 94.34427
35 79 97.13042
35 80 35.08680
35 81 32.64281
35 82 48.68939
35 83 60.02949
35 84 49.78377
35 85 75.84190
35 86 64.34440
35 87 73.63182
35 88 22.09590
35 89 40.46998
35 90 81.12501
35 91 72.36315
35 92 39.00605
35 93 77.47637
35 94 49.96716
35 95 60.95992
35 96 64.88388
35 97 30.93231
35 98 52.43102
35 99 25.02163
36 37 41.42064
36 38 64.02670
36 39 66.65636
36 40 87.90659
36 41 57.87437
36 42 50.75276
36 43 33.86113
36 44 53.60829
36 45 37.37329
36 46 24.84782
36 47 51.95096
36 48 69.03021
36 49 90.95834
36 50 86.94669
36 51 88.77562
36 52 15.31854
36 53 55.16154
36 54 33.14954
36 55 25.62904
36 56 33.95921
36 57 43.51654
36 58 73.55049
36 59 30.10063
36 60 61.96339
36 61 25.82440
36 62 60.07080
36 63 47.46843
36 64 49.64691
36 65 48.32022
36 66 19.86127
36 67 78.45800
36 68 29.32062
36 69 65.69394
36 70 93.25032
36 71 91.89937
36 72 95.45936
36 73 88.23754
36 74 10.46807
36 75 42.00870
36 76 88.63825
36 77 85.40799
36 78 105.66979
36 79 92.74842
36 80 28.66698
36 81 54.88714
36 82 50.08415
36 83 45.51047
36 84 45.81705
36 85 90.21814
36 86 73.74405
36 87 64.64337
36 88 2.18366
36 89 25.59466
36 90 93.57015
36 91 65.48911
36 92 61.25469
36 93 65.84731
36 94 64.27284
36 95 49.19069
36 96 47.66827
36 97 44.98057
36 98 55.45191
36 99 6.91379
37 38 44.80653
37 39 27.03054
37 40 46.96685
37 41 73.88275
37 42 49.49536
37 43 36.57862
37 44 24.89406
37 45 60.26939
37 46 28.86534
37 47 48.34734
37 48 64.64451
37 49 50.05060
37 50 49.61951
37 51 63.99766
37 52 44.80909
37 53 35.67798
37 54 25.56228
37 55 51.42157
37 56 52.80329
37 57 55.51378
37 58 59.19677
37 59 11.64367
37 60 32.71245
37 61 53.61830
37 62 19.42187
37 63 31.12000
37 64 51.86848
37 65 37.73994
37 66 29.31201
37 67 65.27654
37 68 52.82852
37 69 24.66876
37 70 67.22530
37 71 52.78987
37 72 70.86255
37 73 46.91572
37 74 41.44515
37 75 52.51977
37 76 47.80811
37 77 57.69746
37 78 79.20890
37 79 51.32925
37 80 13.82847
37 81 71.09093
37 82 19.09853
37 83 19.79002
37 84 7.68581
37 85 71.72472
37 86 48.48256
37 87 24.92155
37 88 39.28634
37 89 19.55260
37 90 70.57984
37 91 24.32697
37 92 76.69613
37 93 29.65469
37 94 51.51818
37 95 15.06080
37 96 29.46340
37 97 40.89264
37 98 24.69109
37 99 34.64970
38 39 60.08424
38 40 54.10158
38 41 52.37706
38 42 23.75217
38 43 78.03128
38 44 68.63437
38 45 52.80696
38 46 39.18386
38 47 20.90805
38 48 26.01516
38 49 70.78879
38 50 39.80701
38 51 24.97387
38 52 75.90904
38 53 9.71496
38 54 67.99792
38 55 52.83570
38 56 46.22566
38 57 39.62187
38 58 14.74914
38 59 49.53633
38 60 16.59333
38 61 55.42699
38 62 52.91300
38 63 16.96847
38 64 28.02446
38 65 16.40363
38 66 44.22266
38 67 20.80149
38 68 50.93666
38 69 53.77160
38 70 29.67611
38 71 48.23695
38 72 31.48818
38 73 64.65675
38 74 70.82163
38 75 37.40694
38 76 53.81048
38 77 23.48741
38 78 41.88550
38 79 64.22232
38 80 43.84691
38 81 50.91803
38 82 26.19695
38 83 64.55320
38 84 37.96804
38 85 27.70202
38 86 12.06170
38 87 58.56769
38 88 62.19067
38 89 57.79417
38 90 29.56264
38 91 52.71159
38 92 53.56084
38 93 67.53998
38 94 10.10841
38 95 58.50414
38 96 74.26370
38 97 22.19554
38 98 22.06799
38 99 60.30456
39 40 30.98957
39 41 99.12823
39 42 72.26226
39 43 49.82837
39 44 21.19027
39 45 86.97048
39 46 55.71546
39 47 70.49458
39 48 84.33845
39 49 24.87333
39 50 43.75885
39 51 71.15906
39 52 66.28946
39 53 53.33733
39 54 40.28367
39 55 78.43225
39 56 79.36761
39 57 80.96606
39 58 74.64498
39 59 36.87039
39 60 43.87532
39 61 80.64589
39 62 8.14912
39 63 51.96721
39 64 75.38472
39 65 59.29394
39 66 56.34119
39 67 80.52262
39 68 79.73867
39 69 6.69907
39 70 72.75709
39 71 42.20812
39 72 77.17217
39 73 23.90774
39 74 64.25228
39 75 77.91706
39 76 32.25415
39 77 63.21405
39 78 82.77822
39 79 30.08800
39 80 40.76509
39 81 96.49037
39 82 36.00328
39 83 25.67469
39 84 27.61745
39 85 82.73179
39 86 58.29058
39 87 2.10920
39 88 64.64370
39 89 41.65573
39 90 78.30026
39 91 7.79167
39 92 101.70895
39 93 9.22289
39 94 69.15446
39 95 18.41948
39 96 32.63390
39 97 64.13088
39 98 38.29132
39 99 59.74258
40 41 103.83738
40 42 74.35781
40 43 78.82626
40 44 51.93254
40 45 97.48091
40 46 69.63884
40 47 71.81993
40 48 80.03228
40 49 20.54111
40 50 19.14937
40 51 53.44885
40 52 91.55328
40 53 52.18227
40 54 68.31620
40 55 91.98740
40 56 89.71372
40 57 87.57257
40 58 65.92468
40 59 58.61020
40 60 38.98049
40 61 94.56648
40 62 32.07948
40 63 55.26195
40 64 78.40240
40 65 61.74170
40 66 72.33221
40 67 70.68281
40 68 92.04454
40 69 26.71068
40 70 53.09989
40 71 13.18348
40 72 57.69663
40 73 14.21230
40 74 88.39052
40 75 84.66325
40 76 1.32760
40 77 45.23906
40 78 60.04171
40 79 10.63371
40 80 59.28098
40 81 101.78090
40 82 41.68126
40 83 54.98584
40 84 42.14378
40 85 67.56800
40 86 46.32527
40 87 31.67517
40 88 85.73329
40 89 66.04467
40 90 60.13401
40 91 26.20444
40 92 105.65664
40 93 39.52822
40 94 64.20066
40 95 46.63435
40 96 63.16165
40 97 68.27731
40 98 39.19256
40 99 81.32101
41 42 29.55290
41 43 89.16273
41 44 97.21477
41 45 20.89242
41 46 46.64473
41 47 32.21495
41 48 33.00132
41 49 117.05085
41 50 91.85356
41 51 71.16651
41 52 73.09449
41 53 51.73926
41 54 83.99779
41 55 32.29421
41 56 24.41453
41 57 18.37672
41 58 48.48417
41 59 69.34358
41 60 65.01226
41 61 32.56972
41 62 90.97923
41 63 49.06501
41 64 25.43870
41 65 42.17491
41 66 48.98072
41 67 48.91952
41 68 28.55506
41 69 94.47574
41 70 75.92070
41 71 100.03521
41 72 75.18263
41 73 111.73577
41 74 68.33456
41 75 21.36371
41 76 103.82795
41 77 73.64208
41 78 85.31086
41 79 112.98661
41 80 62.68101
41 81 3.04524
41 82 64.64887
41 83 89.95798
41 84 71.53004
41 85 62.84121
41 86 63.89126
41 87 97.11511
41 88 57.64242
41 89 72.50859
41 90 71.50936
41 91 93.65797
41 92 3.38041
41 93 103.40360
41 94 43.73638
41 95 88.44612
41 96 96.69839
41 97 35.94587
41 98 65.22054
41 99 60.07740
42 43 74.14933
42 44 74.24089
42 45 29.83057
42 46 28.90260
42 47 2.84412
42 48 18.42364
42 49 88.30113
42 50 62.49061
42 51 46.13047
42 52 65.09791
42 53 22.19905
42 54 66.18986
42 55 32.54388
42 56 24.25469
42 57 16.07123
42 58 25.38435
42 59 48.57365
42 60 35.46746
42 61 34.83986
42 62 64.21751
42 63 20.46748
42 64 4.29334
42 65 13.17321
42 66 33.49110
42 67 28.99282
42 68 29.77042
42 69 66.97786
42 70 51.04964
42 71 70.56902
42 72 51.56117
42 73 82.75569
42 74 59.79566
42 75 14.25449
42 76 74.32031
42 77 46.64733
42 78 62.21660
42 79 83.67368
42 80 41.63880
42 81 27.70755
42 82 36.53877
42 83 68.04471
42 84 45.34036
42 85 42.37360
42 86 35.75004
42 87 70.36470
42 88 49.44261
42 89 54.53771
42 90 48.54564
42 91 66.06870
42 92 31.30039
42 93 77.74934
42 94 17.31136
42 95 64.55597
42 96 76.42049
42 97 8.63463
42 98 36.19965
42 99 49.37813
43 44 29.84638
43 45 69.77731
43 46 45.44469
43 47 74.22627
43 48 92.09607
43 49 74.12417
43 50 85.34146
43 51 99.66789
43 52 23.16892
43 53 68.33048
43 54 11.07564
43 55 58.04462
43 56 64.75953
43 57 72.47938
43 58 91.16265
43 59 28.56948
43 60 68.60862
43 61 58.82973
43 62 46.76547
43 63 61.73587
43 64 74.70062
43 65 66.24223
43 66 41.45868
43 67 96.99245
43 68 61.33801
43 69 52.33230
43 70 103.21537
43 71 87.25943
43 72 106.60108
43 73 73.73611
43 74 24.85657
43 75 70.19148
43 76 79.92626
43 77 93.86966
43 78 115.40286
43 79 79.80494
43 80 34.32468
43 81 86.11765
43 82 54.64362
43 83 24.18154
43 84 44.19679
43 85 105.71399
43 86 83.91417
43 87 48.40447
43 88 33.14016
43 89 20.32883
43 90 105.92064
43 91 52.70962
43 92 92.48586
43 93 44.66903
43 94 82.36327
43 95 32.23256
43 96 19.27729
43 97 66.17863
43 98 60.58326
43 99 29.52378
44 45 81.50374
44 46 50.73376
44 47 73.18783
44 48 89.51457
44 49 44.50459
44 50 62.50273
44 51 84.98432
44 52 49.39226
44 53 59.98797
44 54 22.12414
44 55 71.18020
44 56 74.59989
44 57 78.90563
44 58 83.28937
44 59 28.14252
44 60 54.52475
44 61 72.92596
44 62 21.11454
44 63 55.95001
44 64 76.41095
44 65 62.63389
44 66 49.40769
44 67 89.37669
44 68 73.39257
44 69 25.48926
44 70 87.47121
44 71 62.32954
44 72 91.55836
44 73 44.72372
44 74 48.57759
44 75 76.01470
44 76 53.15971
44 77 77.73180
44 78 98.62256
44 79 51.13769
44 80 34.55854
44 81 94.30991
44 82 42.43788
44 83 8.13196
44 84 30.75216
44 85 94.49727
44 86 70.32024
44 87 20.26883
44 88 51.91749
44 89 28.30978
44 90 91.94166
44 91 26.21000
44 92 100.19803
44 93 14.84235
44 94 76.04897
44 95 10.14195
44 96 11.49901
44 97 65.61169
44 98 47.07285
44 99 47.00003
45 46 31.42451
45 47 32.52340
45 48 43.06471
45 49 107.62594
45 50 88.94243
45 51 75.96066
45 52 52.44319
45 53 48.36584
45 54 65.80445
45 55 11.81074
45 56 7.80834
45 57 14.08584
45 58 54.74046
45 59 53.39166
45 60 60.78749
45 61 11.71600
45 62 78.96313
45 63 42.94031
45 64 26.03305
45 65 37.98024
45 66 32.09611
45 67 57.37810
45 68 8.47583
45 69 83.31921
45 70 80.87974
45 71 96.31965
45 72 81.32777
45 73 103.03452
45 74 47.83329
45 75 15.58432
45 76 97.73337
45 77 76.16559
45 78 91.96237
45 79 105.45402
45 80 47.40700
45 81 18.05674
45 82 55.99292
45 83 73.75861
45 84 59.81491
45 85 71.33579
45 86 64.84806
45 87 84.87595
45 88 37.35273
45 89 54.84366
45 90 78.20608
45 91 82.66389
45 92 24.24102
45 93 89.76746
45 94 47.13150
45 95 73.71658
45 96 79.34133
45 97 31.23003
45 98 58.41616
45 99 40.29974
46 47 29.32185
46 48 47.17679
46 49 77.32621
46 50 65.10790
46 51 63.94202
46 52 37.39064
46 53 30.37296
46 54 38.31173
46 55 22.97551
46 56 24.08342
46 57 28.55384
46 58 49.30491
46 59 22.71089
46 60 38.34891
46 61 25.38047
46 62 47.80573
46 63 22.68997
46 64 29.25599
46 65 23.73035
46 66 5.09660
46 67 54.53853
46 68 24.02683
46 69 52.45134
46 70 68.44682
46 71 71.15075
46 72 70.61269
46 73 73.23466
46 74 32.14843
46 75 25.84255
46 76 70.11966
46 77 60.79479
46 78 80.84675
46 79 76.42970
46 80 16.20958
46 81 43.69246
46 82 28.51458
46 83 43.33510
46 84 29.15198
46 85 65.67905
46 86 49.04228
46 87 53.61159
46 88 23.01091
46 89 26.56539
46 90 68.73697
46 91 51.88041
46 92 49.72773
46 93 58.34946
46 94 40.02753
46 95 42.45334
46 96 50.20528
46 97 21.52656
46 98 32.90718
46 99 21.51037
47 48 17.89768
47 49 86.04721
47 50 59.73091
47 51 43.45567
47 52 66.03735
47 53 19.63779
47 54 65.96067
47 55 34.74382
47 56 26.72586
47 57 18.86477
47 58 23.10331
47 59 48.07635
47 60 32.87619
47 61 37.10678
47 62 62.49776
47 63 18.54171
47 64 7.12749
47 65 11.20384
47 66 34.08981
47 67 27.05991
47 68 32.11537
47 69 65.08238
47 70 48.37321
47 71 67.84441
47 72 48.98401
47 73 80.43419
47 74 60.73397
47 75 16.93980
47 76 71.75954
47 77 43.84058
47 78 59.64860
47 79 81.22456
47 80 41.19473
47 81 30.44255
47 82 34.61182
47 83 67.19602
47 84 43.84989
47 85 40.16091
47 86 32.90866
47 87 68.62728
47 88 50.55294
47 89 54.39488
47 90 46.03941
47 91 64.15390
47 92 33.85882
47 93 76.21026
47 94 14.71584
47 95 63.39515
47 96 75.77501
47 97 8.07276
47 98 33.94692
47 99 50.22280
48 49 96.71671
48 50 64.72830
48 51 38.85335
48 52 83.50092
48 53 31.00662
48 54 83.66087
48 55 48.90666
48 56 39.67644
48 57 29.40203
48 58 16.42795
48 59 65.55058
48 60 42.27189
48 61 50.85531
48 62 76.67285
48 63 33.58405
48 64 19.55010
48 65 27.00865
48 66 51.86476
48 67 15.92625
48 68 45.59022
48 69 78.37434
48 70 43.43319
48 71 73.33611
48 72 42.33727
48 73 90.63508
48 74 78.20072
48 75 29.18788
48 76 79.69503
48 77 42.60175
48 78 52.33545
48 79 90.22060
48 80 58.75959
48 81 32.82308
48 82 48.58851
48 83 84.01873
48 84 59.23702
48 85 29.87165
48 86 34.96191
48 87 82.63576
48 88 67.78172
48 89 72.17435
48 90 38.58544
48 91 77.36031
48 92 32.86042
48 93 90.97102
48 94 15.92845
48 95 79.50770
48 96 92.93892
48 97 25.91850
48 98 46.17246
48 99 67.80086
49 50 39.61293
49 51 73.49921
49 52 91.15897
49 53 66.84516
49 54 65.00932
49 55 100.30093
49 56 99.84196
49 57 99.63287
49 58 83.88114
49 59 60.89239
49 60 54.47919
49 61 102.69179
49 62 30.89290
49 63 68.05305
49 64 92.01417
49 65 75.17591
49 66 78.81807
49 67 89.07468
49 68 101.09735
49 69 25.38626
49 70 73.43875
49 71 33.42963
49 72 78.04759
49 73 6.52039
49 74 89.04369
49 75 96.60347
49 76 21.64138
49 77 65.21691
49 78 80.58019
49 79 11.40963
49 80 63.80931
49 81 114.69068
49 82 52.47012
49 83 50.20937
49 84 48.17424
49 85 87.29130
49 86 64.79792
49 87 26.69438
49 88 88.89093
49 89 66.36008
49 90 80.32832
49 91 25.74367
49 92 119.24996
49 93 29.76537
49 94 80.80170
49 95 43.28962
49 96 55.88490
49 97 81.12000
49 98 52.10732
49 99 84.06261
50 51 34.55945
50 52 93.65790
50 53 40.85857
50 54 74.30451
50 55 85.56986
50 56 81.47351
50 57 77.31509
50 58 49.42367
50 59 60.50010
50 60 28.17174
50 61 88.24207
50 62 41.39025
50 63 46.09245
50 64 66.74967
50 65 51.21455
50 66 68.86636
50 67 53.54132
50 68 84.85230
50 69 37.68386
50 70 33.97472
50 71 8.64562
50 72 38.56322
50 73 33.16983
50 74 89.67539
50 75 74.65029
50 76 18.18808
50 77 26.49799
50 78 41.18103
50 79 29.55214
50 80 58.92990
50 81 90.17124
50 82 36.98484
50 83 63.28795
50 84 42.75926
50 85 48.93669
50 86 29.83565
50 87 43.61792
50 88 84.77994
50 89 69.04838
50 90 41.09293
50 91 36.76659
50 92 93.22664
50 93 52.97203
50 94 49.49871
50 95 54.80422
50 96 72.70190
50 97 58.03512
50 98 32.20361
50 99 81.00624
51 52 100.05626
51 53 33.65097
51 54 89.02508
51 55 77.31894
51 56 70.03492
51 57 62.09895
51 58 22.69512
51 59 71.23950
51 60 31.28530
51 61 79.84939
51 62 65.77818
51 63 41.33397
51 64 50.04126
51 65 41.33309
51 66 68.91883
51 67 23.68339
51 68 75.13186
51 69 64.46176
51 70 4.91927
51 71 42.58827
51 72 6.94392
51 73 66.97963
51 74 95.09095
51 75 60.37971
51 76 52.60176
51 77 8.30315
51 78 16.92388
51 79 64.01019
51 80 66.47574
51 81 70.45980
51 82 45.11829
51 83 82.70784
51 84 56.38969
51 85 14.65595
51 86 15.78772
51 87 70.22779
51 88 86.88556
51 89 79.97049
51 90 7.14451
51 91 63.37313
51 92 71.44027
51 93 79.94225
51 94 28.85386
51 95 75.32897
51 96 92.71039
51 97 46.69661
51 98 39.32000
51 99 84.71832
52 53 66.54060
52 54 27.27276
52 55 40.80313
52 56 49.27629
52 57 58.77672
52 58 86.69162
52 59 33.33633
52 60 71.21598
52 61 40.77325
52 62 61.04597
52 63 58.96832
52 64 64.34818
52 65 61.07067
52 66 32.32574
52 67 91.91070
52 68 44.54863
52 69 66.87187
52 70 104.28226
52 71 97.48090
52 72 106.90095
52 73 89.48187
52 74 5.30409
52 75 57.17706
52 76 92.45701
52 77 95.82501
52 78 116.75964
52 79 94.78133
52 80 35.09238
52 81 70.12372
52 82 58.05610
52 83 41.91951
52 84 50.98256
52 85 102.94001
52 86 84.54557
52 87 64.47771
52 88 16.00482
52 89 25.51792
52 90 105.37526
52 91 66.91927
52 92 76.47429
52 93 63.37852
52 94 77.41740
52 95 47.89590
52 96 40.80265
52 97 58.63501
52 98 63.89662
52 99 15.89853
53 54 58.35768
53 55 46.49890
53 56 41.13698
53 57 36.46034
53 58 23.53739
53 59 39.86364
53 60 13.27346
53 61 49.16165
53 62 45.72964
53 63 7.69313
53 64 26.31692
53 65 10.40371
53 66 35.30049
53 67 29.60713
53 68 45.14179
53 69 47.38075
53 70 38.08878
53 71 48.66808
53 72 40.41824
53 73 61.07124
53 74 61.51582
53 75 33.79648
53 76 52.12805
53 77 30.57039
53 78 50.51679
53 79 61.63631
53 80 34.13200
53 81 49.80342
53 82 17.86475
53 83 55.46791
53 84 29.24155
53 85 37.41679
53 86 18.73304
53 87 51.65131
53 88 53.25100
53 89 48.08198
53 90 38.84282
53 91 46.37386
53 92 53.48291
53 93 60.14684
53 94 16.15737
53 95 49.84972
53 96 65.04443
53 97 17.21692
53 98 15.22232
53 99 51.08869
54 55 54.46656
54 56 59.91541
54 57 66.49233
54 58 81.53298
54 59 18.55037
54 60 57.84836
54 61 55.71272
54 62 36.40145
54 63 52.12945
54 64 67.21651
54 65 57.19632
54 66 35.11744
54 67 87.46116
54 68 57.34957
54 69 42.10392
54 70 92.46889
54 71 76.37893
54 72 95.94290
54 73 64.07124
54 74 26.75506
54 75 63.95204
54 76 69.38044
54 77 83.05202
54 78 104.58734
54 79 69.89868
54 80 24.98656
54 81 80.96944
54 82 43.91741
54 83 14.91208
54 84 33.21328
54 85 95.58547
54 86 73.31984
54 87 38.67816
54 88 31.78931
54 89 11.75481
54 90 95.38974
54 91 42.38941
54 92 87.23191
54 93 36.34973
54 94 72.96072
54 95 22.08363
54 96 14.52010
54 97 57.89231
54 98 49.80275
54 99 27.20082
55 56 9.52890
55 57 20.09688
55 58 57.84537
55 59 43.33342
55 60 57.61295
55 61 2.67948
55 62 70.62827
55 63 39.84797
55 64 29.78653
55 65 36.68438
55 66 22.23720
55 67 61.49556
55 68 3.84687
55 69 75.38752
55 70 82.17749
55 71 92.33390
55 72 83.27490
55 73 96.15842
55 74 36.09706
55 75 19.73919
55 76 92.38226
55 77 76.24479
55 78 93.92869
55 79 99.18619
55 80 37.93440
55 81 29.33505
55 82 50.35979
55 83 63.26665
55 84 52.12692
55 85 74.88891
55 86 64.48931
55 87 76.32339
55 88 25.54946
55 89 43.82949
55 90 80.55080
55 91 74.83422
55 92 35.67331
55 93 80.41095
55 94 49.25126
55 95 63.97995
55 96 68.27655
55 97 30.67578
55 98 53.80408
55 99 28.53436
56 57 10.58105
56 58 49.61696
56 59 46.45926
56 60 53.30184
56 61 11.20450
56 62 71.32935
56 63 35.39591
56 64 21.01082
56 65 30.83075
56 66 25.34552
56 67 52.86529
56 68 5.93747
56 69 75.61205
56 70 74.93997
56 71 88.74286
56 72 75.69459
56 73 95.23054
56 74 44.33367
56 75 10.53810
56 76 89.97805
56 77 69.70008
56 78 86.36219
56 79 97.64925
56 80 40.23498
56 81 21.37152
56 82 48.19345
56 83 66.99103
56 84 52.10691
56 85 66.53199
56 86 58.18006
56 87 77.27900
56 88 33.51580
56 89 48.62840
56 90 72.76313
56 91 74.94333
56 92 27.75611
56 93 82.38933
56 94 41.43692
56 95 66.52629
56 96 73.04818
56 97 24.22525
56 98 50.69646
56 99 35.70144
57 58 40.66721
57 59 51.16082
57 60 49.48504
57 61 21.73925
57 62 72.81998
57 63 32.31081
57 64 12.05883
57 65 26.17400
57 66 31.38580
57 67 43.32760
57 68 16.49498
57 69 76.49967
57 70 67.01649
57 71 85.08664
57 72 67.33616
57 73 94.54847
57 74 53.67528
57 75 3.05426
57 76 87.68367
57 77 62.70505
57 78 77.95210
57 79 96.25316
57 80 44.41902
57 81 15.58618
57 82 47.17762
57 83 71.73768
57 84 53.34862
57 85 57.25677
57 86 51.67476
57 87 78.93445
57 88 42.80807
57 89 54.84498
57 90 64.16636
57 91 75.71646
57 92 21.29304
57 93 85.06366
57 94 33.24549
57 95 70.07517
57 96 78.75409
57 97 19.41070
57 98 48.45474
57 99 44.32864
58 59 62.98288
58 60 30.83141
58 61 60.19146
58 62 67.59259
58 63 29.43934
58 64 28.76710
58 65 25.66814
58 66 54.38503
58 67 6.08974
58 68 55.15141
58 69 68.24635
58 70 27.43773
58 71 58.06916
58 72 26.98084
58 73 77.56766
58 74 81.45318
58 75 39.37924
58 76 65.44283
58 77 26.19985
58 78 37.45609
58 79 76.38826
58 80 56.84188
58 81 47.84551
58 82 40.86732
58 83 78.98472
58 84 52.56462
58 85 17.07492
58 86 19.70379
58 87 73.17764
58 88 71.93360
58 89 70.83388
58 90 23.58924
58 91 67.17399
58 92 48.75151
58 93 82.23650
58 94 9.28876
58 95 73.15031
58 96 88.58180
58 97 28.70560
58 98 36.80489
58 99 70.81485
59 60 40.44640
59 61 45.23719
59 62 30.00006
59 63 33.58349
59 64 50.06115
59 65 38.82621
59 66 21.30917
59 67 68.91241
59 68 45.35991
59 69 35.59472
59 70 74.91828
59 71 64.14467
59 72 78.18163
59 73 58.15341
59 74 29.82381
59 75 48.35781
59 76 59.44757
59 77 65.73247
59 78 87.21533
59 79 62.80281
59 80 6.96359
59 81 66.39934
59 82 26.52592
59 83 20.62467
59 84 17.74085
59 85 77.18618
59 86 55.45893
59 87 34.81070
59 88 28.01153
59 89 8.89697
59 90 77.40075
59 91 35.39089
59 92 72.40205
59 93 37.38060
59 94 54.43188
59 95 20.71779
59 96 27.96665
59 97 40.07149
59 98 32.53324
59 99 23.23982
60 61 60.29161
60 62 37.07803
60 63 17.92878
60 64 39.58934
60 65 23.31370
60 66 42.67549
60 67 36.65613
60 68 56.74884
60 69 37.42701
60 70 34.62098
60 71 35.63572
60 72 38.15910
60 73 48.48447
60 74 66.59262
60 75 46.72625
60 76 38.89145
60 77 25.29388
60 78 46.80791
60 79 48.62251
60 80 36.43229
60 81 63.06972
60 82 13.96976
60 83 51.62777
60 84 25.11837
60 85 39.99714
60 86 15.89903
60 87 42.47287
60 88 59.88112
60 89 49.30538
60 90 37.91524
60 91 36.35107
60 92 66.73434
60 93 51.73196
60 94 26.40209
60 95 44.60010
60 96 61.60590
60 97 30.08852
60 98 8.05065
60 99 56.82093
61 62 72.88919
61 63 42.52666
61 64 31.93289
61 65 39.31477
61 66 24.33952
61 67 63.72937
61 68 5.26936
61 69 77.71055
61 70 84.71594
61 71 94.98954
61 72 85.76391
61 73 98.60773
61 74 36.24914
61 75 21.67333
61 76 94.97094
61 77 78.85402
61 78 96.42328
61 79 101.69782
61 80 40.03148
61 81 29.68329
61 82 52.96170
61 83 64.95942
61 84 54.52181
61 85 77.21140
61 86 67.11206
61 87 78.53670
61 88 25.97056
61 89 45.31957
61 90 83.00300
61 91 77.17374
61 92 35.93112
61 93 82.44155
61 94 51.67802
61 95 65.93087
61 96 69.68222
61 97 33.24873
61 98 56.45380
61 99 29.32114
62 63 43.99944
62 64 67.29184
62 65 51.30807
62 66 48.65864
62 67 73.55039
62 68 71.83019
62 69 5.82755
62 70 67.79164
62 71 41.47225
62 72 72.07141
62 73 28.48543
62 74 58.54589
62 75 69.77048
62 76 33.20307
62 77 58.10374
62 78 78.43319
62 79 33.78457
62 80 33.24932
62 81 88.34171
62 82 28.15313
62 83 22.95400
62 84 19.47234
62 85 76.61389
62 86 52.11306
62 87 6.16118
62 88 57.99930
62 89 35.79132
62 90 72.87525
62 91 5.99199
62 92 93.56308
62 93 14.66056
62 94 61.70365
62 95 14.55488
62 96 31.65357
62 97 56.03641
62 98 30.90696
62 99 53.18032
63 64 23.98912
63 65 7.33986
63 66 27.60747
63 67 35.33385
63 68 38.84873
63 69 46.54846
63 70 45.78190
63 71 53.37951
63 72 48.07964
63 73 62.67283
63 74 53.90916
63 75 29.40807
63 76 55.38096
63 77 38.15955
63 78 58.20817
63 79 64.04251
63 80 27.41120
63 81 46.80956
63 82 16.08342
63 83 50.69197
63 84 25.73842
63 85 44.44520
63 86 26.36544
63 87 50.11466
63 88 45.55917
63 89 41.40982
63 90 46.41686
63 91 45.62688
63 92 51.20083
63 93 57.88314
63 94 20.88430
63 95 45.92523
63 96 59.92208
63 97 13.13598
63 98 16.20133
63 99 43.44333
64 65 16.85930
64 66 33.49697
64 67 31.85519
64 68 26.74416
64 69 70.26960
64 70 54.95845
64 71 74.79904
64 72 55.30219
64 73 86.55201
64 74 59.06777
64 75 10.62008
64 76 78.38933
64 77 50.80297
64 78 65.93109
64 79 87.61696
64 80 43.09759
64 81 23.49951
64 82 39.94507
64 83 69.94729
64 84 48.17628
64 85 45.56521
64 86 40.00021
64 87 73.45126
64 88 48.48813
64 89 55.48521
64 90 52.17594
64 91 69.38590
64 92 27.33029
64 93 80.56700
64 94 21.18899
64 95 66.89536
64 96 78.01711
64 97 11.25546
64 98 39.97419
64 99 48.85187
65 66 28.82607
65 67 31.12947
65 68 35.06315
65 69 53.88750
65 70 46.07058
65 71 58.91648
65 72 47.71628
65 73 69.69299
65 74 55.85424
65 75 23.44653
65 76 61.78088
65 77 39.60348
65 78 58.21172
65 79 70.81196
65 80 32.21146
65 81 40.04773
65 82 23.41974
65 83 57.01308
65 84 32.82065
65 85 41.95695
65 86 27.81087
65 87 57.43212
65 88 46.59760
65 89 46.00040
65 90 45.50329
65 91 52.96407
65 92 44.17679
65 93 65.10192
65 94 16.45751
65 95 52.70695
65 96 65.95923
65 97 6.82187
65 98 23.11492
65 99 45.22278
66 67 59.58650
66 68 24.06572
66 69 53.62862
66 70 73.38923
66 71 74.58172
66 72 75.61733
66 73 75.05618
66 74 27.07141
66 75 28.90692
66 76 72.88687
66 77 65.60734
66 78 85.80938
66 79 78.61758
66 80 15.70087
66 81 45.96945
66 82 31.96082
66 83 41.69418
66 84 30.88377
66 85 70.77565
66 86 53.90558
66 87 54.23246
66 88 17.97503
66 89 23.53472
66 90 73.78324
66 91 53.14797
66 92 52.17721
66 93 58.17786
66 94 45.10381
66 95 41.81299
66 96 47.78460
66 97 26.42967
66 98 36.77485
66 99 16.43348
67 68 58.57784
67 69 74.08104
67 70 27.98206
67 71 62.15459
67 72 26.51647
67 73 82.70277
67 74 86.64540
67 75 42.40970
67 76 70.13185
67 77 28.81683
67 78 36.41082
67 79 81.22952
67 80 62.69269
67 81 48.65721
67 82 46.95069
67 83 85.06563
67 84 58.65411
67 85 14.12283
67 86 24.38187
67 87 79.08585
67 88 76.91233
67 89 76.66718
67 90 22.69956
67 91 73.00320
67 92 48.76477
67 93 88.20359
67 94 14.69563
67 95 79.23814
67 96 94.64861
67 97 33.47748
67 98 42.82508
67 99 76.01358
68 69 76.41513
68 70 80.01756
68 71 91.84099
68 72 80.94276
68 73 96.76468
68 74 39.78383
68 75 16.41481
68 76 92.38619
68 77 74.41495
68 78 91.60987
68 79 99.55184
68 80 39.62175
68 81 25.57577
68 82 50.36398
68 83 65.57266
68 84 52.99525
68 85 72.13618
68 86 62.75349
68 87 77.63384
68 88 29.14314
68 89 46.46080
68 90 78.10955
68 91 75.81596
68 92 31.93547
68 93 82.11310
68 94 46.76239
68 95 65.86108
68 96 70.95612
68 97 28.75008
68 98 53.43500
68 99 31.89872
69 70 66.08563
69 71 36.87293
69 72 70.49043
69 73 22.69186
69 74 64.34522
69 75 73.44547
69 76 27.88593
69 77 56.52752
69 78 76.19995
69 79 27.96332
69 80 38.45290
69 81 91.91871
69 82 30.47063
69 83 28.32146
69 84 23.50579
69 85 76.06585
69 86 51.64613
69 87 5.99697
69 88 63.60565
69 89 41.59219
69 90 71.60251
69 91 1.09751
69 92 96.94729
69 93 15.68343
69 94 63.01376
69 95 20.10827
69 96 36.52259
69 97 59.05190
69 98 32.21009
69 99 58.82001
70 71 41.52911
70 72 4.61221
70 73 66.94241
70 74 99.36484
70 75 65.29855
70 76 52.16167
70 77 9.73950
70 78 12.47753
70 79 63.51983
70 80 70.38394
70 81 75.26132
70 82 48.57374
70 83 85.57541
70 84 59.56523
70 85 17.26847
70 86 19.74880
70 87 71.95024
70 88 91.33561
70 89 83.71309
70 90 7.53231
70 91 65.00979
70 92 76.13162
70 93 81.69471
70 94 33.77196
70 95 77.98870
70 96 95.57901
70 97 51.53378
70 98 42.66659
70 99 89.05683
71 72 46.04110
71 73 27.28576
71 74 93.79888
71 75 82.35279
71 76 11.94031
71 77 34.72722
71 78 47.39185
71 79 22.56031
71 80 63.42307
71 81 98.27615
71 82 42.66329
71 83 64.21310
71 84 46.59441
71 85 57.12278
71 86 38.47305
71 87 42.48579
71 88 89.71784
71 89 72.33821
71 90 48.85373
71 91 36.12061
71 92 101.49298
71 93 51.19758
71 94 58.02255
71 95 55.68301
71 96 73.12413
71 97 65.71236
71 98 38.54939
71 99 85.68546
72 73 71.55249
72 74 101.91324
72 75 65.79706
72 76 56.75130
72 77 13.97886
72 78 10.66885
72 79 68.10009
72 80 73.41181
72 81 74.70477
72 82 52.02888
72 83 89.45614
72 84 63.23680
72 85 14.23141
72 86 22.73163
72 87 76.32908
72 88 93.59180
72 89 86.91441
72 90 4.03019
72 91 69.41041
72 92 75.19089
72 93 86.06822
72 94 34.26927
72 95 81.98469
72 96 99.46153
72 97 52.79689
72 98 46.20386
72 99 91.50678
73 74 87.03087
73 75 91.53852
73 76 15.37864
73 77 58.69668
73 78 74.22314
73 79 6.82374
73 80 60.45844
73 81 109.44193
73 82 47.39760
73 83 49.57547
73 84 44.19313
73 85 80.77864
73 86 58.38959
73 87 25.40067
73 88 86.12780
73 89 64.27637
73 90 73.81431
73 91 22.78763
73 92 113.85109
73 93 30.52474
73 94 74.70813
73 95 42.02633
73 96 56.22169
73 97 75.79202
73 98 46.57834
73 99 81.39263
74 75 52.01343
74 76 89.24764
74 77 91.01418
74 78 111.84122
74 79 92.10369
74 80 30.82108
74 81 65.34302
74 82 53.65639
74 83 40.78405
74 84 47.20641
74 85 97.75661
74 86 79.64818
74 87 62.36386
74 88 10.86926
74 89 22.75457
74 90 100.32601
74 91 64.31495
74 92 71.71466
74 93 62.03745
74 94 72.17411
74 95 46.01858
74 96 40.95090
74 97 53.34420
74 98 59.41978
74 99 10.63847
75 76 84.78896
75 77 60.66164
75 78 76.44495
75 79 93.28707
75 80 41.57430
75 81 18.60984
75 82 44.15711
75 83 68.90272
75 84 50.29978
75 85 56.17862
75 86 49.46809
75 87 75.88683
75 88 41.17397
75 89 52.26462
75 90 62.73209
75 91 72.66261
75 92 24.21684
75 93 82.04845
75 94 31.56443
75 95 67.12419
75 96 76.04101
75 97 16.64045
75 98 45.51568
75 99 42.41662
76 77 44.42014
76 78 58.94560
76 79 11.40896
76 80 59.99238
76 81 101.80064
76 82 42.03906
76 83 56.13037
76 84 42.84238
76 85 66.78778
76 86 45.80307
76 87 32.91199
76 88 86.46243
76 89 66.95888
76 90 59.24094
76 91 27.35683
76 92 105.61096
76 93 40.82592
76 94 63.89756
76 95 47.75584
76 96 64.36553
76 97 68.35506
76 98 39.37638
76 99 82.08045
77 78 21.53601
77 79 55.82752
77 80 61.48441
77 81 72.61198
77 82 39.25769
77 83 75.88599
77 84 50.02047
77 85 22.43904
77 86 11.86658
77 87 62.35520
77 88 83.42918
77 89 74.57831
77 90 15.33216
77 91 55.44553
77 92 74.27868
77 93 72.09252
77 94 30.04592
77 95 68.26183
77 96 85.88666
77 97 45.66568
77 98 33.28965
77 99 80.87379
78 79 69.94503
78 80 82.79613
78 81 84.95238
78 82 60.77731
78 83 97.16864
78 84 71.52677
78 85 22.91308
78 86 32.22120
78 87 82.15906
78 88 103.76734
78 89 96.03962
78 90 13.88321
78 91 75.15229
78 92 85.16857
78 93 91.88319
78 94 44.93297
78 95 89.37603
78 96 107.15086
78 97 63.41315
78 98 54.82011
78 99 101.52451
79 80 64.53962
79 81 110.81744
79 82 49.47478
79 83 55.62416
79 84 47.79157
79 85 78.18383
79 86 56.85345
79 87 31.40584
79 88 90.60983
79 89 69.39198
79 90 70.63386
79 91 27.86538
79 92 114.94193
79 93 37.16567
79 94 74.33041
79 95 47.81548
79 96 62.63138
79 97 77.16488
79 98 47.84165
79 99 85.97216
80 81 59.76324
80 82 22.98477
80 83 27.32914
80 84 17.15424
80 85 71.54816
80 86 50.71113
80 87 38.66014
80 88 26.48653
80 89 14.00073
80 90 72.37299
80 91 38.06583
80 92 65.69653
80 93 42.50475
80 94 48.10148
80 95 26.31262
80 96 34.92736
80 97 33.16673
80 98 28.88294
80 99 22.27245
81 82 62.24241
81 83 87.01929
81 84 68.87798
81 85 62.68826
81 86 62.58982
81 87 94.46766
81 88 54.63459
81 89 69.49239
81 90 71.10294
81 91 91.11420
81 92 6.39438
81 93 100.64981
81 94 42.59783
81 95 85.59737
81 96 93.70480
81 97 33.67359
81 98 62.99923
81 99 57.04220
82 83 38.58059
82 84 11.83961
82 85 52.66837
82 86 29.47174
82 87 34.20448
82 88 47.93282
82 89 35.40824
82 90 51.57752
82 91 29.54434
82 92 66.94599
82 93 42.38476
82 94 34.01703
82 95 32.30742
82 96 48.43855
82 97 28.82429
82 98 6.00916
82 99 44.38652
83 84 26.75461
83 85 91.22042
83 86 67.52568
83 87 24.22312
83 88 43.80188
83 89 20.17916
83 90 89.49266
83 91 28.78214
83 92 93.00131
83 93 21.47978
83 94 71.26470
83 95 8.53532
83 96 10.00563
83 97 59.41830
83 98 43.79780
83 99 38.87757
84 85 64.46833
84 86 40.95417
84 87 25.58969
84 88 43.63788
84 89 26.36891
84 90 63.02562
84 91 22.85406
84 92 74.14566
84 93 32.41311
84 94 45.33723
84 95 20.61115
84 96 36.64851
84 97 36.94990
84 98 17.14635
84 99 39.34236
85 86 24.50212
85 87 81.58086
85 88 88.53295
85 89 85.49415
85 90 10.21105
85 91 74.96834
85 92 62.51592
85 93 91.13758
85 94 26.11388
85 95 84.51459
85 96 101.10539
85 97 45.63174
85 98 47.50164
85 99 87.14079
86 87 57.10357
86 88 71.79262
86 89 64.18292
86 90 22.10684
86 91 50.54926
86 92 64.86062
86 93 66.63947
86 94 20.31092
86 95 60.45438
86 96 77.50041
86 97 34.02175
86 98 23.80927
86 99 69.38721
87 88 62.62271
87 89 39.72370
87 90 77.36114
87 91 7.01447
87 92 99.71008
87 93 9.74649
87 94 67.53683
87 95 16.68820
87 96 31.60083
87 97 62.19593
87 98 36.68040
87 99 57.73005
88 89 23.77522
88 90 91.74713
88 91 63.39046
88 92 61.01961
88 93 63.97361
88 94 62.64831
88 95 47.27964
88 96 46.28562
88 97 43.44817
88 98 53.32290
88 99 4.96795
89 90 86.04164
89 91 41.57268
89 92 75.71146
89 93 40.27292
89 94 62.04847
89 95 23.71794
89 96 24.49802
89 97 46.32221
89 98 41.41710
89 99 18.81455
90 91 70.51340
90 92 71.44509
90 93 87.07106
90 94 31.34812
90 95 82.22333
90 96 99.48599
90 97 50.27013
90 98 45.89331
90 99 89.84218
91 92 96.11197
91 93 16.73331
91 94 61.97644
91 95 20.47826
91 96 37.14807
91 97 58.17826
91 98 31.19041
91 99 58.62911
92 93 106.14912
92 94 44.58995
92 95 91.34048
92 96 99.84652
92 97 38.14549
92 98 67.28333
92 99 63.43536
93 94 76.20536
93 95 16.78615
93 96 26.12664
93 97 69.35579
93 98 45.49907
93 99 59.00625
94 95 65.92207
94 96 80.66472
94 97 19.51818
94 98 30.86357
94 99 61.53564
95 96 18.02639
95 97 55.95075
95 98 37.03506
95 99 42.31771
96 97 67.85202
96 98 53.74443
96 99 41.63613
97 98 29.33048
97 99 42.75211
98 99 49.95629
85.8749 43.7325
49.1698 73.9691
4.4634 69.9115
84.0148 95.8285
66.8938 50.9883
88.9713 78.9171
44.4007 4.8313
24.7974 98.6689
31.2272 13.6664
51.4208 47.4152
38.3237 33.8080
25.1254 64.7399
22.8746 14.9943
15.2732 21.3925
1.7560 43.0003
39.6017 37.6572
28.3002 39.8902
32.7616 92.3418
20.9791 0.8056
67.5305 33.4460
35.3796 32.7388
54.8437 34.7552
9.5425 90.5549
60.6937 68.8352
29.0610 60.8340
52.0811 40.9232
82.6574 50.1820
90.6271 21.2728
48.6292 77.1366
70.0995 83.9188
76.6749 37.0818
58.2722 52.3103
23.4459 88.8955
36.2880 75.7567
67.3426 84.5580
58.2019 92.5604
36.0666 94.8100
28.2729 54.1292
71.1983 41.2826
11.7218 32.7584
29.2052 7.1716
93.6093 88.6229
76.6929 64.3905
4.6864 82.0876
3.4486 52.2669
73.4320 94.0423
49.3738 73.8259
76.0359 61.6233
92.9000 55.6292
8.6838 8.0713
48.2913 8.7270
81.4387 18.5048
21.1678 98.3714
63.1846 46.7745
11.0702 73.0368
61.6480 93.2480
69.2222 87.4660
77.1474 80.4553
85.9378 40.7495
28.1389 65.7721
55.4797 35.9662
61.8672 95.9185
18.4289 37.3869
59.3858 53.4643
78.1291 68.4365
65.9173 56.8129
45.8962 77.5517
91.9419 39.7318
65.2394 91.8695
18.3129 31.5605
81.9135 13.6085
41.7396 3.0859
86.5227 13.7750
15.1235 9.0939
25.6206 95.4894
74.7870 78.5170
30.2576 6.3623
73.1593 17.8772
89.1302 3.4297
19.1854 3.6108
35.0917 66.1596
90.5746 88.3698
45.3588 45.5954
8.9231 58.2801
34.0308 49.0382
94.1591 25.7841
69.9091 29.2900
13.0354 34.4086
36.1061 92.6267
22.8243 72.9073
88.4805 17.2977
19.4071 31.4753
96.9676 88.2369
3.7684 37.4280
79.3340 47.2818
13.5220 51.0897
0.2799 63.3207
68.1319 63.2653
49.1333 40.9196
33.5324 88.3774
