25
0 1 60.86066
0 2 27.65582
0 3 42.30841
0 4 49.43450
0 5 43.19411
0 6 48.06237
0 7 28.60278
0 8 59.62538
0 9 41.52217
0 10 16.46310
0 11 23.03390
0 12 44.01403
0 13 48.52778
0 14 71.12570
0 15 12.99447
0 16 72.74475
0 17 43.87585
0 18 38.30014
0 19 40.73502
0 20 20.41768
0 21 55.64939
0 22 68.07862
0 23 18.66850
0 24 39.39406
1 2 33.25048
1 3 47.39938
1 4 81.09891
1 5 103.88044
1 6 101.61972
1 7 32.60937
1 8 4.27956
1 9 102.38282
1 10 45.26950
1 11 73.69175
1 12 21.64240
1 13 22.17813
1 14 13.28650
1 15 48.17389
1 16 13.01486
1 17 60.80839
1 18 45.02912
1 19 66.67908
1 20 47.08887
1 21 7.95516
1 22 68.58932
1 23 73.62316
1 24 47.06888
2 3 31.67762
2 4 57.33885
2 5 70.63439
2 6 70.40250
2 7 4.51054
2 8 32.28251
2 9 69.16363
2 10 12.28429
2 11 42.30176
2 12 18.07482
2 13 23.54220
2 14 44.12306
2 15 15.32606
2 16 45.42054
2 17 43.69296
2 18 29.51398
2 19 45.84450
2 20 16.93219
2 21 28.57076
2 22 60.04977
2 23 41.22336
2 24 31.74712
3 4 34.40406
3 5 74.91323
3 6 62.10911
3 7 36.14684
3 8 49.36933
3 9 75.70932
3 10 30.29568
3 11 38.42611
3 12 26.59866
3 13 25.28432
3 14 60.68527
3 15 37.98240
3 16 59.94502
3 17 74.53122
3 18 61.12787
3 19 75.34133
3 20 22.59117
3 21 48.06647
3 22 28.52287
3 23 41.94130
3 24 63.32225
4 5 59.22505
4 6 36.07130
4 7 61.51900
4 8 82.57259
4 9 62.27764
4 10 48.75764
4 11 29.16335
4 12 59.59186
4 13 59.34309
4 14 94.32722
4 15 54.30576
4 16 93.90756
4 17 92.27572
4 18 82.95889
4 19 90.02273
4 20 40.94386
4 21 80.60437
4 22 35.43207
4 23 35.25470
4 24 84.71098
5 6 28.41163
5 7 71.79682
5 8 102.78885
5 9 5.28089
5 10 58.71929
5 11 36.63893
5 12 85.63264
5 13 89.33223
5 14 114.31825
5 15 56.15966
5 16 115.91957
5 17 74.60845
5 18 76.38430
5 19 67.65347
5 20 59.08759
5 21 98.84106
5 22 91.88218
5 23 33.15397
5 24 76.61006
6 7 73.17026
6 8 101.70397
6 9 33.07785
6 10 58.36349
6 11 28.12778
6 12 80.71320
6 13 82.77790
6 14 113.83528
6 15 59.53835
6 16 114.52753
6 17 89.53456
6 18 86.27827
6 19 84.28230
6 20 54.61108
6 21 98.49833
6 22 71.31876
6 23 29.89881
6 24 87.23808
7 8 31.08190
7 9 70.01229
7 10 14.82590
7 11 45.20183
7 12 20.37254
7 13 26.07384
7 14 42.52747
7 15 15.68259
7 16 44.17040
7 17 39.67442
7 18 25.15071
7 19 42.27934
7 20 20.78580
7 21 27.05028
7 22 64.46640
7 23 43.62000
7 24 27.41067
8 9 101.08948
8 10 44.50684
8 11 73.64470
8 12 23.00273
8 13 24.49783
8 14 12.15147
8 15 46.76156
8 16 13.14212
8 17 57.10341
8 18 41.47791
8 19 63.19369
8 20 47.09449
8 21 4.46560
8 22 71.64939
8 23 73.22240
8 24 43.45460
9 10 57.52628
9 11 37.95037
9 12 84.80164
9 13 88.75997
9 14 112.42930
9 15 54.32978
9 16 114.18103
9 17 70.45576
9 18 73.03083
9 19 63.29611
9 20 58.65656
9 21 97.04254
9 22 94.03495
9 23 33.77061
9 24 73.13110
10 11 30.37642
10 12 27.55472
10 13 32.11033
10 14 56.39816
10 15 7.69262
10 16 57.62973
10 17 45.45981
10 18 34.32836
10 19 45.34891
10 20 8.57519
10 21 40.84999
10 22 58.34205
10 23 28.97149
10 24 36.19392
11 12 53.15649
11 13 55.75236
11 14 85.75972
11 15 32.46776
11 16 86.53755
11 17 66.87210
11 18 60.69131
11 19 63.29285
11 20 26.60398
11 21 70.38634
11 22 56.59208
11 23 6.09202
11 24 61.98831
12 13 5.76346
12 14 34.76956
12 15 32.85621
12 16 34.61973
12 17 58.74266
12 18 43.09505
12 19 62.23433
12 20 26.91113
12 21 21.46797
12 22 51.30982
12 23 53.84589
12 24 45.43002
13 14 35.44662
13 15 37.92727
13 16 34.66680
13 17 64.46433
13 18 48.75760
13 19 67.99778
13 20 30.25652
13 21 23.97408
13 22 47.68284
13 23 56.98899
13 24 51.09054
14 15 58.16512
14 16 3.84800
14 17 63.25152
14 18 48.65881
14 19 70.18846
14 20 59.23140
14 21 15.55587
14 22 81.20881
14 23 85.22978
14 24 50.32163
15 16 59.85260
15 17 38.53213
15 18 28.90906
15 19 37.89251
15 20 15.89153
15 21 42.72391
15 22 65.93957
15 23 29.63955
15 24 30.51867
16 17 66.64389
16 18 51.82332
16 19 73.44497
16 20 59.94044
16 21 17.16095
16 22 79.40860
16 23 86.27204
16 24 53.55340
17 18 16.07525
17 19 8.37778
17 20 54.03353
17 21 52.87447
17 22 103.04224
17 23 62.04710
17 24 13.85915
18 19 21.73575
18 20 42.64604
18 21 37.15148
18 22 89.55797
18 23 56.91320
18 24 2.33578
19 20 53.77291
19 21 58.84213
19 22 103.64619
19 23 58.05833
19 24 19.89545
20 21 43.96778
20 22 50.11452
20 23 26.93487
20 24 44.57889
21 22 71.61416
21 23 69.71760
21 24 39.16355
22 23 61.88778
22 24 91.77438
23 24 58.05198
49.9822 60.2826
18.9389 7.9344
36.8980 35.9177
64.6185 20.5865
94.1928 38.1649
76.2177 94.5963
95.9880 74.1915
32.6773 37.5085
16.1530 11.1830
71.1310 96.0152
45.8293 44.3519
72.9131 58.1067
38.1572 17.8868
40.6057 12.6693
6.1735 4.2499
41.3275 50.5897
8.0094 0.8681
6.7039 67.4992
12.4815 52.4981
11.7057 74.2200
53.2964 40.1357
16.8114 15.5998
87.3778 3.3944
68.5365 62.3444
11.0396 54.3357
