100
0 1 53.79593
0 2 24.17145
0 3 35.85746
0 4 56.99419
0 5 61.78623
0 6 45.90119
0 7 71.84183
0 8 45.15676
0 9 34.73850
0 10 36.82542
0 11 54.85034
0 12 77.42065
0 13 46.30573
0 14 76.15790
0 15 36.01292
0 16 55.12598
0 17 18.52976
0 18 50.28823
0 19 66.53898
0 20 83.69473
0 21 81.37340
0 22 58.48353
0 23 45.07514
0 24 28.08815
0 25 29.70678
0 26 57.42980
0 27 25.03896
0 28 75.53830
0 29 15.49786
0 30 91.68915
0 31 46.61086
0 32 43.83717
0 33 69.52215
0 34 33.99672
0 35 22.79412
0 36 20.35257
0 37 41.50036
0 38 14.01079
0 39 28.33199
0 40 37.60172
0 41 44.03535
0 42 47.84353
0 43 58.40783
0 44 65.65165
0 45 25.22931
0 46 44.65926
0 47 57.73732
0 48 28.73700
0 49 35.97374
0 50 42.07324
0 51 29.58654
0 52 22.69640
0 53 90.36742
0 54 66.32327
0 55 88.50307
0 56 22.38264
0 57 24.35344
0 58 72.34594
0 59 28.68181
0 60 15.47540
0 61 37.04136
0 62 54.14012
0 63 16.98399
0 64 18.10876
0 65 48.17515
0 66 57.67600
0 67 64.40964
0 68 64.15538
0 69 65.38308
0 70 26.59626
0 71 30.60865
0 72 41.24697
0 73 36.52498
0 74 30.34120
0 75 72.23338
0 76 57.32087
0 77 25.84229
0 78 75.56664
0 79 50.17504
0 80 29.88660
0 81 11.33084
0 82 35.55016
0 83 41.68498
0 84 29.42393
0 85 41.00483
0 86 41.48407
0 87 29.25994
0 88 68.07126
0 89 57.29025
0 90 20.51271
0 91 47.23253
0 92 54.62842
0 93 10.28100
0 94 30.69119
0 95 27.43634
0 96 23.48681
0 97 32.40692
0 98 41.15920
0 99 21.79643
1 2 74.25989
1 3 69.28055
1 4 26.56910
1 5 8.26845
1 6 8.62449
1 7 18.05184
1 8 71.83789
1 9 42.94360
1 10 76.89360
1 11 59.40957
1 12 45.25714
1 13 23.80565
1 14 23.69260
1 15 33.82237
1 16 48.99900
1 17 70.81692
1 18 11.38452
1 19 15.67827
1 20 45.05474
1 21 51.43985
1 22 14.81297
1 23 48.54018
1 24 47.09499
1 25 80.20261
1 26 12.37830
1 27 56.64198
1 28 47.45473
1 29 38.42793
1 30 51.00099
1 31 75.83951
1 32 31.60655
1 33 50.04547
1 34 63.82468
1 35 59.74124
1 36 34.34722
1 37 65.39295
1 38 48.67740
1 39 38.07278
1 40 55.79146
1 41 17.86235
1 42 30.01822
1 43 8.17679
1 44 46.48848
1 45 59.76933
1 46 30.92840
1 47 38.52625
1 48 60.39897
1 49 23.81540
1 50 15.00378
1 51 53.90183
1 52 66.05978
1 53 49.36599
1 54 18.31273
1 55 46.93950
1 56 75.51848
1 57 31.69057
1 58 21.02860
1 59 27.35014
1 60 45.78538
1 61 56.79513
1 62 26.47631
1 63 54.78843
1 64 63.75192
1 65 49.18899
1 66 16.32985
1 67 20.63952
1 68 62.51967
1 69 53.45822
1 70 79.65605
1 71 46.42432
1 72 23.12246
1 73 74.33954
1 74 52.13254
1 75 35.09134
1 76 27.25835
1 77 60.66987
1 78 36.89649
1 79 24.26519
1 80 63.69243
1 81 64.58009
1 82 57.83923
1 83 75.75957
1 84 24.44982
1 85 17.86173
1 86 30.42471
1 87 37.06310
1 88 53.27047
1 89 5.29047
1 90 68.95567
1 91 22.59270
1 92 51.71083
1 93 50.40915
1 94 69.53328
1 95 45.47725
1 96 67.29992
1 97 28.76927
1 98 41.49286
1 99 40.51298
2 3 52.11666
2 4 80.85839
2 5 82.50724
2 6 67.23660
2 7 91.91667
2 8 34.45152
2 9 41.85900
2 10 48.58673
2 11 54.01382
2 12 87.49677
2 13 60.72504
2 14 94.68827
2 15 47.79282
2 16 78.72382
2 17 23.54673
2 18 72.72260
2 19 84.83155
2 20 95.57055
2 21 105.54479
2 22 81.15375
2 23 68.33449
2 24 33.90934
2 25 32.08312
2 26 79.82833
2 27 45.48696
2 28 99.70966
2 29 36.83324
2 30 103.69136
2 31 33.57549
2 32 55.44590
2 33 75.88406
2 34 26.63373
2 35 19.10693
2 36 40.04425
2 37 34.37767
2 38 37.47245
2 39 40.02328
2 40 36.58374
2 41 67.18353
2 42 71.95975
2 43 77.32625
2 44 72.70614
2 45 44.32427
2 46 68.80343
2 47 81.90078
2 48 23.90401
2 49 52.63176
2 50 64.52857
2 51 51.18478
2 52 11.63232
2 53 102.61078
2 54 83.59134
2 55 101.13921
2 56 9.00983
2 57 47.80043
2 58 94.16160
2 59 47.07166
2 60 28.71573
2 61 35.31398
2 62 78.05377
2 63 38.00670
2 64 11.17158
2 65 71.47362
2 66 74.27336
2 67 87.38691
2 68 63.77807
2 69 69.44243
2 70 23.52628
2 71 36.30817
2 72 64.91952
2 73 20.61315
2 74 52.44110
2 75 84.92547
2 76 70.48984
2 77 44.57145
2 78 88.37645
2 79 64.19107
2 80 22.06998
2 81 13.93520
2 82 56.37855
2 83 26.78549
2 84 51.04680
2 85 63.93351
2 86 53.86073
2 87 53.41860
2 88 72.77145
2 89 78.43855
2 90 31.07755
2 91 70.94759
2 92 57.60770
2 93 23.87395
2 94 45.32613
2 95 50.88747
2 96 37.31883
2 97 47.89484
2 98 65.04011
2 99 34.98583
3 4 57.00977
3 5 75.19076
3 6 60.77464
3 7 85.51549
3 8 80.58117
3 9 68.51564
3 10 9.88635
3 11 90.01812
3 12 105.54724
3 13 73.17371
3 14 92.81726
3 15 66.96104
3 16 39.60210
3 17 29.06792
3 18 60.36989
3 19 84.78251
3 20 109.60764
3 21 71.22105
3 22 65.80360
3 23 29.78127
3 24 63.01238
3 25 26.72004
3 26 66.10889
3 27 13.63262
3 28 65.82646
3 29 42.69942
3 30 116.98045
3 31 81.56751
3 32 73.75147
3 33 101.00176
3 34 69.60828
3 35 58.29976
3 36 47.60677
3 37 77.28804
3 38 26.23509
3 39 60.69775
3 40 73.28323
3 41 52.55271
3 42 46.40965
3 43 76.56780
3 44 96.90196
3 45 11.49809
3 46 43.40980
3 47 49.88502
3 48 64.44219
3 49 62.18730
3 50 54.29645
3 51 15.42930
3 52 56.36696
3 53 115.45800
3 54 86.44689
3 55 113.24550
3 56 44.62727
3 57 39.92336
3 58 80.82440
3 59 54.59724
3 60 49.93251
3 61 72.80276
3 62 54.25279
3 63 19.93209
3 64 51.76136
3 65 32.16287
3 66 80.00494
3 67 69.19358
3 68 98.94873
3 69 98.38491
3 70 34.12583
3 71 65.32446
3 72 47.37320
3 73 70.14931
3 74 17.35077
3 75 98.07196
3 76 84.07950
3 77 10.64531
3 78 101.00430
3 79 76.91405
3 80 65.25415
3 81 39.50552
3 82 13.32994
3 83 75.92005
3 84 48.86961
3 85 51.57028
3 86 71.09555
3 87 32.22006
3 88 100.61135
3 89 70.26080
3 90 21.26064
3 91 51.09329
3 92 88.62774
3 93 45.85639
3 94 7.07661
3 95 23.80340
3 96 14.81422
3 97 60.81442
3 98 32.65262
3 99 54.67275
4 5 26.57189
4 6 23.64205
4 7 34.32112
4 8 88.76889
4 9 61.61094
4 10 66.35680
4 11 81.70887
4 12 71.75165
4 13 47.63948
4 14 43.58834
4 15 53.44670
4 16 25.18695
4 17 69.41934
4 18 16.00805
4 19 39.54812
4 20 70.76831
4 21 27.51922
4 22 13.32081
4 23 29.16565
4 24 62.90310
4 25 75.85483
4 26 15.27450
4 27 47.64596
4 28 22.46058
4 29 44.95479
4 30 75.91784
4 31 92.19179
4 32 54.25217
4 33 76.16225
4 34 78.86223
4 35 71.50899
4 36 43.76618
4 37 82.66429
4 38 46.02930
4 39 54.31300
4 40 73.71589
4 41 15.56672
4 42 10.73210
4 43 34.21246
4 44 72.42962
4 45 50.92998
4 46 14.00113
4 47 12.67441
4 48 74.30856
4 49 42.56298
4 50 20.35900
4 51 42.55052
4 52 75.90684
4 53 74.27319
4 54 43.46877
4 55 71.80660
4 56 79.08226
4 57 33.15081
4 58 25.68264
4 59 41.17965
4 60 56.14313
4 61 74.35626
4 62 2.96779
4 63 49.75768
4 64 72.30883
4 65 28.35984
4 66 42.89477
4 67 13.13124
4 68 86.45206
4 69 78.73108
4 70 78.32273
4 71 63.25272
4 72 16.06607
4 73 87.29162
4 74 40.39473
4 75 61.44160
4 76 53.42943
4 77 51.63721
4 78 62.97601
4 79 49.24457
4 80 77.23476
4 81 68.23484
4 82 43.78484
4 83 90.31433
4 84 32.68329
4 85 19.05274
4 86 52.30090
4 87 29.33194
4 88 78.95651
4 89 23.23254
4 90 64.82312
4 91 10.08378
4 92 75.08696
4 93 58.45210
4 94 59.88218
4 95 35.99738
4 96 60.81845
4 97 46.23445
4 98 24.40552
4 99 53.64496
5 6 15.98193
5 7 10.48046
5 8 79.51985
5 9 50.60119
5 10 83.24338
5 11 65.81251
5 12 46.50337
5 13 30.37511
5 14 18.04580
5 15 41.45705
5 16 50.99776
5 17 78.50474
5 18 14.95337
5 19 13.04179
5 20 44.45559
5 21 48.21533
5 22 13.27418
5 23 52.20931
5 24 55.10881
5 25 87.59620
5 26 11.36265
5 27 63.02633
5 28 44.97340
5 29 46.50872
5 30 49.35847
5 31 83.58715
5 32 38.41829
5 33 53.69581
5 34 71.80233
5 35 67.96461
5 36 42.55083
5 37 73.06239
5 38 55.95040
5 39 46.13350
5 40 63.42986
5 41 22.68713
5 42 32.72562
5 43 10.03268
5 44 50.48885
5 45 66.23540
5 46 34.38292
5 47 39.20561
5 48 68.49740
5 49 31.83764
5 50 21.33610
5 51 59.76220
5 52 74.32157
5 53 47.71480
5 54 17.26590
5 55 45.24757
5 56 83.64626
5 57 39.05798
5 58 13.34177
5 59 35.61818
5 60 54.05335
5 61 64.48616
5 62 27.38805
5 63 61.81901
5 64 72.01887
5 65 52.39472
5 66 19.61159
5 67 16.87199
5 68 68.08269
5 69 58.13610
5 70 87.40470
5 71 54.32550
5 72 27.97127
5 73 82.45504
5 74 57.87100
5 75 35.93708
5 76 31.41058
5 77 67.11400
5 78 37.02968
5 79 30.04216
5 80 71.80394
5 81 72.67133
5 82 63.17088
5 83 83.73063
5 84 32.36641
5 85 23.76009
5 86 37.55693
5 87 43.11186
5 88 57.50320
5 89 4.94677
5 90 76.29126
5 91 25.72965
5 92 57.73068
5 93 58.64721
5 94 75.97820
5 95 51.50562
5 96 74.27131
5 97 36.83703
5 98 45.59281
5 99 48.75166
6 7 26.31786
6 8 68.03591
6 9 39.62894
6 10 68.29219
6 11 58.45975
6 12 50.62010
6 13 24.00106
6 14 32.31549
6 15 30.87038
6 16 43.07688
6 17 62.52678
6 18 7.97479
6 19 24.01586
6 20 51.71919
6 21 50.57694
6 22 15.69408
6 23 41.30938
6 24 42.50159
6 25 71.72261
6 26 13.67581
6 27 48.04516
6 28 45.90564
6 29 30.77596
6 30 58.18911
6 31 71.82324
6 32 30.74171
6 33 53.04567
6 34 59.16832
6 35 53.89454
6 36 27.20465
6 37 61.68488
6 38 40.13488
6 39 33.46088
6 40 52.28552
6 41 10.86751
6 42 24.10581
6 43 15.91627
6 44 49.18694
6 45 51.16005
6 46 24.29270
6 47 34.11998
6 48 55.27930
6 49 20.01199
6 50 6.77434
6 51 45.43535
6 52 59.73791
6 53 56.57710
6 54 26.04358
6 55 54.20124
6 56 67.92186
6 57 23.16989
6 58 26.93768
6 59 21.28374
6 60 39.25804
6 61 53.12876
6 62 22.61687
6 63 46.18703
6 64 57.06593
6 65 42.29008
6 66 21.67819
6 67 22.38186
6 68 62.85390
6 69 55.16841
6 70 71.42282
6 71 42.26640
6 72 15.66107
6 73 69.04377
6 74 43.71234
6 75 41.03268
6 76 30.63633
6 77 52.06276
6 78 43.27060
6 79 25.76899
6 80 58.48452
6 81 56.89483
6 82 49.56334
6 83 71.03852
6 84 16.49512
6 85 9.81336
6 86 28.93700
6 87 28.58807
6 88 55.53245
6 89 11.38939
6 90 60.44682
6 91 16.83204
6 92 51.55006
6 93 43.38470
6 94 60.92285
6 95 36.97878
6 96 58.69325
6 97 24.44572
6 98 34.06003
6 99 34.72534
7 8 86.34791
7 9 57.66154
7 10 93.66583
7 11 70.33505
7 12 44.42972
7 13 36.22549
7 14 9.52970
7 15 48.63520
7 16 59.42126
7 17 88.81172
7 18 25.15068
7 19 11.35546
7 20 40.17811
7 21 51.60583
7 22 21.39900
7 23 61.66388
7 24 62.98809
7 25 98.02165
7 26 20.19730
7 27 73.46646
7 28 49.40100
7 29 56.44642
7 30 43.63524
7 31 90.54956
7 32 44.25456
7 33 54.46761
7 34 79.45079
7 35 76.57705
7 36 52.22960
7 37 79.90700
7 38 66.39381
7 39 54.24534
7 40 70.28931
7 41 32.96289
7 42 41.95897
7 43 15.29931
7 44 51.84334
7 45 76.68549
7 46 43.96003
7 47 46.90899
7 48 76.55357
7 49 40.07869
7 50 31.81611
7 51 70.09533
7 52 83.24072
7 53 42.03798
7 54 15.91250
7 55 39.61600
7 56 93.47515
7 57 49.46822
7 58 11.99180
7 59 44.84612
7 60 63.26689
7 61 71.45415
7 62 35.73641
7 63 72.29459
7 64 81.21956
7 65 61.58454
7 66 22.79252
7 67 22.23582
7 68 71.23488
7 69 60.19709
7 70 97.67651
7 71 61.90484
7 72 38.17990
7 73 90.51061
7 74 68.17451
7 75 33.98459
7 76 34.02584
7 77 77.56054
7 78 34.09476
7 79 34.84675
7 80 79.89048
7 81 82.57650
7 82 73.33014
7 83 91.29682
7 84 42.49720
7 85 34.20812
7 86 43.93724
7 87 53.51973
7 88 58.95710
7 89 15.40889
7 90 86.72834
7 91 35.37084
7 92 61.78573
7 93 68.15047
7 94 86.42045
7 95 61.89322
7 96 84.75088
7 97 45.10021
7 98 55.32678
7 99 57.56081
8 9 28.92006
8 10 79.65839
8 11 24.70599
8 12 65.69260
8 13 50.16908
8 14 85.55806
8 15 38.06404
8 16 95.97955
8 17 55.40150
8 18 75.60221
8 19 76.36111
8 20 75.38069
8 21 116.11190
8 22 83.72815
8 23 87.29619
8 24 25.87221
8 25 65.63623
8 26 81.67879
8 27 70.15687
8 28 110.67971
8 29 46.81734
8 30 82.99548
8 31 4.38402
8 32 42.27847
8 33 50.87150
8 34 11.27141
8 35 22.36896
8 36 45.88826
8 37 6.45936
8 38 58.08513
8 39 34.68653
8 40 16.09991
8 41 73.22729
8 42 83.01854
8 43 71.14995
8 44 48.99373
8 45 70.35470
8 46 80.64719
8 47 94.45973
8 48 16.61257
8 49 48.26132
8 50 68.75527
8 51 74.27926
8 52 25.14304
8 53 82.33163
8 54 73.36084
8 55 81.53136
8 56 43.28004
8 57 58.58345
8 58 92.78009
8 59 47.66374
8 60 35.03215
8 61 15.04339
8 62 86.57088
8 63 62.12394
8 64 29.34033
8 65 90.16538
8 66 64.28929
8 67 90.41769
8 68 33.26039
8 69 42.69139
8 70 57.61966
8 71 25.78253
8 72 73.49341
8 73 14.56373
8 74 74.70569
8 75 67.05898
8 76 55.65217
8 77 70.93299
8 78 70.26541
8 79 52.07990
8 80 15.33074
8 81 42.17635
8 82 80.42911
8 83 9.44290
8 84 56.20699
8 85 69.72170
8 86 42.41123
8 87 68.70193
8 88 46.26515
8 89 77.02328
8 90 61.68937
8 91 78.97082
8 92 31.90395
8 93 36.31586
8 94 74.70522
8 95 70.32396
8 96 66.80044
8 97 43.59959
8 98 81.70834
8 99 35.39183
9 10 71.15038
9 11 22.55407
9 12 45.68017
9 13 21.83278
9 14 57.62932
9 15 9.14422
9 16 72.94756
9 17 52.03619
9 18 47.42093
9 19 48.11049
9 20 53.75814
9 21 89.12993
9 22 55.28000
9 23 65.98429
9 24 7.99372
9 25 63.56143
9 26 53.13920
9 27 55.58079
9 28 83.96559
9 29 26.59021
9 30 61.86788
9 31 33.00154
9 32 14.62922
9 33 35.31876
9 34 22.11268
9 35 22.95723
9 36 22.94229
9 37 22.46472
9 38 42.46829
9 39 8.54918
9 40 12.84801
9 41 46.11574
9 42 57.42001
9 43 42.39091
9 44 31.69771
9 45 57.06792
9 46 55.58763
9 47 68.96323
9 48 20.33311
9 49 19.62975
9 50 41.26349
9 51 57.64044
9 52 30.61315
9 53 60.81971
9 54 45.57101
9 55 59.42304
9 56 47.47477
9 57 35.53807
9 58 63.86186
9 59 20.93280
9 60 19.27131
9 61 13.88607
9 62 59.71705
9 63 48.58822
9 64 30.96376
9 65 68.44482
9 66 36.21638
9 67 61.93743
9 68 30.64597
9 69 30.64943
9 70 58.32807
9 71 5.56377
9 72 47.39757
9 73 33.72947
9 74 57.29300
9 75 43.37688
9 76 29.56336
9 77 57.88728
9 78 46.81789
9 79 24.39949
9 80 23.57156
9 81 39.64724
9 82 63.85786
9 83 33.75169
9 84 30.32437
9 85 42.73409
9 86 14.00618
9 87 46.89589
9 88 33.41020
9 89 48.15377
9 90 55.22587
9 91 52.29149
9 92 20.13307
9 93 24.80918
9 94 64.48523
9 95 51.26490
9 96 57.93111
9 97 15.39770
9 98 59.33718
9 99 13.85558
10 11 91.67171
10 12 110.76486
10 13 78.42113
10 14 100.56663
10 15 70.82029
10 16 49.48567
10 17 25.06150
10 18 68.62343
10 19 92.15760
10 20 115.50568
10 21 81.10667
10 22 74.53412
10 23 39.62699
10 24 64.87101
10 25 19.25837
10 26 74.67383
10 27 20.25415
10 28 75.71106
10 29 46.74908
10 30 123.09284
10 31 80.11742
10 32 78.07605
10 33 104.96109
10 34 69.12164
10 35 57.89506
10 36 51.97439
10 37 77.08729
10 38 30.60735
10 39 63.90688
10 40 74.26240
10 41 60.80885
10 42 55.67551
10 43 83.83928
10 44 100.93565
10 45 17.15056
10 46 52.57185
10 47 59.66307
10 48 64.21211
10 49 67.37841
10 50 62.05124
10 51 23.99820
10 52 54.71331
10 53 121.61422
10 54 93.48053
10 55 119.47812
10 56 40.26347
10 57 46.28163
10 58 89.62256
10 59 59.62477
10 60 51.98895
10 61 73.60355
10 62 63.54368
10 63 23.80320
10 64 50.33600
10 65 42.04365
10 66 86.48478
10 67 78.26279
10 68 100.96810
10 69 101.60424
10 70 27.75666
10 71 67.34916
10 72 55.77924
10 73 67.98521
10 74 26.10044
10 75 103.90226
10 76 89.51303
10 77 16.23851
10 78 106.96667
10 79 82.25668
10 80 64.52053
10 81 37.54033
10 82 23.04055
10 83 73.99970
10 84 55.07957
10 85 59.48823
10 86 75.48287
10 87 40.14868
10 88 104.07820
10 89 78.29675
10 90 18.00185
10 91 59.91439
10 92 91.22721
10 93 47.10630
10 94 7.44702
10 95 31.81772
10 96 13.34198
10 97 65.36796
10 98 42.14372
10 99 57.55647
11 12 41.95095
11 13 35.61516
11 14 67.38272
11 15 28.66626
11 16 95.11797
11 17 70.16597
11 18 66.43258
11 19 59.31032
11 20 51.96122
11 21 108.99873
11 22 73.41643
11 23 88.46708
11 24 27.00600
11 25 81.48557
11 26 71.07600
11 27 77.49366
11 28 104.16103
11 29 48.98231
11 30 59.21737
11 31 28.70994
11 32 27.90391
11 33 26.49021
11 34 27.55932
11 35 36.15256
11 36 45.49627
11 37 20.86148
11 38 64.38381
11 39 31.09884
11 40 18.00701
11 41 66.63495
11 42 78.79816
11 43 56.18583
11 44 25.17644
11 45 78.71459
11 46 77.26104
11 47 90.23360
11 48 30.32091
11 49 39.26449
11 50 61.53438
11 51 79.93656
11 52 42.62583
11 53 58.70696
11 54 55.44796
11 55 58.16865
11 56 61.76006
11 57 58.01289
11 58 79.00238
11 59 42.74721
11 60 40.08563
11 61 19.04248
11 62 80.15549
11 63 70.14599
11 64 45.18615
11 65 90.87432
11 66 47.55164
11 67 79.79782
11 68 9.80540
11 69 18.07138
11 70 74.82965
11 71 24.73464
11 72 68.67587
11 73 37.58087
11 74 79.68569
11 75 45.07159
11 76 36.70277
11 77 79.48847
11 78 47.97137
11 79 35.83679
11 80 31.95309
11 81 56.79108
11 82 86.18864
11 83 33.81273
11 84 52.17931
11 85 63.46998
11 86 29.52525
11 87 69.41076
11 88 21.63270
11 89 64.66421
11 90 74.70622
11 91 73.03980
11 92 8.90238
11 93 44.57053
11 94 85.42995
11 95 73.77466
11 96 78.33006
11 97 36.35180
11 98 81.72270
11 99 35.98587
12 13 32.39503
12 14 36.90343
12 15 41.52251
12 16 93.66391
12 17 95.80886
12 18 56.46358
12 19 34.13099
12 20 10.18410
12 21 94.63726
12 22 59.13121
12 23 91.47492
12 24 53.67037
12 25 107.12414
12 26 56.83481
12 27 91.92057
12 28 91.47138
12 29 64.23371
12 30 17.31470
12 31 69.96661
12 32 33.60477
12 33 16.03125
12 34 64.60175
12 35 68.46003
12 36 58.91000
12 37 60.47603
12 38 80.16215
12 39 49.49035
12 40 53.10970
12 41 61.48760
12 42 74.63112
12 43 37.58367
12 44 16.79475
12 45 94.38949
12 46 74.90469
12 47 83.76910
12 48 64.77595
12 49 43.42884
12 50 56.98058
12 51 91.46045
12 52 76.09966
12 53 16.75603
12 54 29.47071
12 55 16.34874
12 56 93.04790
12 57 65.88616
12 58 56.19132
12 59 51.14965
12 60 62.75251
12 61 54.55712
12 62 71.73089
12 63 86.96289
12 64 76.64356
12 65 92.71992
12 66 29.12019
12 67 63.37160
12 68 37.14438
12 69 24.66239
12 70 103.01034
12 71 51.20470
12 72 66.08604
12 73 76.25938
12 74 90.24448
12 75 10.60469
12 76 21.52647
12 77 95.31107
12 78 10.54804
12 79 28.63335
12 80 67.62871
12 81 84.51415
12 82 96.78764
12 83 73.96571
12 84 57.01360
12 85 59.99171
12 86 35.94072
12 87 75.74824
12 88 21.55849
12 89 48.71136
12 90 97.41798
12 91 67.23446
12 92 33.82791
12 93 68.78129
12 94 103.44890
12 95 83.24795
12 96 98.49523
12 97 45.57484
12 98 84.10395
12 99 55.89997
13 14 35.80033
13 15 13.36554
13 16 65.29267
13 17 64.83435
13 18 31.76694
13 19 26.30101
13 20 37.52372
13 21 74.29067
13 22 38.07344
13 23 61.25425
13 24 28.24961
13 25 75.85194
13 26 35.68604
13 27 59.54276
13 28 69.80286
13 29 32.16878
13 30 45.43826
13 31 54.40825
13 32 8.09253
13 33 30.16785
13 34 43.93146
13 35 43.06766
13 36 26.81089
13 37 43.74722
13 38 47.81435
13 39 20.71331
13 40 34.17051
13 41 33.79663
13 42 47.00793
13 43 21.19545
13 44 26.09574
13 45 61.99461
13 46 46.36249
13 47 57.75825
13 48 41.72839
13 49 11.04441
13 50 28.66319
13 51 59.28839
13 52 50.43610
13 53 44.08786
13 54 23.79337
13 55 42.19876
13 56 64.55564
13 57 33.72110
13 58 43.68254
13 59 18.80314
13 60 32.98497
13 61 35.38648
13 62 46.56447
13 63 54.61983
13 64 49.55853
13 65 62.94792
13 66 14.39282
13 67 44.30822
13 68 39.03186
13 69 31.28114
13 70 72.66163
13 71 26.65359
13 72 37.25685
13 73 55.43771
13 74 58.17739
13 75 25.97452
13 76 11.16164
13 77 62.91607
13 78 29.27413
13 79 3.89534
13 80 45.04829
13 81 54.80990
13 82 64.80083
13 83 55.57030
13 84 25.02135
13 85 31.27256
13 86 7.83807
13 87 44.13810
13 88 31.92800
13 89 29.05047
13 90 65.66866
13 91 40.22774
13 92 27.97643
13 93 38.90399
13 94 71.08169
13 95 51.22783
13 96 66.32920
13 97 13.90250
13 98 53.89960
13 99 26.12672
14 15 49.01037
14 16 68.55346
14 17 93.79314
14 18 32.93925
14 19 9.85984
14 20 31.49128
14 21 60.88735
14 22 30.44195
14 23 70.22840
14 24 63.82560
14 25 103.54554
14 26 28.96436
14 27 80.31257
14 28 58.85095
14 29 60.66168
14 30 34.33835
14 31 89.87007
14 32 43.35898
14 33 48.67724
14 34 79.73176
14 35 78.19870
14 36 55.98767
14 37 79.21561
14 38 72.19636
14 39 55.58147
14 40 69.76101
14 41 40.56037
14 42 50.65852
14 43 17.75051
14 44 46.57882
14 45 83.45298
14 46 52.41284
14 47 56.23185
14 48 77.40027
14 49 42.07246
14 50 38.55051
14 51 77.40102
14 52 85.25417
14 53 32.76612
14 54 12.20376
14 55 30.37882
14 56 97.08390
14 57 55.22023
14 58 21.15826
14 59 48.01917
14 60 66.00811
14 61 71.03106
14 62 44.83289
14 63 78.41459
14 64 83.71358
14 65 70.33884
14 66 21.41359
14 67 31.74444
14 68 67.02797
14 69 55.28764
14 70 102.48421
14 71 62.38985
14 72 45.88163
14 73 91.19936
14 74 75.57037
14 75 26.93885
14 76 30.71646
14 77 84.35121
14 78 26.36274
14 79 33.49562
14 80 80.73528
14 81 86.43458
14 82 81.04448
14 83 91.34153
14 84 47.43119
14 85 41.24843
14 86 43.62399
14 87 60.61205
14 88 53.58875
14 89 22.79455
14 90 92.37590
14 91 43.76114
14 92 58.57037
14 93 71.32578
14 94 93.21739
14 95 69.03480
14 96 90.93291
14 97 46.91496
14 98 63.63849
14 99 59.77777
15 16 66.68506
15 17 54.30768
15 18 38.76429
15 19 39.35603
15 20 48.46410
15 21 80.91244
15 22 46.42694
15 23 60.63717
15 24 14.88540
15 25 65.67278
15 26 44.23696
15 27 53.53357
15 28 75.89354
15 29 24.27544
15 30 56.57400
15 31 42.13900
15 32 7.96787
15 33 34.15304
15 34 30.86485
15 35 29.76876
15 36 19.44048
15 37 31.60798
15 38 40.75877
15 39 8.05549
15 40 21.98342
15 41 38.14140
15 42 50.13295
15 43 33.34278
15 44 30.11543
15 45 55.47873
15 46 48.61758
15 47 61.58194
15 48 28.40230
15 49 10.92919
15 50 33.11983
15 51 54.63039
15 52 37.21851
15 53 55.37425
15 54 37.11260
15 55 53.73168
15 56 52.23749
15 57 30.48472
15 58 54.72018
15 59 14.43212
15 60 21.25481
15 61 23.02938
15 62 51.73163
15 63 47.35233
15 64 36.63041
15 65 62.85951
15 66 27.67367
15 67 53.05041
15 68 35.07265
15 69 31.67880
15 70 61.52019
15 71 13.38968
15 72 40.01215
15 73 42.19700
15 74 53.95970
15 75 37.39037
15 76 22.72664
15 77 56.35748
15 78 40.82782
15 79 16.50727
15 80 31.73229
15 81 43.13158
15 82 60.65238
15 83 42.66789
15 84 23.71207
15 85 34.89496
15 86 6.07051
15 87 41.90317
15 88 33.69576
15 89 39.04850
15 90 56.27989
15 91 44.48555
15 92 23.59506
15 93 27.29340
15 94 63.76772
15 95 47.43632
15 96 57.99202
15 97 7.74244
15 98 53.64663
15 99 14.37775
16 17 61.02507
16 18 37.61967
16 19 63.60564
16 20 94.05372
16 21 31.62710
16 22 38.11162
16 23 10.80286
16 24 71.48269
16 25 63.86190
16 26 39.68902
16 27 35.66917
16 28 26.33228
16 29 49.16768
16 30 99.82856
16 31 98.58589
16 32 70.09006
16 33 95.35856
16 34 84.97210
16 35 75.28711
16 36 50.77100
16 37 90.65718
16 38 41.29680
16 39 64.54358
16 40 83.09757
16 41 32.23126
16 42 19.05202
16 43 57.14383
16 44 91.34167
16 45 38.29619
16 46 18.98313
16 47 13.25911
16 48 79.78395
16 49 56.99970
16 50 37.01731
16 51 29.40861
16 52 77.37474
16 53 98.18535
16 54 67.06321
16 55 95.73542
16 56 74.25636
16 57 37.78227
16 58 50.68218
16 59 52.38116
16 60 60.97295
16 61 83.32539
16 62 23.72056
16 63 41.47463
16 64 72.98699
16 65 7.79066
16 66 64.59191
16 67 38.12904
16 68 101.68041
16 69 96.22462
16 70 68.93133
16 71 72.71243
16 72 28.07876
16 73 90.65661
16 74 27.55045
16 75 83.86435
16 76 73.51124
16 77 38.63321
16 78 85.84832
16 79 67.89973
16 80 82.06298
16 81 64.84750
16 82 27.01920
16 83 95.02760
16 84 42.98235
16 85 34.16744
16 86 67.65023
16 87 27.29684
16 88 97.16738
16 89 46.97275
16 90 54.42133
16 91 26.48573
16 92 90.13375
16 93 60.77304
16 94 44.71455
16 95 27.83737
16 96 48.70822
16 97 58.94374
16 98 14.31743
16 99 61.35936
17 18 65.75166
17 19 84.34368
17 20 102.21355
17 21 90.71120
17 22 73.42861
17 23 50.22961
17 24 44.65858
17 25 11.52672
17 26 72.74855
17 27 25.47747
17 28 84.89864
17 29 33.48106
17 30 110.21545
17 31 55.49906
17 32 62.20409
17 33 87.26798
17 34 45.41080
17 35 34.59498
17 36 38.62013
17 37 53.51885
17 38 23.55004
17 39 46.44768
17 40 52.22054
17 41 58.68994
17 42 59.17755
17 43 76.08364
17 44 83.50776
17 45 23.31981
17 46 55.81006
17 47 67.14399
17 48 40.90454
17 49 54.43124
17 50 57.78084
17 51 31.72294
17 52 30.26036
17 53 108.89635
17 54 84.41700
17 55 107.03237
17 56 15.57592
17 57 39.60317
17 58 88.00989
17 59 47.00175
17 60 33.23385
17 61 51.33044
17 62 66.45566
17 63 20.09406
17 64 26.20100
17 65 53.31156
17 66 75.96857
17 67 78.75838
17 68 79.83287
17 69 82.51761
17 70 9.01750
17 71 47.29641
17 72 54.88773
17 73 43.09322
17 74 33.48698
17 75 90.76171
17 76 75.84727
17 77 23.26986
17 78 94.09637
17 79 68.70470
17 80 40.66207
17 81 13.52684
17 82 35.69179
17 83 49.17694
17 84 46.43368
17 85 56.13400
17 86 59.90889
17 87 40.09295
17 88 85.40847
17 89 73.79095
17 90 7.81346
17 91 60.49458
17 92 71.27439
17 93 27.32875
17 94 22.08485
17 95 34.52534
17 96 14.35993
17 97 50.93654
17 98 48.90268
17 99 39.95421
18 19 26.39008
18 20 56.43572
18 21 42.62986
18 22 8.51418
18 23 37.60873
18 24 49.89763
18 25 74.13585
18 26 7.14600
18 27 48.49655
18 28 38.03867
18 29 35.89585
18 30 62.28964
18 31 79.30800
18 32 38.68517
18 33 60.18725
18 34 66.44227
18 35 60.53484
18 36 33.10804
18 37 69.29735
18 38 42.54046
18 39 40.92988
18 40 59.98340
18 41 7.82389
18 42 18.67777
18 43 19.52591
18 44 56.43255
18 45 51.75182
18 46 19.82013
18 47 27.34986
18 48 62.34972
18 49 27.86144
18 50 8.23187
18 51 44.95570
18 52 65.97207
18 53 60.65019
18 54 29.52806
18 55 58.21174
18 56 72.62035
18 57 26.25404
18 58 22.26027
18 59 28.28111
18 60 45.51941
18 61 60.78082
18 62 15.41302
18 63 47.95922
18 64 62.98675
18 65 38.05711
18 66 27.36913
18 67 15.08508
18 68 70.72856
18 69 62.74818
18 70 74.75397
18 71 49.82167
18 72 13.03884
18 73 75.94986
18 74 43.02554
18 75 46.41166
18 76 37.50043
18 77 52.60969
18 78 48.27387
18 79 33.24935
18 80 65.48987
18 81 61.53595
18 82 48.22995
18 83 78.23740
18 84 21.74705
18 85 9.64499
18 86 36.90839
18 87 28.49510
18 88 62.94870
18 89 10.15142
18 90 62.79275
18 91 11.29676
18 92 59.47014
18 93 49.09235
18 94 61.44164
18 95 36.81170
18 96 60.24626
18 97 32.11895
18 98 30.79062
18 99 41.60359
19 20 31.44083
19 21 60.60661
19 22 26.29455
19 23 63.97109
19 24 54.10929
19 25 94.29484
19 26 24.27863
19 27 71.94425
19 28 57.69430
19 29 51.06017
19 30 36.37968
19 31 80.63584
19 32 34.08265
19 33 43.21977
19 34 70.16892
19 35 68.38294
19 36 46.29044
19 37 69.97006
19 38 63.18093
19 39 45.77415
19 40 60.43630
19 41 33.45434
19 42 44.94284
19 43 8.37648
19 44 40.51592
19 45 75.00745
19 46 46.20913
19 47 52.13160
19 48 67.70187
19 49 32.21269
19 50 30.62609
19 51 69.45120
19 52 75.40939
19 53 34.73426
19 54 4.73921
19 55 32.26918
19 56 87.29578
19 57 46.29319
19 58 22.31061
19 59 38.24109
19 60 56.15843
19 61 61.67139
19 62 40.19999
19 63 69.55115
19 64 73.85375
19 65 64.44325
19 66 12.09401
19 67 29.58635
19 68 59.92672
19 69 48.84215
19 70 92.96183
19 71 52.74570
19 72 38.75312
19 73 81.54935
19 74 67.72091
19 75 23.53266
19 76 22.77719
19 77 75.91930
19 78 24.25061
19 79 24.34430
19 80 71.04116
19 81 76.69628
19 82 73.49670
19 83 81.86073
19 84 38.17059
19 85 33.52789
19 86 34.13797
19 87 52.60379
19 88 47.63127
19 89 16.63289
19 90 83.20794
19 91 37.65756
19 92 50.66487
19 93 61.50590
19 94 84.75321
19 95 60.99232
19 96 82.05842
19 97 37.05980
19 98 57.03452
19 99 49.91820
20 21 91.61254
20 22 57.63688
20 23 93.02853
20 24 61.66575
20 25 113.32745
20 26 55.51837
20 27 96.07677
20 28 88.99054
20 29 69.67024
20 30 8.12854
20 31 79.69230
20 32 40.51660
20 33 26.21527
20 34 73.66270
20 35 76.70943
20 36 64.31341
20 37 69.97926
20 38 84.98594
20 39 56.51951
20 40 62.21077
20 41 62.41346
20 42 75.05749
20 43 36.92209
20 44 26.79010
20 45 98.74850
20 46 75.78229
20 47 83.21072
20 48 73.45002
20 49 48.39381
20 50 58.40145
20 51 94.99013
20 52 84.36732
20 53 7.09004
20 54 27.30162
20 55 6.20812
20 56 100.61713
20 57 69.68470
20 58 52.16990
20 59 56.16119
20 60 69.63452
20 61 63.65834
20 62 71.16904
20 63 91.77737
20 64 84.55203
20 65 93.95282
20 66 30.23073
20 67 60.96268
20 68 47.32802
20 69 34.84001
20 70 109.80441
20 71 59.32191
20 72 67.37843
20 73 85.42981
20 74 93.59524
20 75 11.61310
20 76 26.39727
20 77 99.67783
20 78 8.62187
20 79 33.62847
20 80 76.42425
20 81 91.56568
20 82 99.95661
20 83 83.43391
20 84 60.73806
20 85 61.46235
20 86 42.54280
20 87 78.68868
20 88 31.73848
20 89 47.55870
20 90 103.19145
20 91 67.62024
20 92 43.65421
20 93 75.66765
20 94 108.09986
20 95 86.59259
20 96 103.71340
20 97 51.33612
20 98 85.76291
20 99 62.70173
21 22 36.62696
21 23 41.79196
21 24 90.28027
21 25 94.81012
21 26 39.06197
21 27 66.09280
21 28 5.85227
21 29 71.17089
21 30 95.20821
21 31 119.44053
21 32 81.31361
21 33 101.37910
21 34 105.99873
21 35 98.08620
21 36 70.65405
21 37 110.06992
21 38 68.70862
21 39 81.78483
21 40 101.20029
21 41 43.05572
21 42 33.90186
21 43 57.76923
21 44 97.90116
21 45 69.01149
21 46 36.87081
21 47 23.74595
21 48 101.29620
21 49 70.00257
21 50 47.87203
21 51 59.98729
21 52 101.87062
21 53 93.62193
21 54 65.19156
21 55 91.21041
21 56 102.50075
21 57 59.01393
21 58 39.72930
21 59 68.63858
21 60 82.77424
21 61 101.81671
21 62 29.55158
21 63 70.64289
21 64 97.96353
21 65 39.13533
21 66 67.24575
21 67 31.38738
21 68 113.31273
21 69 104.84607
21 70 99.11277
21 71 90.71023
21 72 42.71466
21 73 113.90744
21 74 57.94071
21 75 84.03891
21 76 78.64593
21 77 69.46728
21 78 84.84803
21 79 75.43214
21 80 104.11315
21 81 92.17910
21 82 58.44797
21 83 117.25901
21 84 59.90953
21 85 46.50613
21 86 79.49648
21 87 52.16310
21 88 104.71012
21 89 46.83386
21 90 84.75431
21 91 37.14165
21 92 102.09587
21 93 84.42136
21 94 76.14222
21 95 56.22877
21 96 79.48978
21 97 73.75018
21 98 41.81126
21 99 80.82731
22 23 40.43367
22 24 58.14448
22 25 81.35825
22 26 2.43534
22 27 54.72711
22 28 32.71734
22 29 44.32068
22 30 62.63259
22 31 87.50212
22 32 45.51525
22 33 64.81359
22 34 74.76288
22 35 69.02830
22 36 41.61949
22 37 77.37896
22 38 49.99860
22 39 49.12472
22 40 67.97044
22 41 14.73889
22 42 20.69771
22 43 21.59985
22 44 61.29045
22 45 58.03057
22 46 22.98130
22 47 25.98512
22 48 70.75135
22 49 35.65026
22 50 16.62761
22 51 50.57745
22 52 74.48580
22 53 60.98897
22 54 30.35196
22 55 58.52172
22 56 80.85436
22 57 34.24454
22 58 15.10444
22 59 36.66968
22 60 54.03305
22 61 68.82117
22 62 14.39112
22 63 55.01985
22 64 71.48423
22 65 40.22757
22 66 30.82057
22 67 6.69278
22 68 77.05097
22 69 68.24601
22 70 82.44579
22 71 57.95452
22 72 19.02373
22 73 84.40227
22 74 48.53019
22 75 48.67696
22 76 42.04527
22 77 58.84624
22 78 50.01623
22 79 38.92099
22 80 73.91298
22 81 69.77460
22 82 53.09150
22 83 86.59600
22 84 30.24170
22 85 17.49424
22 86 43.99034
22 87 34.87254
22 88 68.08344
22 89 10.45088
22 90 70.04055
22 91 14.72703
22 92 66.04397
22 93 57.57666
22 94 67.55539
22 95 42.85807
22 96 67.05394
22 97 40.13967
22 98 34.40807
22 99 50.04458
23 24 63.62863
23 25 53.19650
23 26 41.46658
23 27 24.86933
23 28 36.23867
23 29 40.80984
23 30 99.40512
23 31 89.65900
23 32 65.02362
23 33 91.38672
23 34 76.14003
23 35 66.02715
23 36 43.20374
23 37 82.26061
23 38 31.10073
23 39 57.44962
23 40 75.24349
23 41 30.72982
23 42 19.73685
23 43 56.66127
23 44 87.27949
23 45 27.53491
23 46 17.83281
23 47 20.22537
23 48 70.86769
23 49 51.86458
23 50 34.65676
23 51 18.61232
23 52 67.58628
23 53 97.78169
23 54 66.84750
23 55 95.37964
23 56 63.60631
23 57 30.45498
23 58 54.57272
23 59 46.20995
23 60 52.31032
23 61 75.33771
23 62 26.82325
23 63 30.78714
23 64 63.10388
23 65 3.14343
23 66 62.91241
23 67 42.17635
23 68 95.67132
23 69 91.33948
23 70 58.13558
23 71 65.11028
23 72 25.65299
23 73 81.10469
23 74 16.74874
23 75 82.23809
23 76 70.51848
23 77 27.90065
23 78 84.56459
23 79 64.28039
23 80 72.94923
23 81 54.41552
23 82 16.70042
23 83 85.72947
23 84 37.19637
23 85 31.60233
23 86 62.44968
23 87 19.12192
23 88 92.63216
23 89 47.65717
23 90 43.62868
23 91 26.48283
23 92 84.23115
23 93 51.46997
23 94 34.36020
23 95 17.63998
23 96 37.97736
23 97 53.00355
23 98 7.38856
23 99 53.54044
24 25 56.17554
24 26 56.17738
24 27 50.58374
24 28 84.88687
24 29 22.94518
24 30 69.78433
24 31 29.43126
24 32 21.88999
24 33 43.06944
24 34 16.74473
24 35 15.17049
24 36 20.72484
24 37 19.79887
24 38 37.51540
24 39 9.06988
24 40 11.62988
24 41 47.35629
24 42 57.43589
24 43 47.71057
24 44 39.54703
24 45 51.72550
24 46 55.22195
24 47 68.94781
24 48 13.60166
24 49 23.28436
24 50 42.90054
24 51 53.33641
24 52 22.78895
24 53 68.71326
24 54 51.98616
24 55 67.27283
24 56 39.50054
24 57 33.70531
24 58 68.11829
24 59 21.80207
24 60 13.07998
24 61 11.86552
24 62 60.73044
24 63 43.15170
24 64 22.97365
24 65 66.29931
24 66 42.54067
24 67 64.83569
24 68 36.10746
24 69 37.86989
24 70 50.61507
24 71 2.64825
24 72 47.75000
24 73 27.52772
24 74 53.25458
24 75 51.13396
24 76 36.99834
24 77 52.49251
24 78 54.58262
24 79 31.27341
24 80 16.94364
24 81 31.95076
24 82 59.61532
24 83 28.67603
24 84 30.41697
24 85 43.85292
24 86 20.70899
24 87 44.56992
24 88 40.82462
24 89 52.11742
24 90 48.35247
24 91 53.14150
24 92 26.68344
24 93 17.85713
24 94 58.48983
24 95 47.76251
24 96 51.54965
24 97 18.33946
24 98 57.43703
24 99 10.12814
25 26 80.93202
25 27 28.82527
25 28 89.12052
25 29 44.03596
25 30 121.28604
25 31 65.32131
25 32 73.53115
25 33 98.77959
25 34 56.13373
25 35 45.63577
25 36 49.30977
25 37 64.25353
25 38 31.66765
25 39 57.87143
25 40 63.49949
25 41 66.71538
25 42 65.25841
25 43 85.95827
25 44 95.00596
25 45 25.80724
25 46 61.90898
25 47 71.83590
25 48 51.87311
25 49 65.25478
25 50 66.46215
25 51 34.82961
25 52 40.61968
25 53 119.93958
25 54 94.66250
25 55 118.02822
25 56 23.14046
25 57 48.55522
25 58 96.25368
25 59 57.67376
25 60 44.69962
25 61 62.56047
25 62 72.89701
25 63 26.36757
25 64 36.92669
25 65 56.08129
25 66 86.47784
25 67 86.22278
25 68 91.19154
25 69 94.03941
25 70 9.01015
25 71 58.81532
25 72 62.42704
25 73 52.53829
25 74 36.90275
25 75 101.82134
25 76 86.93323
25 77 25.34440
25 78 105.12410
25 79 79.73862
25 80 51.34567
25 81 24.69548
25 82 37.02574
25 83 58.70990
25 84 56.13888
25 85 64.50149
25 86 71.19031
25 87 46.84921
25 88 96.93500
25 89 82.76777
25 90 11.34321
25 91 67.65288
25 92 82.76953
25 93 38.83129
25 94 19.97925
25 95 39.91654
25 96 15.34829
25 97 61.99273
25 98 53.43150
25 99 51.35692
26 27 54.71998
26 28 35.12949
26 29 43.01337
26 30 60.65546
26 31 85.48769
26 32 43.17215
26 33 62.38843
26 34 72.83783
26 35 67.32768
26 36 40.09815
26 37 75.31099
26 38 49.42912
26 39 47.13514
26 40 65.86693
26 41 14.22529
26 42 21.77140
26 43 19.26887
26 44 58.85894
26 45 58.00894
26 46 23.79385
26 47 27.86275
26 48 68.90283
26 49 33.51604
26 50 15.37703
26 51 50.79160
26 52 72.92025
26 53 59.01034
26 54 28.21721
26 55 56.54443
26 56 79.76581
26 57 33.34035
26 58 15.32206
26 59 34.84166
26 60 52.43898
26 61 66.73919
26 62 16.03129
26 63 54.65536
26 64 70.01438
26 65 41.42674
26 66 28.42449
26 67 8.81575
26 68 74.64551
26 69 65.81182
26 70 81.75934
26 71 55.92312
26 72 18.92583
26 73 82.61363
26 74 48.78135
26 75 46.41081
26 76 39.61610
26 77 58.84252
26 78 47.81352
26 79 36.49700
26 80 72.08793
26 81 68.68141
26 82 53.56976
26 83 84.69835
26 84 28.80688
26 85 16.62462
26 86 41.68407
26 87 34.75968
26 88 65.64872
26 89 8.12362
26 90 69.59585
26 91 15.28033
26 92 63.66093
26 93 56.15019
26 94 67.61015
26 95 42.89809
26 96 66.81749
26 97 38.07921
26 98 35.19609
26 99 48.25856
27 28 60.36522
27 29 29.35556
27 30 103.50885
27 31 71.64633
27 32 60.19548
27 33 87.48519
27 34 58.94878
27 35 47.81639
27 36 34.11754
27 37 66.25011
27 38 13.12481
27 39 47.54432
27 40 61.34404
27 41 40.70651
27 42 36.93040
27 43 63.64554
27 44 83.37394
27 45 3.31401
27 46 33.64819
27 47 43.01064
27 48 53.64576
27 49 48.55474
27 50 41.80209
27 51 6.26595
27 52 47.25137
27 53 101.99887
27 54 73.36895
27 55 99.80960
27 56 39.62697
27 57 26.43446
27 58 69.83008
27 59 40.97388
27 60 37.58412
27 61 61.00288
27 62 44.72874
27 63 8.06284
27 64 42.57420
27 65 27.90903
27 66 66.63698
27 67 58.87020
27 68 86.17549
27 69 85.08156
27 70 33.26898
27 71 52.76335
27 72 35.79447
27 73 61.20359
27 74 8.17708
27 75 84.52080
27 76 70.46294
27 77 4.12255
27 78 87.48455
27 79 63.28823
27 80 54.91841
27 81 31.72957
27 82 10.90778
27 83 66.58505
27 84 35.35873
27 85 39.26624
27 86 57.53221
27 87 20.00519
27 88 87.22321
27 89 58.07982
27 90 18.77122
27 91 40.30497
27 92 75.60446
27 93 34.25238
27 94 12.95433
27 95 11.88627
27 96 13.48171
27 97 47.23985
27 98 24.61079
27 99 41.73438
28 29 65.48236
28 30 93.00158
28 31 113.95547
28 32 76.62412
28 33 97.49993
28 34 100.47386
28 35 92.42341
28 36 65.09081
28 37 104.68526
28 38 62.85648
28 39 76.48567
28 40 95.90596
28 41 37.85013
28 42 28.17294
28 43 54.20066
28 44 93.92481
28 45 63.31420
28 46 31.08853
28 47 17.89389
28 48 95.72536
28 49 65.02037
28 50 42.78018
28 51 54.29092
28 52 96.11961
28 53 91.39254
28 54 62.16527
28 55 88.95435
28 56 96.64864
28 57 53.30852
28 58 37.82057
28 59 63.33835
28 60 77.13636
28 61 96.48958
28 62 24.25416
28 63 64.82252
28 64 92.18597
28 65 33.67399
28 66 63.53103
28 67 28.13045
28 68 108.75493
28 69 100.63118
28 70 93.32783
28 71 85.38668
28 72 37.20155
28 73 108.24143
28 74 52.22833
28 75 80.91049
28 76 74.71218
28 77 63.78666
28 78 81.92066
28 79 71.14103
28 80 98.51051
28 81 86.33053
28 82 52.93047
28 83 111.66606
28 84 54.47842
28 85 41.24898
28 86 74.72174
28 87 46.31832
28 88 100.63907
28 89 43.11180
28 90 78.99306
28 91 31.77175
28 92 97.44882
28 93 78.68496
28 94 70.59690
28 95 50.40215
28 96 73.78732
28 97 68.62195
28 98 36.00884
28 99 75.34227
29 30 77.52103
29 31 49.52482
29 32 31.33319
29 33 58.39096
29 34 35.88534
29 35 26.96854
29 36 5.35804
29 37 41.53412
29 38 16.48343
29 39 18.29224
29 40 34.50023
29 41 30.52672
29 42 37.32081
29 43 42.91127
29 44 54.32000
29 45 31.20958
29 46 34.57646
29 47 48.39010
29 48 30.79352
29 49 21.31640
29 50 27.69545
29 51 31.05617
29 52 30.95228
29 53 76.13027
29 54 50.95815
29 55 74.15290
29 56 37.15511
29 57 12.19107
29 58 57.54940
29 59 13.64625
29 60 11.90368
29 61 34.54474
29 62 42.32104
29 63 23.11016
29 64 27.46073
29 65 43.56395
29 66 42.50560
29 67 50.58466
29 68 57.21974
29 69 55.72933
29 70 41.93811
29 71 24.65900
29 72 28.89576
29 73 42.77153
29 74 30.71448
29 75 58.08554
29 76 43.32938
29 77 32.08491
29 78 61.32064
29 79 36.06071
29 80 33.31381
29 81 26.16278
29 82 37.26767
29 83 46.45870
29 84 14.33001
29 85 27.18842
29 86 28.73392
29 87 21.92529
29 88 57.91327
29 89 42.13779
29 90 33.55508
29 91 34.87996
29 92 46.38873
29 93 13.52393
29 94 39.58743
29 95 24.88631
29 96 34.26252
29 97 18.67512
29 98 34.92234
29 99 13.06245
30 31 87.27620
30 32 48.63281
30 33 32.97203
30 34 81.60452
30 35 84.81379
30 36 72.16991
30 37 77.72077
30 38 92.64788
30 39 64.62864
30 40 70.13208
30 41 68.68278
30 42 80.96716
30 43 42.82648
30 44 34.09847
30 45 106.24172
30 46 81.91931
30 47 88.51127
30 48 81.49231
30 49 56.21199
30 50 64.94114
30 51 102.20373
30 52 92.47196
30 53 1.64574
30 54 32.77078
30 55 4.11124
30 56 108.74213
30 57 77.07850
30 58 55.48422
30 59 63.95526
30 60 77.72237
30 61 71.58060
30 62 76.56423
30 63 99.42309
30 64 92.67826
30 65 100.16826
30 66 37.13237
30 67 65.31292
30 68 53.90876
30 69 41.65322
30 70 117.86133
30 71 67.43138
30 72 73.77933
30 73 93.33753
30 74 100.74541
30 75 19.46480
30 76 34.36832
30 77 107.17175
30 78 16.20300
30 79 41.54852
30 80 84.44179
30 81 99.65887
30 82 107.01851
30 83 91.20036
30 84 68.15118
30 85 67.99548
30 86 50.63540
30 87 85.73307
30 88 38.35342
30 89 52.93458
30 90 111.06818
30 91 73.56955
30 92 51.14224
30 93 83.75202
30 94 115.66950
30 95 93.76208
30 96 111.45284
30 97 59.29913
30 98 92.22243
30 99 70.78714
31 32 46.55807
31 33 55.02728
31 34 13.64088
31 35 23.93724
31 36 48.96139
31 37 10.66583
31 38 59.92120
31 39 38.38462
31 40 20.26031
31 41 76.68780
31 42 86.14308
31 43 75.32529
31 44 53.23879
31 45 71.65008
31 46 83.68374
31 47 97.52207
31 48 18.80954
31 49 52.16990
31 50 72.31314
31 51 76.02560
31 52 25.40820
31 53 86.62851
31 54 77.67724
31 55 85.85076
31 56 42.55039
31 57 61.46802
31 58 96.81697
31 59 51.21731
31 60 37.64104
31 61 19.12312
31 62 89.93288
31 63 63.58587
31 64 29.88098
31 65 92.57829
31 66 68.57469
31 67 94.19478
31 68 36.91268
31 69 46.76047
31 70 57.03247
31 71 29.57050
31 72 76.75411
31 73 13.01425
31 74 76.56398
31 75 71.43198
31 76 60.02171
31 77 72.18452
31 78 74.63206
31 79 56.38143
31 80 16.84133
31 81 42.58405
31 82 82.10124
31 83 6.99002
31 84 59.54558
31 85 73.17111
31 86 46.62568
31 87 71.28943
31 88 50.32965
31 89 80.99843
31 90 62.11559
31 91 82.32126
31 92 36.15073
31 93 38.32196
31 94 75.48351
31 95 72.47853
31 96 67.49333
31 97 47.43107
31 98 84.28049
31 99 38.61542
32 33 27.34022
32 34 36.63452
32 35 37.04102
32 36 26.19337
32 37 35.89326
32 38 47.71274
32 39 16.01607
32 40 26.40233
32 41 39.66145
32 42 52.48725
32 43 29.28431
32 44 23.20694
32 45 62.33127
32 46 51.43553
32 47 63.62255
32 48 34.93385
32 49 13.17267
32 50 34.48414
32 51 60.77919
32 52 44.61407
32 53 47.44923
32 54 31.20024
32 55 45.84241
32 56 60.13039
32 57 35.75612
32 58 51.74226
32 59 19.57825
32 60 29.21769
32 61 27.67530
32 62 52.91585
32 63 54.42004
32 64 44.31742
32 65 66.99952
32 66 22.01710
32 67 51.89896
32 68 32.25452
32 69 26.31599
32 70 69.47930
32 71 19.90867
32 72 42.45521
32 73 48.33399
32 74 59.92518
32 75 29.53236
32 76 15.11304
32 77 63.22878
32 78 32.97904
32 79 9.88546
32 80 38.19200
32 81 51.09878
32 82 66.62679
32 83 48.05507
32 84 27.86806
32 85 36.77028
32 86 2.68151
32 87 46.89583
32 88 27.74312
32 89 36.88691
32 90 63.97465
32 91 46.13945
32 92 20.83494
32 93 35.25726
32 94 70.91650
32 95 53.17587
32 96 65.42781
32 97 12.97327
32 98 57.80667
32 99 22.32313
33 34 51.25134
33 35 56.82293
33 36 53.39506
33 37 46.15091
33 38 74.86016
33 39 41.26499
33 40 39.91234
33 41 63.48563
33 42 76.82286
33 43 43.77650
33 44 4.15050
33 45 89.54657
33 46 76.38720
33 47 87.16560
33 48 52.29456
33 49 39.93967
33 50 58.46581
33 51 88.11099
33 52 64.27026
33 53 32.60834
33 54 38.56258
33 55 32.36446
33 56 82.34810
33 57 62.93516
33 58 65.35861
33 59 46.87824
33 60 54.14700
33 61 41.32115
33 62 75.52188
33 63 81.49240
33 64 65.54420
33 65 93.11299
33 66 34.19398
33 67 70.12483
33 68 21.11359
33 69 8.68265
33 70 93.63918
33 71 40.43938
33 72 67.28193
33 73 62.50940
33 74 87.22830
33 75 22.33953
33 76 22.79379
33 77 90.43490
33 78 24.30938
33 79 27.47598
33 80 54.82108
33 81 74.95831
33 82 93.92490
33 83 59.58184
33 84 54.67498
33 85 61.21974
33 86 30.01970
33 87 73.85963
33 88 5.55420
33 89 54.54796
33 90 90.00441
33 91 69.78384
33 92 19.17691
33 93 59.94954
33 94 97.92067
33 95 80.43215
33 96 92.05838
33 97 40.31025
33 98 84.04621
33 99 47.77430
34 35 11.31406
34 36 35.40758
34 37 8.12144
34 38 46.81561
34 39 25.80921
34 40 11.49275
34 41 63.42542
34 42 72.58025
34 43 64.15157
34 44 48.59094
34 45 59.22255
34 46 70.08395
34 47 83.92741
34 48 5.34117
34 49 40.00930
34 50 59.19912
34 51 63.01457
34 52 15.70489
34 53 80.74192
34 54 67.68368
34 55 79.62931
34 56 34.82797
34 57 47.83619
34 58 84.85172
34 59 38.18443
34 60 24.00862
34 61 10.04651
34 62 76.54164
34 63 50.93223
34 64 19.23577
34 65 79.03481
34 66 58.32196
34 67 81.44670
34 68 37.24824
34 69 43.99532
34 70 48.63538
34 71 17.54887
34 72 63.28667
34 73 11.85515
34 74 63.43435
34 75 64.17037
34 76 51.22326
34 77 59.82116
34 78 67.54105
34 79 46.47818
34 80 4.79351
34 81 31.94570
34 82 69.17300
34 83 11.93496
34 84 46.17946
34 85 59.90155
34 86 36.11591
34 87 57.67573
34 88 47.47518
34 89 68.86057
34 90 51.25904
34 91 68.92695
34 92 32.24013
34 93 25.04494
34 94 63.89522
34 95 59.08754
34 96 56.08547
34 97 35.08260
34 98 70.67391
34 99 25.21740
35 36 27.81091
35 37 19.19227
35 38 35.98719
35 39 22.61984
35 40 18.19808
35 41 56.46577
35 42 64.27838
35 43 61.47420
35 44 53.60665
35 45 47.98622
35 46 61.54279
35 47 75.34446
35 48 6.34287
35 49 36.50694
35 50 52.76261
35 51 52.09317
35 52 7.65818
35 53 83.77478
35 54 66.59315
35 55 82.37766
35 56 25.84521
35 57 39.15948
35 58 80.50362
35 59 32.64300
35 60 15.36646
35 61 17.11009
35 62 68.99097
35 63 39.77193
35 64 9.05396
35 65 69.00178
35 66 57.15203
35 67 75.61133
35 68 45.94668
35 69 50.59323
35 70 38.68962
35 71 17.39606
35 72 55.56090
35 73 15.82164
35 74 52.62881
35 75 66.28530
35 76 52.15391
35 77 48.56808
35 78 69.73201
35 79 46.26954
35 80 7.11262
35 81 21.06829
35 82 58.18683
35 83 19.74095
35 84 39.18962
35 85 52.97266
35 86 35.73924
35 87 48.08986
35 88 53.85621
35 89 64.44564
35 90 40.11066
35 91 61.43761
35 92 38.81113
35 93 14.55797
35 94 52.58910
35 95 48.67753
35 96 44.80435
35 97 31.50158
35 98 60.97559
35 99 19.24937
36 37 40.19691
36 38 21.52011
36 39 14.40492
36 40 32.32794
36 41 28.65674
36 42 37.18195
36 43 38.26674
36 44 49.29804
36 45 36.15724
36 46 34.75925
36 47 48.57972
36 48 30.64214
36 49 15.97658
36 50 25.11489
36 51 35.27263
36 52 32.87428
36 53 70.78277
36 54 45.97318
36 55 68.81339
36 56 41.26631
36 57 12.98884
36 58 54.14117
36 59 8.38371
36 60 12.51159
36 61 32.58522
36 62 41.31824
36 63 28.24605
36 64 29.92993
36 65 45.77160
36 66 37.36058
36 67 48.09067
36 68 53.30713
36 69 51.08573
36 70 46.93393
36 71 21.97599
36 72 27.95299
36 73 43.54427
36 74 34.70925
36 75 52.73074
36 76 37.97171
36 77 37.04981
36 78 55.97093
36 79 30.70269
36 80 33.49304
36 81 30.47041
36 82 41.36956
36 83 46.61593
36 84 11.44469
36 85 25.17008
36 86 23.56262
36 87 24.08184
36 88 53.13471
36 89 38.40076
36 90 38.90010
36 91 33.72506
36 92 42.21670
36 93 16.18069
36 94 44.75755
36 95 28.42798
36 96 39.58839
36 97 13.39416
36 98 36.79929
36 99 10.63064
37 38 53.80159
37 39 28.43673
37 40 9.64090
37 41 67.10454
37 42 77.18399
37 43 64.69957
37 44 43.95105
37 45 66.70067
37 46 74.90112
37 47 88.67191
37 48 12.89396
37 49 41.85636
37 50 62.55948
37 51 70.02537
37 52 23.76288
37 53 76.98836
37 54 67.02658
37 55 76.08425
37 56 42.78153
37 57 53.04405
37 58 86.32641
37 59 41.50011
37 60 29.98226
37 61 8.60151
37 62 80.51851
37 63 58.29941
37 64 27.35571
37 65 85.06700
37 66 57.91023
37 67 84.06490
37 68 30.20860
37 69 38.31565
37 70 56.70912
37 71 19.49350
37 72 67.54388
37 73 16.72004
37 74 70.30998
37 75 61.28427
37 76 49.48649
37 77 67.33376
37 78 64.54469
37 79 45.72309
37 80 12.90816
37 81 40.03718
37 82 76.24531
37 83 13.49361
37 84 50.21508
37 85 63.61168
37 86 35.97409
37 87 63.45862
37 88 41.87432
37 89 70.58528
37 90 59.27960
37 91 72.93510
37 92 26.98498
37 93 32.04309
37 94 71.72099
37 95 65.58183
37 96 63.98078
37 97 37.23949
37 98 76.44885
37 99 29.60004
38 39 34.50046
38 40 48.42969
38 41 35.27199
38 42 36.03518
38 43 54.80582
38 44 70.77958
38 45 14.73777
38 46 32.70074
38 47 44.96268
38 48 41.47550
38 49 36.77259
38 50 34.79680
38 51 16.22543
38 52 36.66655
38 53 91.19214
38 54 63.96364
38 55 89.09931
38 56 33.79219
38 57 16.98933
38 58 64.74029
38 59 29.01764
38 60 24.58779
38 61 48.15386
38 62 43.07736
38 63 6.80596
38 64 32.10909
38 65 34.21414
38 66 56.40429
38 67 55.22350
38 68 73.05184
38 69 72.15175
38 70 32.54951
38 71 39.66104
38 72 31.34310
38 73 50.40322
38 74 16.64322
38 75 73.37444
38 76 58.91462
38 77 15.60575
38 78 76.48176
38 79 51.65358
38 80 43.08143
38 81 23.69386
38 82 22.44988
38 83 55.37151
38 84 25.15595
38 85 32.89568
38 86 45.08221
38 87 16.85841
38 88 74.38183
38 89 51.10758
38 90 20.34393
38 91 36.95424
38 92 62.51875
38 93 21.79759
38 94 23.29634
38 95 13.48710
38 96 18.99236
38 97 34.87138
38 98 27.59150
38 99 28.61675
39 40 19.42056
39 41 38.74667
39 42 49.45673
39 43 39.02793
39 44 37.34810
39 45 49.20682
39 46 47.47047
39 47 61.00956
39 48 22.37607
39 49 14.29853
39 50 34.13141
39 51 49.32444
39 52 29.81117
39 53 63.42527
39 54 43.99998
39 55 61.77031
39 56 44.21799
39 57 27.01602
39 58 59.08517
39 59 13.14877
39 60 13.26643
39 61 20.04526
39 62 52.25143
39 63 40.84223
39 64 28.85305
39 65 59.92965
39 66 34.57214
39 67 55.81742
39 68 38.98884
39 69 37.75868
39 70 53.52090
39 71 8.95258
39 72 39.55486
39 73 36.34443
39 74 48.90413
39 75 45.42067
39 76 30.68379
39 77 50.05246
39 78 48.85295
39 79 24.17889
39 80 25.69638
39 81 35.08668
39 82 55.50804
39 83 37.73498
39 84 22.27162
39 85 35.27939
39 86 14.04760
39 87 38.35276
39 88 40.17154
39 89 43.06640
39 90 48.76190
39 91 44.71675
39 92 28.09826
39 93 19.29096
39 94 57.03068
39 95 42.78108
39 96 50.86664
39 97 9.30392
39 98 50.84396
39 99 6.53558
40 41 58.15274
40 42 68.74990
40 43 55.06857
40 44 37.14689
40 45 62.22119
40 46 66.63877
40 47 80.29097
40 48 12.67991
40 49 32.36145
40 50 53.47435
40 51 64.47290
40 52 25.00633
40 53 69.28426
40 54 57.59405
40 55 68.20343
40 56 43.96112
40 57 45.31569
40 58 76.70309
40 59 32.56911
40 60 23.86248
40 61 1.44861
40 62 71.67134
40 63 53.65908
40 64 27.25066
40 65 77.92482
40 66 48.40405
40 67 74.64557
40 68 27.77522
40 69 32.96312
40 70 56.83734
40 71 10.56356
40 72 58.92570
40 73 23.22076
40 74 64.50729
40 75 52.89056
40 76 40.40544
40 77 62.93861
40 78 56.23285
40 79 36.27268
40 80 14.93502
40 81 38.80443
40 82 70.75179
40 83 21.86738
40 84 41.59644
40 85 54.69424
40 86 26.37178
40 87 56.19666
40 88 36.36913
40 89 60.99844
40 90 56.99843
40 91 64.13614
40 92 21.12243
40 93 27.43552
40 94 68.29244
40 95 59.21445
40 96 60.94019
40 97 27.86594
40 98 69.06627
40 99 21.75615
41 42 13.35599
41 43 25.94126
41 44 59.54710
41 45 43.97180
41 46 13.43396
41 47 24.00344
41 48 58.96943
41 49 27.37102
41 50 5.17984
41 51 37.13490
41 52 61.29939
41 53 67.05732
41 54 36.13909
41 55 64.65197
41 56 66.41526
41 57 19.68954
41 58 29.54159
41 59 25.61364
41 60 41.15231
41 61 58.78956
41 62 13.61086
41 63 40.43008
41 64 57.97214
41 65 31.54004
41 66 32.51265
41 67 20.37743
41 68 71.89912
41 69 65.06726
41 70 67.70721
41 71 47.68605
41 72 5.33161
41 73 72.16532
41 74 35.21262
41 75 51.85904
41 76 41.33528
41 77 44.82359
41 78 54.02671
41 79 36.03412
41 80 61.96054
41 81 55.36094
41 82 40.49828
41 83 74.97475
41 84 17.32956
41 85 3.52459
41 86 37.51426
41 87 20.70137
41 88 65.67805
41 89 17.79757
41 90 55.38279
41 91 6.47907
41 92 60.40984
41 93 44.01570
41 94 53.64381
41 95 28.99343
41 96 52.61509
41 97 30.78025
41 98 23.63249
41 99 38.22181
42 43 38.18612
42 44 72.86853
42 45 40.20867
42 46 3.37137
42 47 11.55352
42 48 67.73108
42 49 39.74021
42 50 18.37142
42 51 31.82583
42 52 67.96977
42 53 79.32748
42 54 48.20256
42 55 76.88803
42 56 69.54626
42 57 25.13888
42 58 35.05741
42 59 36.48972
42 60 49.03196
42 61 69.21289
42 62 7.86968
42 63 39.32183
42 64 64.08837
42 65 19.68060
42 66 45.54455
42 67 22.92853
42 68 84.58525
42 69 78.22097
42 70 68.00741
42 71 58.18656
42 72 10.12525
42 73 80.09015
42 74 29.67279
42 75 64.81272
42 76 54.68026
42 77 40.91045
42 78 66.81482
42 79 49.35692
42 80 70.45042
42 81 58.89870
42 82 33.26903
42 83 83.61507
42 84 27.18512
42 85 15.76812
42 86 50.20631
42 87 19.17996
42 88 78.92943
42 89 28.37672
42 90 54.31050
42 91 7.44145
42 92 73.04109
42 93 50.52024
42 94 49.15626
42 95 25.35095
42 96 50.15432
42 97 42.48969
42 98 14.01091
42 99 47.62981
43 44 40.50151
43 45 66.68898
43 46 39.09577
43 47 46.43401
43 48 61.28949
43 49 24.98511
43 50 22.64390
43 51 61.28277
43 52 68.28097
43 53 41.19235
43 54 10.20612
43 55 38.76865
43 56 79.43859
43 57 37.91827
43 58 22.85026
43 59 30.40342
43 60 48.61058
43 61 56.21332
43 62 34.36818
43 63 61.17645
43 64 66.46815
43 65 57.35175
43 66 9.60597
43 67 26.40635
43 68 58.13530
43 69 48.10344
43 70 84.74816
43 71 46.60614
43 72 31.14013
43 73 75.23767
43 74 59.59254
43 75 27.22915
43 76 21.38058
43 77 67.60330
43 78 28.85774
43 79 20.35046
43 80 64.62882
43 81 68.73111
43 82 65.47919
43 83 75.99929
43 84 29.82180
43 85 25.62558
43 86 28.77449
43 87 44.44850
43 88 47.49460
43 89 11.15109
43 90 74.85183
43 91 30.76604
43 92 47.94565
43 93 53.77215
43 94 76.42640
43 95 52.80516
43 96 73.68263
43 97 29.97350
43 98 49.56439
43 99 42.62934
44 45 85.45421
44 46 72.38039
44 47 83.29906
44 48 49.31585
44 49 35.79160
44 50 54.50094
44 51 83.96922
44 52 61.12724
44 53 33.54401
44 54 35.94468
44 55 32.99822
44 56 78.96103
44 57 58.78467
44 58 62.45269
44 59 42.73317
44 60 50.32807
44 61 38.57796
44 62 71.72117
44 63 77.42750
44 64 62.21536
44 65 89.02487
44 66 30.89555
44 67 66.74105
44 68 21.31761
44 69 8.87169
44 70 90.01374
44 71 36.93816
44 72 63.27232
44 73 60.04867
44 74 83.08142
44 75 21.09146
44 76 19.25864
44 77 86.34470
44 78 23.52910
44 79 23.51337
44 80 51.96223
44 81 71.33597
44 82 89.77740
44 83 57.43956
44 84 50.53166
44 85 57.22700
44 86 25.88471
44 87 69.71422
44 88 7.11545
44 89 51.10941
44 90 86.10897
44 91 65.87580
44 92 17.09051
44 93 56.17911
44 94 93.87204
44 95 76.28255
44 96 88.07197
44 97 36.17959
44 98 79.94526
44 99 43.87315
45 46 36.93611
45 47 46.08045
45 48 53.96590
45 49 50.97019
45 50 44.97755
45 51 9.02438
45 52 46.89009
45 53 104.74370
45 54 76.34916
45 55 102.57528
45 56 37.98765
45 57 29.23799
45 58 73.13250
45 59 43.31084
45 60 38.65606
45 61 61.80725
45 62 48.01773
45 63 8.57864
45 64 42.21590
45 65 30.50826
45 66 69.47155
45 67 62.18404
45 68 87.55906
45 69 86.88684
45 70 30.70776
45 71 53.99034
45 72 39.08511
45 73 60.83187
45 74 11.10088
45 75 87.17038
45 76 72.98537
45 77 0.93008
45 78 90.17314
45 79 65.77551
45 80 55.04843
45 81 30.80142
45 82 12.39095
45 83 66.36330
45 84 38.11087
45 85 42.47820
45 86 59.68355
45 87 23.27318
45 88 89.11778
45 89 61.28999
45 90 16.20626
45 91 43.61844
45 92 77.16545
45 93 34.89346
45 94 9.76442
45 95 15.19874
45 96 10.47983
45 97 49.42073
45 98 27.72084
45 99 43.21639
46 47 13.84671
46 48 65.16491
46 49 38.48668
46 50 18.05498
46 51 28.65221
46 52 65.04339
46 53 80.28661
46 54 49.23014
46 55 77.86442
46 56 66.26651
46 57 22.39026
46 58 37.67642
46 59 34.67874
46 60 46.37765
46 61 67.04874
46 62 11.08172
46 63 35.95101
46 64 61.09777
46 65 18.26419
46 66 45.94617
46 67 25.79095
46 68 83.34425
46 69 77.41632
46 70 64.63659
46 71 56.08783
46 72 9.10874
46 73 77.33292
46 74 26.51038
46 75 65.29007
46 76 54.55533
46 77 37.65084
46 78 67.43111
46 79 48.92158
46 80 67.82129
46 81 55.66264
46 82 30.37857
46 83 80.98441
46 84 25.26350
46 85 15.18434
46 86 49.07059
46 87 15.84233
46 88 78.27155
46 89 29.82849
46 90 50.94588
46 91 8.65328
46 92 71.78586
46 93 47.63323
46 94 45.96871
46 95 22.01343
46 96 46.82843
46 97 40.90947
46 98 11.42784
46 99 45.30409
47 48 79.01134
47 49 51.06744
47 50 29.17875
47 51 37.11626
47 52 78.66899
47 53 86.86582
47 54 55.94345
47 55 84.40076
47 56 78.75479
47 57 36.21636
47 58 37.61979
47 59 48.03650
47 60 60.21457
47 61 80.74211
47 62 12.06615
47 63 47.05072
47 64 74.62855
47 65 18.40168
47 66 54.70900
47 67 25.13919
47 68 95.82177
47 69 89.03923
47 70 75.67212
47 71 69.72847
47 72 21.59546
47 73 91.11646
47 74 34.99243
47 75 73.60383
47 76 64.66657
47 77 46.62379
47 78 75.28599
47 79 59.83293
47 80 81.65989
47 81 68.46087
47 82 36.62363
47 83 94.82129
47 84 38.73799
47 85 26.87824
47 86 61.41771
47 87 28.48266
47 88 89.56773
47 89 35.66238
47 90 61.44522
47 91 17.53812
47 92 84.30167
47 93 61.32753
47 94 53.97133
47 95 32.61880
47 96 56.49060
47 97 53.97506
47 98 18.41828
47 99 59.09037
48 49 36.67205
48 50 54.90402
48 51 57.67714
48 52 12.34875
48 53 80.53936
48 54 65.50923
48 55 79.28254
48 56 31.43921
48 57 42.84093
48 58 81.37759
48 59 34.08181
48 60 18.89025
48 61 11.42075
48 62 71.92233
48 63 45.64123
48 64 15.03209
48 65 73.77695
48 66 56.07494
48 67 77.41203
48 68 40.12464
48 69 45.59219
48 70 44.73468
48 71 15.09585
48 72 58.59091
48 73 13.96989
48 74 58.09320
48 75 63.46708
48 76 49.89116
48 77 54.57668
48 78 66.88657
48 79 44.58805
48 80 3.34209
48 81 27.37957
48 82 63.84044
48 83 16.00813
48 84 41.65546
48 85 55.44637
48 86 34.05010
48 87 52.48940
48 88 48.96125
48 89 65.32323
48 90 46.44975
48 91 64.31439
48 92 33.74820
48 93 19.70434
48 94 58.83023
48 95 53.76893
48 96 51.08834
48 97 31.66104
48 98 65.47538
48 99 20.80049
49 50 22.28649
49 51 48.50495
49 52 43.30821
49 53 54.81563
49 54 31.07695
49 55 52.83764
49 56 55.46766
49 57 23.06084
49 58 44.84307
49 59 7.77969
49 60 24.02190
49 61 33.26445
49 62 40.91470
49 63 43.57841
49 64 41.64149
49 65 53.82696
49 66 21.97158
49 67 42.30939
49 68 44.86865
49 69 39.48267
49 70 62.52915
49 71 22.64942
49 72 29.63146
49 73 50.63789
49 74 47.48554
49 75 36.79379
49 76 22.15495
49 77 51.89015
49 78 40.00962
49 79 14.88457
49 80 39.98755
49 81 45.21083
49 82 54.15338
49 83 51.94417
49 84 14.77819
49 85 24.22702
49 86 10.65967
49 87 33.93064
49 88 40.80396
49 89 28.88141
49 90 54.87139
49 91 33.78010
49 92 33.31444
49 93 29.58237
49 94 60.03729
49 95 40.60239
49 96 55.34373
49 97 5.03021
49 98 44.63587
49 99 17.71239
50 51 38.90450
50 52 57.98143
50 53 63.33209
50 54 32.80155
50 55 60.96167
50 56 64.39375
50 57 18.18786
50 58 30.34605
50 59 21.09889
50 60 37.59952
50 61 54.16345
50 62 18.62821
50 63 40.51507
50 64 54.89331
50 65 35.75615
50 66 28.25575
50 67 22.99126
50 68 66.72589
50 69 59.91901
50 70 66.76295
50 71 43.08391
50 72 9.10559
50 73 68.32395
50 74 37.12878
50 75 47.58928
50 76 36.50067
50 77 45.86607
50 78 49.91381
50 79 30.99287
50 80 57.97363
50 81 53.30955
50 82 42.87533
50 83 70.87487
50 84 13.67947
50 85 3.06106
50 86 32.34947
50 87 22.07680
50 88 60.56990
50 89 16.41719
50 90 55.12896
50 91 11.65877
50 92 55.24306
50 93 40.96742
50 94 54.73623
50 95 30.49774
50 96 52.94486
50 97 25.87826
50 98 27.36325
50 99 34.10355
51 52 52.17965
51 53 100.65721
51 54 71.23908
51 55 98.40263
51 56 45.65770
51 57 25.58444
51 58 65.65051
51 59 41.24319
51 60 40.61404
51 61 64.25389
51 62 39.68985
51 63 13.20291
51 64 47.52878
51 65 21.64409
51 66 65.10787
51 67 54.27483
51 68 88.27582
51 69 86.30919
51 70 39.52352
51 71 55.34277
51 72 31.98207
51 73 66.08027
51 74 2.16639
51 75 83.54096
51 76 69.93403
51 77 9.51469
51 78 86.36926
51 79 62.90507
51 80 59.20232
51 81 37.30969
51 82 6.28122
51 83 71.26601
51 84 34.45394
51 85 36.15266
51 86 58.09785
51 87 16.84776
51 88 88.24210
51 89 54.83160
51 90 25.01672
51 91 35.92580
51 92 77.39213
51 93 38.01885
51 94 17.33180
51 95 8.49249
51 96 19.50279
51 97 47.83270
51 98 18.83589
51 99 43.95331
52 53 91.43202
52 54 73.79572
52 55 90.02999
52 56 19.19711
52 57 42.92973
52 58 86.57498
52 59 38.73246
52 60 20.49193
52 61 23.76765
52 62 73.26150
52 63 39.23634
52 64 4.67904
52 65 70.65428
52 66 64.37832
52 67 80.96421
52 68 52.42120
52 69 57.81569
52 70 32.94628
52 71 25.05068
52 72 59.84556
52 73 13.95463
52 74 53.01496
52 75 73.92106
52 76 59.72423
52 77 47.34982
52 78 77.36905
52 79 53.72385
52 80 10.93741
52 81 17.17604
52 82 58.00284
52 83 19.55534
52 84 44.30229
52 85 57.87365
52 86 43.23341
52 87 50.64629
52 88 61.13982
52 89 70.58776
52 90 36.71185
52 91 65.83197
52 92 45.98479
52 93 17.48145
52 94 50.14456
52 95 49.96879
52 96 42.12438
52 97 38.37075
52 98 63.18868
52 99 25.68040
53 54 31.12928
53 55 2.46738
53 56 107.57631
53 57 75.56580
53 58 53.90275
53 59 62.54716
53 60 76.48388
53 61 70.73218
53 62 74.91850
53 63 97.96196
53 64 91.57488
53 65 98.53727
53 66 35.56907
53 67 63.68514
53 68 53.63443
53 69 41.28822
53 70 116.58459
53 71 66.38320
53 72 72.15996
53 73 92.50093
53 74 99.19016
53 75 18.13624
53 76 33.05693
53 77 105.67378
53 78 14.81786
53 79 40.20368
53 80 83.51419
53 81 98.42450
53 82 105.45123
53 83 90.45507
53 84 66.64446
53 85 66.38534
53 86 49.41049
53 87 84.16645
53 88 38.04672
53 89 51.28911
53 90 109.68287
53 91 71.93146
53 92 50.52918
53 93 82.50821
53 94 114.18742
53 95 92.21039
53 96 110.01727
53 97 57.96634
53 98 90.60423
53 99 69.54696
54 55 28.68635
54 56 86.52088
54 57 47.29557
54 58 27.04879
54 59 37.71109
54 60 55.08784
54 61 58.87495
54 62 43.92522
54 63 70.48560
54 64 72.51177
54 65 67.49382
54 66 9.45029
54 67 34.03497
54 68 55.65450
54 69 44.36859
54 70 92.88082
54 71 50.44519
54 72 41.34612
54 73 79.22917
54 74 69.59419
54 75 18.86604
54 76 18.75248
54 77 77.27031
54 78 19.76953
54 79 21.32142
54 80 68.83379
54 81 76.12554
54 82 75.56452
54 83 79.23042
54 84 38.80977
54 85 35.80302
54 86 31.57224
54 87 54.44237
54 88 43.05570
54 89 20.28123
54 90 83.71862
54 91 40.81787
54 92 46.70605
54 93 60.64173
54 94 86.04514
54 95 62.74872
54 96 82.93626
54 97 35.69923
54 98 59.76694
54 99 48.60625
55 56 105.96507
55 57 73.37525
55 58 51.49936
55 59 60.54479
55 60 74.76327
55 61 69.64919
55 62 72.45628
55 63 95.85874
55 64 90.07011
55 65 96.11865
55 66 33.29675
55 67 61.22773
55 68 53.46716
55 69 41.01010
55 70 114.78956
55 71 64.98181
55 72 69.76747
55 73 91.42321
55 74 96.91976
55 75 16.36079
55 76 31.25330
55 77 103.50533
55 78 12.95957
55 79 38.32892
55 80 82.29629
55 81 96.70325
55 82 103.15831
55 83 89.52235
55 84 64.46652
55 85 64.01240
55 86 47.73150
55 87 81.87633
55 88 37.86846
55 89 48.82997
55 90 107.70768
55 91 69.49635
55 92 49.84360
55 93 80.77633
55 94 112.04596
55 95 89.94709
55 96 107.95653
55 97 56.09635
55 98 88.21340
55 99 67.82686
56 57 46.72855
56 58 94.58321
56 59 49.06474
56 60 31.61357
56 61 42.79181
56 62 76.18647
56 63 32.82356
56 64 16.86444
56 65 66.74382
56 66 77.42109
56 67 86.79098
56 68 71.56379
56 69 76.38766
56 70 14.51645
56 71 42.06503
56 72 63.51470
56 73 29.61349
56 74 47.15921
56 75 89.62785
56 76 74.89272
56 77 38.09418
56 78 93.06457
56 79 68.21767
56 80 30.10447
56 81 11.08441
56 82 50.32432
56 83 35.78885
56 84 51.43975
56 85 63.38359
56 86 58.26490
56 87 50.49680
56 88 79.60515
56 89 79.29168
56 90 23.36775
56 91 69.46033
56 92 64.63723
56 93 25.88531
56 94 37.66013
56 95 46.68377
56 96 29.85856
56 97 51.07182
56 98 61.14631
56 99 38.42892
57 58 48.49683
57 59 16.25630
57 60 24.00263
57 61 45.55775
57 62 30.42023
57 63 23.25820
57 64 39.19888
57 65 32.91402
57 66 40.23357
57 67 40.06696
57 68 65.35261
57 69 61.83061
57 70 48.57786
57 71 34.94831
57 72 17.13221
57 73 54.96124
57 74 24.46090
57 75 58.15783
57 76 44.36168
57 77 30.16690
57 78 61.08105
57 79 37.32096
57 80 45.44799
57 81 35.68311
57 82 31.10656
57 83 58.60684
57 84 8.94838
57 85 16.75572
57 86 33.09012
57 87 11.44955
57 88 63.47368
57 89 34.26643
57 90 37.27776
57 91 23.16437
57 92 53.99804
57 93 25.45002
57 94 38.83486
57 95 17.54419
57 96 35.76674
57 97 23.07924
57 98 23.85797
57 99 23.58930
58 59 47.89576
58 60 66.13160
58 61 77.73878
58 62 27.77152
58 63 69.96747
58 64 83.99017
58 65 53.98132
58 66 32.04308
58 67 12.57052
58 68 80.89705
58 69 70.47916
58 70 97.01366
58 71 67.44732
58 72 34.09026
58 73 95.29642
58 74 63.59027
58 75 45.65839
58 76 43.81912
58 77 73.94969
58 78 45.96324
58 79 43.17138
58 80 84.65813
58 81 83.51158
58 82 67.99584
58 83 96.78668
58 84 43.22034
58 85 31.88081
58 86 50.89846
58 87 49.94975
58 88 69.55017
58 89 16.07133
58 90 84.91787
58 91 29.73760
58 92 70.79592
58 93 70.31988
58 94 82.65865
58 95 57.96247
58 96 82.08923
58 97 49.78486
58 98 49.02380
58 99 61.25541
59 60 18.45300
59 61 33.18035
59 62 39.10270
59 63 35.82177
59 64 36.42546
59 65 48.42904
59 66 28.99657
59 67 43.33163
59 68 49.49810
59 69 45.57442
59 70 55.27718
59 71 22.07471
59 72 26.49464
59 73 47.77580
59 74 40.35342
59 75 44.55606
59 76 29.93245
59 77 44.22652
59 78 47.75254
59 79 22.65912
59 80 37.24954
59 81 38.47439
59 82 47.05307
59 83 49.95696
59 84 9.44676
59 85 22.13600
59 86 16.89964
59 87 27.57818
59 88 47.24217
59 89 31.86918
59 90 47.17575
59 91 31.57197
59 92 38.02659
59 93 23.37854
59 94 52.29932
59 95 33.60003
59 96 47.56541
59 97 6.83797
59 98 39.21815
59 99 13.44174
60 61 23.65087
60 62 53.62658
60 63 30.07940
60 64 17.97251
60 65 55.15158
60 66 45.88555
60 67 60.54793
60 68 49.11145
60 69 49.90935
60 70 40.26649
60 71 15.43076
60 72 40.20003
60 73 31.16916
60 74 40.68733
60 75 58.40311
60 76 43.53973
60 77 39.41780
60 78 61.81190
60 79 36.70045
60 80 21.44571
60 81 21.94148
60 82 46.89160
60 83 34.60700
60 84 23.94861
60 85 37.67449
60 86 27.09225
60 87 33.68113
60 88 52.60093
60 89 50.19080
60 90 35.98160
60 91 46.07115
60 92 39.25209
60 93 6.04001
60 94 45.48324
60 95 35.64684
60 96 38.71731
60 97 19.47786
60 98 46.68553
60 99 6.93722
61 62 72.27347
61 63 53.26049
61 64 26.14712
61 65 78.04949
61 66 49.65680
61 67 75.50334
61 68 28.83860
61 69 34.31115
61 70 55.79202
61 71 11.10648
61 72 59.44321
61 73 21.77429
61 74 64.33655
61 75 54.32132
61 76 41.77567
61 77 62.51134
61 78 57.66694
61 79 37.55515
61 80 13.56203
61 81 37.87493
61 82 70.52773
61 83 20.49785
61 84 42.10153
61 85 55.31635
61 86 27.56991
61 87 56.33313
61 88 37.73248
61 89 61.98452
61 90 56.24321
61 91 64.71838
61 92 22.47848
61 93 26.94925
61 94 67.71687
61 95 59.15265
61 96 60.29786
61 97 28.68598
61 98 69.24275
61 99 21.96873
62 63 46.79046
62 64 69.61096
62 65 26.23377
62 66 42.70629
62 67 15.36089
62 68 85.16458
62 69 77.78120
62 70 75.35653
62 71 61.16737
62 72 13.44030
62 73 84.79297
62 74 37.53877
62 75 61.54201
62 76 52.88920
62 77 48.73205
62 78 63.22167
62 79 48.37428
62 80 74.81009
62 81 65.36161
62 82 41.07112
62 83 87.91832
62 84 30.38729
62 85 16.99502
62 86 50.87514
62 87 26.36638
62 88 78.13535
62 89 23.65038
62 90 61.85817
62 91 7.61475
62 92 73.73563
62 93 55.79071
62 94 57.01819
62 95 33.05359
62 96 57.87527
62 97 44.39095
62 98 21.72541
62 99 51.33746
63 64 34.56322
63 65 33.92256
63 66 63.07633
63 67 59.86021
63 68 79.02480
63 69 78.58249
63 70 28.74304
63 71 45.42807
63 72 36.06297
63 73 53.18212
63 74 14.45144
63 75 80.16704
63 76 65.72030
63 77 9.34274
63 78 83.26487
63 79 58.45954
63 80 46.86935
63 81 24.11231
63 82 18.77974
63 83 58.53229
63 84 31.73013
63 85 38.37085
63 86 51.80189
63 87 20.53653
63 88 80.88890
63 89 56.92300
63 90 15.12528
63 91 41.31026
63 92 68.70723
63 93 26.38324
63 94 16.51625
63 95 14.43198
63 96 12.51903
63 97 41.62400
63 98 28.85444
63 99 34.75288
64 65 66.18521
64 66 63.16688
64 67 77.87717
64 68 54.98540
64 69 59.52340
64 70 29.70918
64 71 25.45905
64 72 56.24637
64 73 18.63361
64 74 48.38811
64 75 73.82371
64 76 59.33865
64 77 42.68023
64 78 77.27403
64 79 53.01951
64 80 14.46804
64 81 12.83933
64 82 53.33357
64 83 24.19063
64 84 41.24258
64 85 54.59949
64 86 42.69984
64 87 46.43974
64 88 62.74343
64 89 68.10788
64 90 32.35326
64 91 62.26209
64 92 47.78006
64 93 13.95846
64 94 45.60515
64 95 45.47030
64 96 37.61330
64 97 36.83957
64 98 58.85376
64 99 23.94100
65 66 63.96123
65 67 41.47623
65 68 97.92628
65 69 93.30500
65 70 61.15905
65 71 67.72356
65 72 26.66289
65 73 84.13738
65 74 19.82462
65 75 83.31398
65 76 71.94918
65 77 30.84255
65 78 85.54882
65 79 65.86794
65 80 75.89883
65 81 57.55628
65 82 19.32960
65 83 88.71844
65 84 39.27614
65 85 32.73094
65 86 64.45566
65 87 21.73030
65 88 94.50801
65 89 47.97278
65 90 46.64654
65 91 26.79279
65 92 86.44931
65 93 54.44413
65 94 37.03600
65 95 20.73973
65 96 40.91763
65 97 55.18141
65 98 9.21933
65 99 56.18989
66 67 35.93762
66 68 48.87541
66 69 38.56040
66 70 84.27222
66 71 41.02409
66 72 37.30750
66 73 69.82264
66 74 63.62434
66 75 19.35461
66 76 11.82614
66 77 70.40047
66 78 21.68305
66 79 12.25047
66 80 59.40251
66 81 67.17288
66 82 69.88643
66 83 69.93167
66 84 31.40964
66 85 31.31073
66 86 22.21060
66 87 48.60091
66 88 37.89362
66 89 20.43352
66 90 75.72361
66 91 38.13166
66 92 39.06008
66 93 51.53901
66 94 79.03894
66 95 56.65034
66 96 75.38381
66 97 26.42753
66 98 55.60680
66 99 39.30812
67 68 83.15289
67 69 73.98567
67 70 87.76793
67 71 64.64577
67 72 23.88803
67 73 91.03356
67 74 52.16258
67 75 52.79654
67 76 47.49440
67 77 62.95774
67 78 53.79376
67 79 44.90463
67 80 80.56344
67 81 75.73243
67 82 56.15377
67 83 93.27207
67 84 36.66785
67 85 23.47632
67 86 50.46095
67 87 39.40951
67 88 73.64288
67 89 15.66923
67 90 74.96901
67 91 18.61945
67 92 72.27578
67 93 63.94003
67 94 71.49932
67 95 46.99899
67 96 71.59907
67 97 46.82547
67 98 36.93730
67 99 56.68310
68 69 12.58532
68 70 84.61193
68 71 33.68117
68 72 74.49182
68 73 46.83784
68 74 87.89041
68 75 42.38597
68 76 37.23533
68 77 88.35796
68 78 44.83602
68 79 38.27500
68 80 41.70891
68 81 66.50554
68 82 94.48071
68 83 42.62406
68 84 58.75971
68 85 68.94512
68 86 34.40406
68 87 76.80215
68 88 15.60032
68 89 67.62763
68 90 84.20287
68 91 78.37365
68 92 11.55904
68 93 53.88343
68 94 94.58554
68 95 81.73411
68 96 87.63774
68 97 42.78466
68 98 88.71624
68 99 44.45037
69 70 88.35401
69 71 35.22656
69 72 68.34592
69 73 54.89780
69 74 85.62453
69 75 29.94789
69 76 26.73539
69 77 87.74565
69 78 32.29695
69 79 29.50583
69 80 47.86994
69 81 69.75010
69 82 92.32151
69 83 51.61272
69 84 54.17059
69 85 62.45625
69 86 28.90118
69 87 73.10243
69 88 3.57439
69 89 58.31794
69 90 85.87529
69 91 71.50700
69 92 11.84460
69 93 55.42836
69 94 94.78253
69 95 79.04134
69 96 88.46574
69 97 38.75900
69 98 84.11823
69 99 44.04787
70 71 53.26002
70 72 63.89213
70 73 44.12223
70 74 41.42669
70 75 98.45782
70 76 83.54055
70 77 30.47542
70 78 101.83165
70 79 76.49592
70 80 43.84852
70 81 18.68116
70 82 42.79636
70 83 50.29924
70 84 55.22906
70 85 65.14181
70 86 67.30411
70 87 48.99128
70 88 91.40061
70 89 82.71705
70 90 14.51407
70 91 69.47533
70 92 76.82687
70 93 34.23142
70 94 27.09021
70 95 43.10680
70 96 20.61034
70 97 58.77444
70 98 57.32621
70 99 47.16046
71 72 48.36893
71 73 28.81031
71 74 55.19047
71 75 48.91232
71 76 34.96335
71 77 54.77056
71 78 52.35611
71 79 29.49637
71 80 18.40208
71 81 34.59780
71 82 61.61369
71 83 29.43696
71 84 31.03531
71 85 44.21060
71 86 18.95425
71 87 46.00395
71 88 38.17645
71 89 51.52673
71 90 50.92892
71 91 53.61500
71 92 24.08335
71 93 20.41486
71 94 60.90719
71 95 49.54215
71 96 54.04091
71 97 17.86133
71 98 58.77509
71 99 11.62243
72 73 71.36907
72 74 30.02259
72 75 56.65633
72 76 45.53522
72 77 39.91702
72 78 58.92961
72 79 39.82104
72 80 61.43898
72 81 52.55444
72 82 35.19962
72 83 74.56880
72 84 17.34307
72 85 6.12822
72 86 40.13770
72 87 15.85989
72 88 69.17175
72 89 23.10389
72 90 51.13809
72 91 6.03221
72 92 62.94216
72 93 42.38660
72 94 48.68788
72 95 23.97957
72 96 48.03182
72 97 32.38327
72 98 18.44651
72 99 38.14085
73 74 66.86589
73 75 76.01972
73 76 63.03458
73 77 61.28094
73 78 79.38587
73 79 58.12824
73 80 10.65130
73 81 30.69786
73 82 71.93967
73 83 6.17797
73 84 54.84946
73 85 68.65880
73 86 47.67263
73 87 63.61150
73 88 58.43705
73 89 79.23246
73 90 50.03547
73 91 77.22837
73 92 43.35302
73 93 29.95971
73 94 63.78804
73 95 63.55625
73 96 55.72751
73 97 45.62270
73 98 76.38239
73 99 34.35939
74 75 82.18494
74 76 68.72254
74 77 11.63198
74 78 84.97341
74 79 61.74825
74 80 59.72457
74 81 38.52530
74 82 6.70437
74 83 71.95019
74 84 33.23871
74 85 34.33414
74 86 57.24436
74 87 15.15195
74 88 87.48623
74 89 52.94883
74 90 26.94137
74 91 33.85631
74 92 76.91010
74 93 38.39410
74 94 19.49009
74 95 7.01021
74 96 21.56084
74 97 47.01886
74 98 16.68365
74 99 43.71048
75 76 14.92143
75 77 88.09929
75 78 3.45102
75 79 22.08390
75 80 66.56185
75 81 80.34361
75 82 88.59762
75 83 74.55574
75 84 49.20952
75 85 50.63844
75 86 31.37701
75 87 67.36548
75 88 27.63791
75 89 38.29671
75 90 91.62192
75 91 57.38037
75 92 36.28096
75 93 64.41788
75 94 96.50036
75 95 75.17627
75 96 92.10250
75 97 39.83672
75 98 74.91409
75 99 51.46650
76 77 73.91007
76 78 18.29373
76 79 7.27713
76 80 53.10512
76 81 65.47112
76 82 75.27673
76 83 62.27117
76 84 35.48820
76 85 39.40798
76 86 16.66011
76 87 54.29797
76 88 26.15912
76 89 31.85271
76 90 76.81440
76 91 47.46666
76 92 27.95526
76 93 49.54021
76 94 82.15366
76 95 61.72912
76 96 77.48269
76 97 24.94053
76 98 63.13002
76 99 36.60861
77 78 91.10278
77 79 66.69871
77 80 55.61764
77 81 31.13260
77 82 12.43060
77 83 66.84665
77 84 39.04083
77 85 43.35506
77 86 60.58274
77 87 24.12245
77 88 89.98742
77 89 62.16809
77 90 16.01057
77 91 44.40662
77 92 77.99215
77 93 35.58167
77 94 8.87023
77 95 15.99646
77 96 10.07736
77 97 50.32367
77 98 28.29833
77 99 44.03921
78 79 25.39390
78 80 69.97183
78 81 83.75012
78 82 91.33767
78 83 77.85245
78 84 52.13649
78 85 52.97271
78 86 34.80679
78 87 70.07263
78 88 29.75605
78 89 39.75001
78 90 94.87057
78 91 59.37343
78 92 39.24992
78 93 67.82159
78 94 99.55281
78 95 77.97072
78 96 95.26152
78 97 43.16095
78 98 77.27528
78 99 54.87646
79 80 47.87924
79 81 58.57411
79 82 68.34347
79 83 57.93872
79 84 28.52429
79 85 33.74706
79 86 10.56546
79 87 47.52740
79 88 29.76357
79 89 29.35265
79 90 69.56399
79 91 42.37543
79 92 27.69267
79 93 42.65250
79 94 74.90586
79 95 54.77558
79 96 70.20560
79 97 17.76816
79 98 56.90260
79 99 29.80651
80 81 27.22712
80 82 65.29935
80 83 13.16529
80 84 44.63243
80 85 58.44123
80 86 37.35252
80 87 54.80006
80 88 51.29447
80 89 68.59791
80 90 46.61293
80 91 67.21212
80 92 36.04032
80 93 21.51766
80 94 59.42261
80 95 55.68089
80 96 51.55738
80 97 34.97151
80 98 67.74558
80 99 23.89396
81 82 42.63733
81 83 36.58711
81 84 40.40285
81 85 52.30969
81 86 49.02400
81 87 40.02649
81 88 72.76169
81 89 68.27451
81 90 19.54123
81 91 58.52680
81 92 58.30533
81 93 15.93149
81 94 33.09028
81 95 37.02512
81 96 25.03284
81 97 41.06301
81 98 51.28389
81 99 28.87870
82 83 77.22301
82 84 39.81981
82 85 39.97773
82 86 63.94616
82 87 21.28554
82 88 94.19004
82 89 58.29551
82 90 28.40364
82 91 38.37130
82 92 83.54732
82 93 44.21712
82 94 17.70674
82 95 13.57300
82 96 22.21248
82 97 53.72314
82 98 19.38489
82 99 50.20285
83 84 57.66336
83 85 71.45122
83 86 47.73329
83 87 67.81578
83 88 55.18350
83 89 80.79340
83 90 56.02232
83 91 80.31311
83 92 40.44117
83 93 34.28273
83 94 69.65373
83 95 68.30431
83 96 61.61125
83 97 47.01532
83 98 80.71514
83 99 36.78072
84 85 13.81406
84 86 25.26966
84 87 19.19206
84 88 55.57024
84 89 27.88171
84 90 45.03849
84 91 22.77644
84 92 47.23934
84 93 27.34760
84 94 47.63517
84 95 26.25498
84 96 44.13882
84 97 15.97816
84 98 30.05819
84 99 20.96297
85 86 34.54141
85 87 19.38762
85 88 63.20056
85 89 18.81364
85 90 53.15832
85 91 9.59320
85 92 57.42347
85 93 40.64113
85 94 52.21830
85 95 27.80432
85 96 50.71600
85 97 27.44655
85 98 24.30323
85 99 34.69724
86 87 44.25439
86 88 30.39311
86 89 35.71491
86 90 61.52631
86 91 43.98297
86 92 22.89599
86 93 33.12729
86 94 68.30547
86 95 50.49874
86 96 62.88149
86 97 10.29954
86 98 55.25410
86 99 20.16205
87 88 74.63846
87 89 38.16710
87 90 35.65972
87 91 20.80944
87 92 65.44075
87 93 33.65442
87 94 32.94660
87 95 8.42284
87 96 32.22352
87 97 34.41614
87 98 13.00644
87 99 34.45971
88 89 57.98650
88 90 88.58197
88 91 72.07259
88 92 15.25657
88 93 58.21923
88 94 97.18022
88 95 80.81844
88 96 91.00587
88 97 40.48577
88 98 85.35690
88 99 46.55838
89 90 71.45150
89 91 21.19763
89 92 56.90346
89 93 54.56525
89 94 71.03191
89 95 46.56359
89 96 69.36169
89 97 33.77811
89 98 40.91946
89 99 45.19627
90 91 56.43334
90 92 75.00669
90 93 30.51932
90 94 14.30934
90 95 29.07838
90 96 6.57019
90 97 51.94377
90 98 43.04307
90 99 42.23639
91 92 66.87895
91 93 48.38586
91 94 53.02526
91 95 28.42081
91 96 52.97997
91 97 37.03350
91 98 19.95630
91 99 43.72308
92 93 44.48766
92 94 84.60856
92 95 70.61578
92 96 77.96918
92 97 31.27576
92 98 77.23396
92 99 33.95530
93 94 40.91659
93 95 34.16393
93 96 33.76693
93 97 25.24010
93 98 46.47256
93 99 12.96593
94 95 24.71316
94 96 8.07403
94 97 58.13954
94 98 35.98857
94 99 50.76887
95 96 24.82170
95 97 40.33320
95 98 14.50338
95 99 37.94695
96 97 52.93364
96 98 38.09229
96 99 44.44770
97 98 45.96380
97 99 12.90927
98 99 47.31023
75.8817 63.0414
23.5072 50.7567
97.7410 52.7249
73.4104 98.8136
20.6674 77.1736
15.2486 51.1601
30.5705 55.7056
6.0623 46.1151
88.2413 19.6090
61.7858 31.2913
83.2922 99.1135
65.8765 9.1113
24.0810 5.5032
40.0830 33.6701
4.4136 36.7291
53.3904 34.9154
33.8086 98.6606
90.0521 74.9809
25.6054 61.9462
14.1686 38.1631
13.9702 6.7229
2.2001 97.5762
17.4108 64.2570
43.9001 94.8053
68.2352 36.0141
96.1411 84.7681
18.4603 62.0594
67.3735 86.5905
7.6679 95.4900
61.2698 57.8765
7.0304 2.4906
92.6248 19.5415
47.2261 29.8668
39.9869 3.5024
83.8604 29.9942
82.4830 41.2241
57.7131 53.8692
82.2541 22.0332
66.5492 73.4916
59.9191 39.6342
73.2699 25.5305
31.9809 66.4812
31.0716 79.8062
21.0334 42.9631
40.7465 7.5828
70.4998 87.6900
34.4409 79.6880
24.4465 89.2715
81.7927 34.9189
46.0185 42.9840
33.8317 61.6433
61.5612 88.9313
89.2915 44.7301
7.3840 4.0979
16.2910 33.9257
7.7649 6.5357
98.2254 61.7217
51.6379 65.3497
3.7204 57.8760
50.8080 49.1146
69.2609 49.0538
74.6329 26.0211
23.6346 77.2327
70.3873 79.1121
87.2330 48.9320
41.3234 96.6058
25.7188 34.5773
11.6365 67.6409
60.9080 0.6579
48.6691 3.5904
98.9843 76.2183
66.7361 33.8310
35.3376 70.6235
95.5021 32.2337
59.4312 88.5359
21.2943 15.7352
32.8662 25.1554
71.0627 88.4304
18.1808 14.2467
37.3902 30.8554
85.1213 34.6189
87.1411 61.7710
60.5972 95.1381
95.1307 26.0669
46.9405 57.7334
34.9032 64.5107
47.8301 32.4794
49.9952 76.6808
45.3826 2.1850
19.3125 53.9806
85.3634 81.2312
29.6080 72.5101
57.3450 11.6541
73.8682 52.9595
78.2406 93.6418
56.3033 82.2622
80.8422 85.9984
50.9991 42.2793
42.7796 87.5022
63.6128 45.0259
