25
0 1 36.51873
0 2 75.39359
0 3 77.00823
0 4 35.45273
0 5 28.88840
0 6 85.76670
0 7 81.48475
0 8 80.39824
0 9 71.69030
0 10 14.83772
0 11 45.30667
0 12 50.35518
0 13 39.48565
0 14 37.58154
0 15 76.87939
0 16 49.52624
0 17 50.47293
0 18 43.51614
0 19 69.99903
0 20 78.80481
0 21 87.00607
0 22 28.86273
0 23 79.93745
0 24 56.97890
1 2 81.34708
1 3 75.19506
1 4 3.28770
1 5 49.63560
1 6 51.43598
1 7 52.32063
1 8 65.82329
1 9 43.74182
1 10 21.95472
1 11 45.63504
1 12 56.18225
1 13 16.90708
1 14 24.64341
1 15 82.57738
1 16 27.00770
1 17 14.35317
1 18 7.18978
1 19 40.24829
1 20 72.16049
1 21 56.28453
1 22 8.72190
1 23 47.84809
1 24 26.94526
2 3 16.61451
2 4 78.05995
2 5 47.55489
2 6 93.49945
2 7 75.57953
2 8 43.19726
2 9 69.56488
2 10 73.57350
2 11 35.75878
2 12 26.14573
2 13 65.66830
2 14 56.85755
2 15 1.50301
2 16 107.97955
2 17 90.95951
2 18 82.64332
2 19 73.17959
2 20 26.69943
2 21 82.22082
2 22 75.13927
2 23 82.84207
2 24 71.55290
3 4 71.96247
3 5 52.17253
3 6 79.44679
3 7 60.77596
3 8 26.90695
3 9 55.83379
3 10 71.96843
3 11 32.41714
3 12 27.30366
3 13 58.51609
3 14 50.75030
3 15 16.47065
3 16 102.20249
3 17 82.71987
3 18 75.10987
3 19 59.95603
3 20 10.11101
3 21 67.16802
3 22 70.38954
3 23 68.75788
3 24 60.65605
4 5 46.92689
4 6 51.27608
4 7 50.94477
4 8 63.02569
4 9 42.07711
4 10 20.66420
4 11 42.35147
4 12 52.92106
4 13 13.83039
4 14 21.36639
4 15 79.28978
4 16 30.25102
4 17 16.55509
4 18 8.25498
4 19 38.85768
4 20 69.03716
4 21 55.22788
4 22 6.72760
4 23 47.03287
4 24 25.38120
5 6 87.00799
5 7 76.40960
5 8 62.99948
5 9 66.80746
5 10 32.36940
5 11 25.48473
5 12 24.96216
5 13 41.43010
5 14 33.70841
5 15 49.05749
5 16 71.69855
5 17 63.36493
5 18 54.56110
5 19 67.23145
5 20 56.42405
5 21 83.05069
5 22 41.07537
5 23 78.45140
5 24 57.25928
6 7 19.60970
6 8 55.15256
6 9 23.95992
6 10 71.05235
6 11 67.65123
6 12 77.77441
6 13 47.39699
6 14 53.47790
6 15 94.05671
6 16 63.83852
6 17 41.87757
6 18 44.41292
6 19 21.01282
6 20 70.87965
6 21 15.49546
6 22 57.31137
6 23 10.69307
6 24 29.99920
7 8 35.68118
7 9 9.89586
7 10 67.71847
7 11 53.91615
7 12 62.84008
7 13 42.10854
7 14 45.04129
7 15 76.00518
7 16 71.71177
7 17 47.73540
7 18 46.47468
7 19 12.08836
7 20 51.80142
7 21 6.96193
7 22 55.51281
7 23 9.88903
7 24 25.59812
8 9 33.24283
8 10 70.75730
8 11 37.64184
8 12 40.74662
8 13 49.43993
8 14 45.16448
8 15 43.24533
8 16 91.55664
8 17 68.91925
8 18 63.23234
8 19 38.14232
8 20 17.00237
8 21 41.47997
8 22 64.03108
8 23 44.72554
8 24 43.74418
9 10 58.07397
9 11 45.03728
9 12 54.54099
9 13 32.43146
9 14 35.14734
9 15 70.14461
9 16 65.05524
9 17 41.01792
9 18 38.43525
9 19 5.13126
9 20 47.73925
9 21 16.25225
9 22 46.23102
9 23 13.39731
9 24 16.80284
10 11 39.57284
10 12 47.45869
10 13 25.64302
10 14 25.87753
10 15 74.98666
10 16 39.50853
10 17 36.16986
10 18 28.80728
10 19 55.97900
10 20 71.93743
10 21 72.94439
10 22 14.03100
10 23 65.56023
10 24 42.70380
11 12 11.20959
11 13 30.51474
11 14 21.39511
11 15 37.02603
11 16 72.22323
11 17 55.96956
11 18 47.37041
11 19 46.74780
11 20 33.50725
11 21 60.82504
11 22 39.43528
11 23 57.89863
11 24 40.31537
12 13 41.58891
12 14 32.38843
12 15 27.54178
12 16 82.38480
12 17 67.01521
12 18 58.33089
12 19 56.76648
12 20 31.71586
12 21 69.80134
12 22 49.43437
12 23 67.71741
12 24 51.27069
13 14 9.25104
13 15 66.82128
13 16 43.79781
13 17 25.45589
13 18 16.97503
13 19 30.51397
13 20 55.25553
13 21 47.52077
13 22 14.95600
13 23 40.62965
13 24 17.68758
14 15 58.05437
14 16 51.58783
14 17 34.62708
14 18 25.97653
14 19 34.52278
14 20 48.53724
14 21 51.17266
14 22 19.86108
14 23 45.47538
14 24 23.57808
15 16 109.24850
15 17 92.07383
15 18 83.79516
15 19 73.82837
15 20 26.58166
15 21 82.60713
15 22 76.43323
15 23 83.38684
15 24 72.44025
16 17 24.06424
16 18 28.32458
16 19 60.51456
16 20 98.98611
16 21 73.70325
16 22 32.95506
16 23 64.51418
16 24 49.19407
17 18 8.93594
17 19 36.45033
17 20 78.14536
17 21 50.10179
17 22 23.00540
17 23 40.99594
17 24 25.55879
18 19 34.52400
18 20 71.14869
18 21 49.99763
18 22 14.97656
18 23 41.33273
18 24 21.77206
19 20 52.18926
19 21 17.00707
19 22 43.51046
19 23 11.27440
19 24 13.53764
20 21 57.96926
20 22 68.39468
20 23 60.24641
20 24 54.63044
21 22 60.24719
21 23 9.20540
21 24 30.30592
22 23 52.41201
22 24 29.98970
23 24 22.97398
91.2471 56.9343
69.8345 27.3519
27.1205 96.5824
18.5529 82.3473
68.0572 30.1178
70.4490 76.9837
24.4637 3.1207
17.8337 21.5756
10.8497 56.5666
26.0939 27.0251
80.8634 46.3354
47.0480 66.8909
45.5073 77.9941
56.6396 37.9228
54.9951 47.0265
25.7366 97.1688
88.1515 7.5049
64.9412 13.8586
64.2930 22.7710
29.7757 23.4510
14.1489 73.2458
14.8596 15.2809
71.4610 35.9208
23.9453 13.8012
42.8951 26.7900
