100
0 1 31.77867
0 2 13.41758
0 3 51.17010
0 4 98.97977
0 5 93.58069
0 6 57.45105
0 7 29.92130
0 8 48.78471
0 9 5.20583
0 10 24.76394
0 11 60.07515
0 12 20.94295
0 13 44.25364
0 14 56.95240
0 15 38.82039
0 16 62.32721
0 17 21.08907
0 18 80.81375
0 19 25.83296
0 20 70.54439
0 21 95.54967
0 22 74.93392
0 23 33.83250
0 24 85.49806
0 25 73.79240
0 26 76.17869
0 27 87.33453
0 28 36.86498
0 29 36.42743
0 30 67.99445
0 31 57.23740
0 32 47.29161
0 33 64.25945
0 34 37.65524
0 35 87.63046
0 36 59.50640
0 37 96.05618
0 38 29.84030
0 39 88.39113
0 40 50.62337
0 41 14.26685
0 42 5.17937
0 43 60.15067
0 44 16.53957
0 45 83.29103
0 46 72.78066
0 47 37.14661
0 48 43.27513
0 49 82.08976
0 50 42.38687
0 51 58.99577
0 52 84.53804
0 53 60.67014
0 54 12.02453
0 55 50.06603
0 56 57.28744
0 57 18.08884
0 58 38.57386
0 59 87.34362
0 60 80.33977
0 61 39.04732
0 62 31.29080
0 63 60.62508
0 64 10.04719
0 65 48.55899
0 66 86.94615
0 67 81.43481
0 68 58.89161
0 69 5.38646
0 70 83.26307
0 71 42.94966
0 72 35.40426
0 73 10.42136
0 74 85.29918
0 75 55.53032
0 76 60.57278
0 77 45.71425
0 78 80.90041
0 79 29.32398
0 80 5.09416
0 81 78.84029
0 82 85.12075
0 83 81.16698
0 84 32.74273
0 85 45.32941
0 86 20.64488
0 87 28.77276
0 88 33.47841
0 89 44.86235
0 90 51.91627
0 91 37.57843
0 92 47.37272
0 93 16.58450
0 94 97.34895
0 95 36.98095
0 96 29.81923
0 97 25.87987
0 98 14.95176
0 99 18.26450
1 2 38.29920
1 3 55.74692
1 4 91.88297
1 5 62.21079
1 6 57.09521
1 7 50.66731
1 8 17.19894
1 9 36.89727
1 10 17.82812
1 11 71.60565
1 12 10.94269
1 13 65.30382
1 14 34.01050
1 15 48.98053
1 16 63.34396
1 17 27.56522
1 18 77.51459
1 19 20.58686
1 20 38.77514
1 21 83.78638
1 22 48.61635
1 23 61.18390
1 24 63.36116
1 25 61.91392
1 26 50.27710
1 27 73.64310
1 28 54.06887
1 29 6.93951
1 30 45.25264
1 31 76.43629
1 32 38.18072
1 33 53.95998
1 34 6.10426
1 35 76.62580
1 36 49.22259
1 37 84.85170
1 38 12.17117
1 39 67.04555
1 40 47.76463
1 41 27.81393
1 42 35.77747
1 43 66.37416
1 44 21.45737
1 45 52.49379
1 46 77.00652
1 47 28.30936
1 48 67.68049
1 49 55.35184
1 50 56.94818
1 51 48.44576
1 52 54.27543
1 53 54.92011
1 54 32.28820
1 55 48.34454
1 56 58.54602
1 57 45.92931
1 58 41.73592
1 59 81.67908
1 60 66.35180
1 61 45.74529
1 62 58.51996
1 63 38.01015
1 64 41.82537
1 65 67.74514
1 66 80.44723
1 67 79.93006
1 68 38.39522
1 69 33.27993
1 70 68.51209
1 71 22.63593
1 72 24.50692
1 73 29.02339
1 74 72.45960
1 75 73.72824
1 76 30.34997
1 77 70.80939
1 78 68.12262
1 79 56.85082
1 80 35.93551
1 81 74.57640
1 82 64.74329
1 83 70.89308
1 84 35.67467
1 85 66.94329
1 86 36.23279
1 87 3.34640
1 88 40.81462
1 89 15.03758
1 90 70.60168
1 91 31.04393
1 92 15.90639
1 93 23.00296
1 94 90.82798
1 95 58.57119
1 96 30.65837
1 97 19.92432
1 98 26.49219
1 99 22.81470
2 3 39.84687
2 4 89.29261
2 5 97.14127
2 6 47.20380
2 7 16.51123
2 8 53.88357
2 9 11.69191
2 10 36.37924
2 11 46.99102
2 12 27.73766
2 13 31.04666
2 14 55.67517
2 15 26.81473
2 16 51.41442
2 17 16.19571
2 18 70.45014
2 19 37.98328
2 20 75.75509
2 21 87.50263
2 22 74.36476
2 23 22.98378
2 24 82.19538
2 25 66.57234
2 26 75.30478
2 27 80.25396
2 28 23.53600
2 29 44.27615
2 30 65.81289
2 31 43.92834
2 32 41.19575
2 33 56.98819
2 34 44.39948
2 35 79.54139
2 36 52.57593
2 37 87.79639
2 38 31.95083
2 39 84.59254
2 40 41.74800
2 41 11.27887
2 42 9.21715
2 43 48.00558
2 44 28.76775
2 45 86.11664
2 46 60.72582
2 47 49.75162
2 48 30.91772
2 49 81.51042
2 50 29.24419
2 51 52.20904
2 52 86.70508
2 53 51.99408
2 54 6.16975
2 55 40.84219
2 56 46.56048
2 57 7.82814
2 58 28.98747
2 59 77.49626
2 60 73.63716
2 61 28.10865
2 62 20.31514
2 63 58.88298
2 64 13.80355
2 65 35.19520
2 66 77.36714
2 67 70.55466
2 68 56.28806
2 69 18.26387
2 70 76.74607
2 71 42.26001
2 72 47.61209
2 73 9.27747
2 74 77.96364
2 75 42.14399
2 76 63.48362
2 77 33.68285
2 78 73.70681
2 79 18.58000
2 80 15.82248
2 81 68.82208
2 82 80.97237
2 83 73.04099
2 84 46.13785
2 85 32.22986
2 86 10.07345
2 87 35.96990
2 88 23.13822
2 89 52.90093
2 90 38.53983
2 91 50.47232
2 92 52.33098
2 93 29.19086
2 94 87.52067
2 95 23.75105
2 96 43.05210
2 97 37.90593
2 98 12.72452
2 99 30.87713
3 4 50.39936
3 5 92.86694
3 6 9.48227
3 7 29.16613
3 8 62.28626
3 9 51.24253
3 10 65.52167
3 11 18.53801
3 12 50.88637
3 13 30.71557
3 14 45.66048
3 15 13.33584
3 16 11.72448
3 17 32.59134
3 18 31.01929
3 19 68.17872
3 20 79.44120
3 21 51.59876
3 22 61.27821
3 23 43.24033
3 24 59.56968
3 25 34.74236
3 26 61.11673
3 27 47.16036
3 28 22.40528
3 29 62.53914
3 30 49.82694
3 31 32.70277
3 32 23.54565
3 33 27.06483
3 34 60.01471
3 35 43.98964
3 36 25.32621
3 37 51.42502
3 38 43.63024
3 39 60.18712
3 40 12.81252
3 41 38.05533
3 42 48.53350
3 43 10.62903
3 44 60.98585
3 45 81.07643
3 46 22.14389
3 47 79.78283
3 48 38.59568
3 49 67.07830
3 50 17.38335
3 51 25.62015
3 52 79.61871
3 53 18.62273
3 54 39.14705
3 55 11.11322
3 56 7.45938
3 57 42.32211
3 58 14.30380
3 59 38.59269
3 60 42.29293
3 61 12.15030
3 62 42.18883
3 63 46.31524
3 64 53.59444
3 65 28.04108
3 66 38.87761
3 67 30.74304
3 68 41.98941
3 69 56.55243
3 70 45.54186
3 71 40.38409
3 72 76.50560
3 73 41.21764
3 74 44.41092
3 75 29.32270
3 76 63.15914
3 77 41.56309
3 78 40.97347
3 79 42.51639
3 80 55.01108
3 81 29.87955
3 82 56.03662
3 83 37.89324
3 84 80.80363
3 85 32.41920
3 86 30.60198
3 87 55.82856
3 88 17.86220
3 89 69.25125
3 90 28.44447
3 91 81.61559
3 92 60.84855
3 93 62.18083
3 94 48.47322
3 95 30.29045
3 96 76.54083
3 97 67.78078
3 98 38.11741
3 99 63.57016
4 5 97.02849
4 6 42.12192
4 7 79.50864
4 8 89.28300
4 9 100.08146
4 10 106.86739
4 11 55.48753
4 12 91.93985
4 13 77.89985
4 14 63.29189
4 15 63.66153
4 16 38.76177
4 17 78.23065
4 18 19.60257
4 19 109.80924
4 20 96.39565
4 21 15.36401
4 22 65.46302
4 23 92.84393
4 24 49.96895
4 25 30.80548
4 26 63.86920
4 27 24.48637
4 28 72.35041
4 29 97.23056
4 30 57.09055
4 31 73.51791
4 32 54.47431
4 33 37.92315
4 34 93.52109
4 35 17.63673
4 36 42.69201
4 37 13.50566
4 38 80.87862
4 39 46.95553
4 40 48.39590
4 41 84.83490
4 42 97.30725
4 43 46.24930
4 44 104.85540
4 45 87.58326
4 46 36.68650
4 47 119.83005
4 48 86.09492
4 49 66.50612
4 50 66.57164
4 51 43.45549
4 52 84.03154
4 53 38.62833
4 54 87.34117
4 55 48.91535
4 56 43.10926
4 57 92.57737
4 58 60.56882
4 59 11.83185
4 60 29.54193
4 61 61.28429
4 62 92.10957
4 63 60.51343
4 64 103.07518
4 65 73.51500
4 66 12.03954
4 67 21.62104
4 68 57.47602
4 69 104.28052
4 70 29.48526
4 71 69.66348
4 72 116.10335
4 73 88.57005
4 74 23.54708
4 75 70.92796
4 76 81.56031
4 77 88.42586
4 78 26.51907
4 79 92.62987
4 80 103.42128
4 81 20.55927
4 82 44.46748
4 83 21.61306
4 84 124.31983
4 85 79.18145
4 86 79.42562
4 87 93.50552
4 88 66.18541
4 89 100.71719
4 90 72.18908
4 91 122.31694
4 92 88.46518
4 93 106.33884
4 94 2.22242
4 95 79.57667
4 96 119.50472
4 97 109.25785
4 98 84.40809
4 99 107.37896
5 6 87.45743
5 7 104.41028
5 8 45.01335
5 9 98.52270
5 10 76.79181
5 11 111.35120
5 12 72.70661
5 13 116.37403
5 14 47.33296
5 15 94.73582
5 16 92.65497
5 17 82.05962
5 18 94.51859
5 19 78.56228
5 20 24.78480
5 21 82.34248
5 22 33.38572
5 23 118.25963
5 24 47.17547
5 25 71.10385
5 26 34.41432
5 27 72.55949
5 28 104.22114
5 29 59.46621
5 30 44.57567
5 31 123.75970
5 32 69.60553
5 33 71.20241
5 34 56.91673
5 35 79.79459
5 36 69.89775
5 37 84.17614
5 38 65.21900
5 39 50.60066
5 40 80.12304
5 41 85.86363
5 42 97.00265
5 43 101.30015
5 44 82.93882
5 45 11.82620
5 46 105.75991
5 47 78.54912
5 48 121.48101
5 49 30.61030
5 50 103.96498
5 51 69.27849
5 52 13.69753
5 53 78.84504
5 54 91.02224
5 55 81.77365
5 56 90.32903
5 57 104.94300
5 58 84.51890
5 59 93.00959
5 60 68.59040
5 61 89.74852
5 62 115.75779
5 63 46.60184
5 64 103.53650
5 65 116.59528
5 66 90.72393
5 67 99.01946
5 68 50.97483
5 69 95.47505
5 70 67.83982
5 71 56.79565
5 72 75.74813
5 73 88.48028
5 74 73.80706
5 75 120.44872
5 76 33.67218
5 77 124.89070
5 78 71.89465
5 79 114.48373
5 80 98.00831
5 81 91.11187
5 82 52.61161
5 83 78.23070
5 84 90.56561
5 85 118.26307
5 86 91.22743
5 87 65.47055
5 88 87.88808
5 89 53.09599
5 90 118.41124
5 91 81.47036
5 92 46.32670
5 93 84.30664
5 94 97.41539
5 95 111.32611
5 96 86.44826
5 97 77.95631
5 98 84.41918
5 99 83.67946
6 7 38.12591
6 8 61.00064
6 9 58.17183
6 10 68.97530
6 11 24.94340
6 12 53.96068
6 13 40.14460
6 14 41.08910
6 15 21.89348
6 16 6.32366
6 17 37.40824
6 18 23.37486
6 19 71.77856
6 20 76.19122
6 21 42.26486
6 22 54.92673
6 23 52.56744
6 24 51.28544
6 25 25.47811
6 26 54.52433
6 27 37.68831
6 28 31.72742
6 29 63.57936
6 30 43.37612
6 31 41.15193
6 32 20.59867
6 33 18.55249
6 34 60.60375
6 35 34.58153
6 36 17.92542
6 37 42.16552
6 38 44.97708
6 39 51.57908
6 40 9.44420
6 41 43.61717
6 42 55.40876
6 43 13.96667
6 44 65.40904
6 45 75.80361
6 46 20.47493
6 47 82.93754
6 48 48.06642
6 49 60.21789
6 50 26.86333
6 51 18.42171
6 52 73.94433
6 53 9.82313
6 54 45.58550
6 55 8.75779
6 56 3.00178
6 57 50.54946
6 58 18.90451
6 59 30.30553
6 60 32.97390
6 61 19.16309
6 62 51.41543
6 63 40.99910
6 64 61.00135
6 65 37.24002
6 66 30.28901
6 67 24.20188
6 68 36.60565
6 69 62.81759
6 70 36.20311
6 71 38.72173
6 72 79.46174
6 73 47.15085
6 74 34.93227
6 75 37.82887
6 76 59.71840
6 77 51.00869
6 78 31.54203
6 79 51.64160
6 80 61.67455
6 81 21.61843
6 82 47.42186
6 83 28.43043
6 84 85.27147
6 85 41.82088
6 86 37.42903
6 87 57.72610
6 88 24.17743
6 89 69.44874
6 90 37.35465
6 91 85.02418
6 92 59.68772
6 93 66.74305
6 94 40.32257
6 95 39.72238
6 96 80.75301
6 97 71.31621
6 98 43.40326
6 99 67.99731
7 8 64.11626
7 9 27.54429
7 10 52.08300
7 11 31.58279
7 12 41.23020
7 13 15.01891
7 14 59.15708
7 15 16.29711
7 16 40.74733
7 17 23.58022
7 18 60.00967
7 19 53.94013
7 20 85.26248
7 21 80.30195
7 22 77.65317
7 23 15.50199
7 24 81.78993
7 25 61.38002
7 26 78.19155
7 27 74.70854
7 28 7.94973
7 29 57.27970
7 30 67.55783
7 31 27.54989
7 32 39.82258
7 33 52.27877
7 34 56.54703
7 35 72.50669
7 36 48.72445
7 37 80.26657
7 38 41.46545
7 39 83.45658
7 40 35.77632
7 41 23.30380
7 42 25.42940
7 43 34.89394
7 44 44.89805
7 45 92.85024
7 46 47.39673
7 47 65.86022
7 48 17.36759
7 49 84.51301
7 50 14.22609
7 51 48.60776
7 52 92.69909
7 53 45.37740
7 54 20.23040
7 55 34.34739
7 56 36.58367
7 57 14.75427
7 58 23.92599
7 59 67.72795
7 60 68.89428
7 61 20.23124
7 62 13.74914
7 63 61.58507
7 64 27.93817
7 65 18.74029
7 66 68.04374
7 67 59.20189
7 68 58.11241
7 69 34.60975
7 70 72.14971
7 71 47.64521
7 72 63.49777
7 73 23.72738
7 74 72.11986
7 75 25.64784
7 76 71.11616
7 77 20.69801
7 78 68.23520
7 79 13.63721
7 80 31.82742
7 81 59.03030
7 82 79.50131
7 83 66.17655
7 84 62.64900
7 85 16.47529
7 86 14.45180
7 87 48.99304
7 88 18.32187
7 89 65.69757
7 90 22.05902
7 91 66.74543
7 92 62.51740
7 93 45.45958
7 94 77.54671
7 95 7.93599
7 96 59.51178
7 97 53.79918
7 98 24.45025
7 99 47.13024
8 9 53.82861
8 10 32.88900
8 11 79.93174
8 12 27.84244
8 13 77.93766
8 14 26.30775
8 15 58.82010
8 16 67.28141
8 17 40.56637
8 18 77.92883
8 19 35.11957
8 20 21.93511
8 21 78.80044
8 22 35.41476
8 23 76.24717
8 24 52.56427
8 25 58.47772
8 26 37.32354
8 27 68.05130
8 28 66.03468
8 29 15.35981
8 30 35.62893
8 31 87.81406
8 32 40.43166
8 33 52.48189
8 34 12.13659
8 35 72.54061
8 36 48.45744
8 37 80.15309
8 38 22.66288
8 39 56.61087
8 40 51.67015
8 41 42.78295
8 42 52.51011
8 43 72.63091
8 44 38.18637
8 45 35.50761
8 46 81.47465
8 47 38.74968
8 48 81.46941
8 49 41.37996
8 50 67.67022
8 51 47.63490
8 52 37.59328
8 53 56.10670
8 54 47.72187
8 55 52.76542
8 56 63.11945
8 57 61.68592
8 58 49.76386
8 59 80.47089
8 60 61.11548
8 61 54.61861
8 62 73.62360
8 63 29.70894
8 64 58.80746
8 65 79.53286
8 66 78.83109
8 67 81.17836
8 68 31.98492
8 69 50.47480
8 70 62.59328
8 71 22.27928
8 72 35.18575
8 73 44.78047
8 74 67.50081
8 75 84.81244
8 76 14.44812
8 77 84.75502
8 78 63.53580
8 79 72.10615
8 80 53.07763
8 81 74.65614
8 82 55.16233
8 83 67.67740
8 84 49.03281
8 85 79.71139
8 86 49.86532
8 87 20.46132
8 88 50.80170
8 89 12.83085
8 90 82.04085
8 91 41.80303
8 92 1.59911
8 93 39.63280
8 94 88.61472
8 95 71.76655
8 96 44.31118
8 97 34.46583
8 98 41.35589
8 99 39.17667
9 10 29.63636
9 11 58.58917
9 12 26.01162
9 13 41.19405
9 14 60.89158
9 15 38.38944
9 16 62.68340
9 17 23.37881
9 18 81.52506
9 19 30.49416
9 20 75.63774
9 21 97.41792
9 22 79.10914
9 23 29.49404
9 24 89.00475
9 25 75.95018
9 26 80.28764
9 27 89.58254
9 28 34.98297
9 29 41.62842
9 30 71.75378
9 31 54.29007
9 32 49.73093
9 33 66.36277
9 34 42.80972
9 35 89.46600
9 36 61.71973
9 37 97.83289
9 38 34.28753
9 39 91.76045
9 40 51.98453
9 41 16.60644
9 42 2.77663
9 43 59.65010
9 44 21.30487
9 45 88.11991
9 46 72.36243
9 47 41.45239
9 48 39.46484
9 49 86.28109
9 50 40.84223
9 51 61.26084
9 52 89.26693
9 53 62.17053
9 54 12.85869
9 55 51.26437
9 56 57.74028
9 57 14.24216
9 58 39.51487
9 59 88.34581
9 60 82.71575
9 61 39.29637
9 62 27.04330
9 63 64.46649
9 64 5.02491
9 65 45.80034
9 66 88.08624
9 67 81.84349
9 68 62.49778
9 69 7.47519
9 70 85.71609
9 71 46.93474
9 72 39.95528
9 73 12.67625
9 74 87.44188
9 75 52.82117
9 76 65.36696
9 77 41.70233
9 78 83.08874
9 79 25.04518
9 80 4.29012
9 81 79.73767
9 82 88.37683
9 83 82.97253
9 84 35.92865
9 85 42.11380
9 86 20.76249
9 87 33.92967
9 88 33.99648
9 89 50.06818
9 90 49.18364
9 91 41.64539
9 92 52.39743
9 93 21.14677
9 94 98.37488
9 95 34.02830
9 96 33.51034
9 97 30.59459
9 98 17.62667
9 99 22.78649
10 11 78.73139
10 12 15.08037
10 13 67.05426
10 14 51.68769
10 15 55.83240
10 16 74.89622
10 17 33.28796
10 18 91.04153
10 19 2.96347
10 20 52.22927
10 21 99.97896
10 22 66.33521
10 23 58.44330
10 24 81.14612
10 25 77.82955
10 26 68.03160
10 27 90.18964
10 28 57.63589
10 29 17.57562
10 30 63.00803
10 31 79.54241
10 32 52.39921
10 33 69.23572
10 34 20.89304
10 35 92.53915
10 36 64.34602
10 37 100.91357
10 38 26.21770
10 39 84.78869
10 40 60.20628
10 41 29.62838
10 42 29.89765
10 43 75.82496
10 44 8.37647
10 45 68.16119
10 46 87.60245
10 47 14.35437
10 48 67.27188
10 49 72.96831
10 50 62.04494
10 51 63.62553
10 52 70.44909
10 53 68.73416
10 54 31.85409
10 55 60.37074
10 56 69.83405
10 57 42.54914
10 58 51.26569
10 59 96.07858
10 60 82.87546
10 61 53.99710
10 62 55.85177
10 63 55.69723
10 64 33.61568
10 65 70.67375
10 66 95.09619
10 67 92.85470
10 68 55.78981
10 69 23.25072
10 70 85.23762
10 71 39.43077
10 72 11.48802
10 73 28.38231
10 74 88.78877
10 75 77.36713
10 76 47.09676
10 77 69.94208
10 78 84.37716
10 79 53.91992
10 80 26.79109
10 81 88.38387
10 82 82.38719
10 83 86.52291
10 84 18.09720
10 85 68.38071
10 86 39.09742
10 87 14.89891
10 88 48.35045
10 89 24.00269
10 90 73.89016
10 91 16.10402
10 92 31.99800
10 93 8.94064
10 94 105.62321
10 95 59.80291
10 96 13.07019
10 97 2.39053
10 98 28.91779
10 99 7.64886
11 12 65.07422
11 13 23.75726
11 14 64.19244
11 15 22.98345
11 16 21.91310
11 17 45.61929
11 18 36.61244
11 19 81.11038
11 20 97.78771
11 21 61.33376
11 22 79.45094
11 23 40.48682
11 24 76.09458
11 25 49.27953
11 26 79.17565
11 27 59.71752
11 28 23.73353
11 29 78.53109
11 30 67.92952
11 31 18.24417
11 32 42.07015
11 33 43.41986
11 34 76.43802
11 35 54.73588
11 36 42.75310
11 37 60.64233
11 38 59.83887
11 39 76.15885
11 40 31.22847
11 41 49.37214
11 42 56.20660
11 43 11.51143
11 44 72.90433
11 45 99.57441
11 46 19.05292
11 47 93.06709
11 48 31.62868
11 49 84.99614
11 50 17.74955
11 51 43.18369
11 52 98.04139
11 53 34.69308
11 54 48.63491
11 55 29.58353
11 56 21.94306
11 57 46.32842
11 58 30.29342
11 59 44.80321
11 60 56.37472
11 61 25.87531
11 62 40.59660
11 63 64.76364
11 64 59.46122
11 65 18.68896
11 66 46.02386
11 67 33.86814
11 68 60.41229
11 69 65.18545
11 70 59.43765
11 71 58.44985
11 72 90.12030
11 73 51.56694
11 74 56.86016
11 75 15.46297
11 76 81.58719
11 77 33.49348
11 78 54.31732
11 79 41.74748
11 80 62.79472
11 81 37.25855
11 82 72.01602
11 83 49.66219
11 84 92.07033
11 85 24.63846
11 86 40.23366
11 87 71.15692
11 88 30.92791
11 89 85.84482
11 90 16.84293
11 91 94.51009
11 92 78.44118
11 93 73.83035
11 94 53.29945
11 95 27.83100
11 96 88.33037
11 97 80.81425
11 98 49.90589
11 99 75.39041
12 13 56.14736
12 14 39.64692
12 15 42.09603
12 16 59.93720
12 17 19.53461
12 18 75.96312
12 19 17.96381
12 20 49.62662
12 21 85.51652
12 22 56.27919
12 23 50.71594
12 24 69.18856
12 25 63.30496
12 26 57.74775
12 27 75.99486
12 28 45.53818
12 29 16.53867
12 30 51.07972
12 31 67.90113
12 32 37.47376
12 33 54.48922
12 34 16.97962
12 35 77.95470
12 36 49.57617
12 37 86.37781
12 38 12.16747
12 39 72.55949
12 40 45.13389
12 41 17.94175
12 42 24.83674
12 43 61.33207
12 44 14.00741
12 45 62.61168
12 46 72.85603
12 47 29.01090
12 48 57.82823
12 49 63.29175
12 50 49.18185
12 51 48.87871
12 52 64.07974
12 53 53.68871
12 54 21.91090
12 55 45.32336
12 56 54.90125
12 57 35.22463
12 58 36.58344
12 59 81.06149
12 60 68.69904
12 61 39.71629
12 62 48.04702
12 63 43.59954
12 64 30.97326
12 65 59.07407
12 66 80.11829
12 67 77.78436
12 68 42.93730
12 69 22.93161
12 70 71.21308
12 71 26.22573
12 72 25.63737
12 73 18.49566
12 74 74.44841
12 75 65.40726
12 76 40.03615
12 77 60.84882
12 78 70.00929
12 79 46.31532
12 80 25.30632
12 81 73.31763
12 82 69.79649
12 83 71.83506
12 84 32.45003
12 85 57.68576
12 86 27.07038
12 87 8.26457
12 88 34.24433
12 89 25.16513
12 90 62.10525
12 91 31.06587
12 92 26.43861
12 93 15.65476
12 94 90.65848
12 95 49.16419
12 96 27.57734
12 97 17.45480
12 98 16.78504
12 99 16.20802
13 14 69.80884
13 15 22.25529
13 16 40.45437
13 17 37.84851
13 18 58.42988
13 19 68.85363
13 20 98.54981
13 21 81.55357
13 22 87.63761
13 23 17.10903
13 24 89.07133
13 25 65.42635
13 26 87.90294
13 27 77.81677
13 28 12.17198
13 29 72.01594
13 30 76.81818
13 31 13.11568
13 32 48.55429
13 33 57.32985
13 34 71.07577
13 35 74.21846
13 36 54.78374
13 37 81.17320
13 38 55.46552
13 39 90.12298
13 40 41.32446
13 41 38.26538
13 42 39.43392
13 43 31.66466
13 44 59.73585
13 45 104.63913
13 46 42.42240
13 47 80.72424
13 48 8.20342
13 49 94.15804
13 50 13.76612
13 51 54.88514
13 52 104.06645
13 53 49.20736
13 54 35.22110
13 55 39.61579
13 56 37.73138
13 57 27.15632
13 58 32.39270
13 59 66.59339
13 60 72.99238
13 61 27.36276
13 62 17.75417
13 63 71.67460
13 64 40.50369
13 65 5.44885
13 66 67.42615
13 67 56.46039
13 68 67.78556
13 69 48.55745
13 70 76.24690
13 71 59.77917
13 72 78.43925
13 73 38.73217
13 74 75.04149
13 75 12.10554
13 76 83.69744
13 77 10.88074
13 78 71.68092
13 79 19.28827
13 80 45.45392
13 81 58.31803
13 82 86.01435
13 83 68.34400
13 84 76.93680
13 85 1.90523
13 86 29.14292
13 87 63.78444
13 88 28.48597
13 89 80.33817
13 90 8.58567
13 91 81.51110
13 92 76.34209
13 93 60.22060
13 94 75.77447
13 95 7.29602
13 96 74.04912
13 97 68.73095
13 98 39.36591
13 99 61.90282
14 15 47.78130
14 16 46.82088
14 17 39.48958
14 18 53.62857
14 19 54.52776
14 20 35.66154
14 21 52.49293
14 22 18.75032
14 23 74.02710
14 24 29.59589
14 25 32.56494
14 26 19.62966
14 27 41.75815
14 28 57.79614
14 29 37.22740
14 30 11.44020
14 31 76.51825
14 32 22.27511
14 33 27.94752
14 34 33.20055
14 35 46.31120
14 36 24.91127
14 37 53.84857
14 38 27.82115
14 39 33.12404
14 40 33.04538
14 41 45.13284
14 42 58.63206
14 43 54.58101
14 44 53.49864
14 45 35.51036
14 46 60.70080
14 47 61.71778
14 48 75.57751
14 49 25.85440
14 50 56.94515
14 51 24.14308
14 52 34.42345
14 53 33.67284
14 54 50.14981
14 55 34.63482
14 56 43.80000
14 57 62.96721
14 58 37.52812
14 59 55.12880
14 60 34.81001
14 61 42.71502
14 62 71.73994
14 63 4.01048
14 64 65.70237
14 65 69.60202
14 66 53.31860
14 67 57.39801
14 68 5.83164
14 69 60.73780
14 70 36.31702
14 71 14.00479
14 72 57.91841
14 73 48.68414
14 74 41.19809
14 75 73.18750
14 76 19.35634
14 77 78.99498
14 78 37.27593
14 79 70.79389
14 80 62.01459
14 81 50.22076
14 82 30.73290
14 83 41.69488
14 84 69.67009
14 85 71.71278
14 86 47.62960
14 87 36.78918
14 88 41.53172
14 89 38.54423
14 90 71.26116
14 91 64.61438
14 92 25.70621
14 93 55.15082
14 94 62.75043
14 95 65.39077
14 96 64.64534
14 97 53.87237
14 98 43.83079
14 99 55.45353
15 16 25.05991
15 17 22.64116
15 18 44.34621
15 19 58.26922
15 20 78.25147
15 21 64.00814
15 22 65.41123
15 23 31.24927
15 24 67.23064
15 25 45.32529
15 26 65.65428
15 27 58.52078
15 28 10.98448
15 29 55.92003
15 30 54.56332
15 31 29.35768
15 32 26.29929
15 33 36.46004
15 34 54.08223
15 35 56.20970
15 36 33.29970
15 37 63.98689
15 38 37.54498
15 39 68.53282
15 40 19.96132
15 41 26.78335
15 42 35.74212
15 43 21.33626
15 44 50.30451
15 45 82.94112
15 46 34.00776
15 47 70.18297
15 48 28.95943
15 49 71.90452
15 50 9.24054
15 51 33.29342
15 52 82.16252
15 53 29.18765
15 54 26.88143
15 55 18.40108
15 56 20.55790
15 57 28.98665
15 58 10.25368
15 59 51.83730
15 60 52.88418
15 61 5.11202
15 62 29.84125
15 63 49.49406
15 64 40.45202
15 65 21.86148
15 66 52.02073
15 67 44.02155
15 68 45.55515
15 69 44.15073
15 70 56.15154
15 71 38.78473
15 72 67.18231
15 73 29.40924
15 74 55.90058
15 75 26.19323
15 76 62.73722
15 77 32.27236
15 78 52.08438
15 79 29.90548
15 80 42.31421
15 81 43.11028
15 82 64.48071
15 83 49.88607
15 84 69.79469
15 85 24.15477
15 86 18.22275
15 87 48.34091
15 88 8.19162
15 89 63.53160
15 90 23.78461
15 91 71.70835
15 92 57.26591
15 93 51.32737
15 94 61.76109
15 95 19.28914
15 96 65.83924
15 97 57.95183
15 98 27.17414
15 99 52.83554
16 17 42.82924
16 18 19.30461
16 19 77.66848
16 20 82.14989
16 21 41.10234
16 22 59.76964
16 23 54.34224
16 24 54.53895
16 25 27.37634
16 26 59.22358
16 27 38.14549
16 28 33.66259
16 29 69.86073
16 30 48.25824
16 31 39.41664
16 32 26.85564
16 33 22.26448
16 34 66.91026
16 35 33.86927
16 36 22.76245
16 37 40.72638
16 38 51.20630
16 39 54.39189
16 40 15.76708
16 41 48.78490
16 42 59.94857
16 43 10.40331
16 44 71.05784
16 45 81.09600
16 46 14.20796
16 47 88.94259
16 48 48.59911
16 49 64.70157
16 50 28.08966
16 51 23.37688
16 52 79.05616
16 53 13.88514
16 54 50.34744
16 55 15.00847
16 56 5.11934
16 57 54.04647
16 58 24.14961
16 59 26.99773
16 60 34.47630
16 61 23.38796
16 62 53.47132
16 63 46.46266
16 64 65.19687
16 65 36.83667
16 66 27.44020
16 67 19.16010
16 68 42.08664
16 69 67.71239
16 70 37.56529
16 71 45.00644
16 72 85.50358
16 73 52.16839
16 74 35.30064
16 75 36.24095
16 76 65.67160
16 77 51.29681
16 78 32.50878
16 79 53.92090
16 80 66.35063
16 81 18.34175
16 82 50.26738
16 83 28.26911
16 84 90.93493
16 85 41.97197
16 86 41.94387
16 87 63.91273
16 88 28.84948
16 89 75.77043
16 90 36.37606
16 91 90.97557
16 92 65.97850
16 93 72.34976
16 94 36.80366
16 95 41.16373
16 96 86.48950
16 97 77.22116
16 98 48.68227
16 99 73.64960
17 18 60.55052
17 19 35.81592
17 20 61.91315
17 21 74.46101
17 22 58.19834
17 23 36.24596
17 24 66.27216
17 25 52.73773
17 26 59.11783
17 27 66.31860
17 28 26.50698
17 29 34.39193
17 30 49.65307
17 31 48.89078
17 32 26.36447
17 33 43.18638
17 34 33.24395
17 35 66.54433
17 36 38.46261
17 37 74.97509
17 38 17.90369
17 39 68.81974
17 40 29.84713
17 41 6.85486
17 42 20.72310
17 43 42.66637
17 44 28.39581
17 45 70.77509
17 46 54.73309
17 47 47.63974
17 48 40.91057
17 49 65.33476
17 50 29.71398
17 51 37.97293
17 52 71.10017
17 53 39.72875
17 54 11.03597
17 55 29.46927
17 56 37.71042
17 57 23.54570
17 58 18.68462
17 59 66.71553
17 60 59.38803
17 61 20.77311
17 62 33.71393
17 63 42.68894
17 64 27.59042
17 65 40.18058
17 66 66.19240
17 67 61.60761
17 68 40.15430
17 69 26.22438
17 70 62.36369
17 71 26.23034
17 72 44.57175
17 73 10.80271
17 74 64.24419
17 75 46.23551
17 76 48.43868
17 77 44.18885
17 78 59.85865
17 79 32.42531
17 80 25.91211
17 81 58.35921
17 82 65.31164
17 83 60.08541
17 84 48.23365
17 85 39.53763
17 86 9.33822
17 87 26.35816
17 88 15.07566
17 89 42.56257
17 90 43.05902
17 91 49.28158
17 92 38.96864
17 93 29.61031
17 94 76.66998
17 95 31.33870
17 96 43.95053
17 97 35.46334
17 98 6.19802
17 99 30.98171
18 19 93.92279
18 20 88.93892
18 21 25.43912
18 22 61.24791
18 23 73.24146
18 24 50.26634
18 25 23.41578
18 26 60.11045
18 27 27.11491
18 28 52.77352
18 29 83.48724
18 30 50.77400
18 31 54.83533
18 32 39.33439
18 33 25.71576
18 34 80.07837
18 35 20.28043
18 36 29.47158
18 37 24.47069
18 38 65.80532
18 39 48.64366
18 40 30.99857
18 41 66.90337
18 42 78.76614
18 43 26.76920
18 44 88.13283
18 45 83.77739
18 46 18.74964
18 47 104.62131
18 48 66.63262
18 49 64.35361
18 50 46.96995
18 51 30.29405
18 52 80.89291
18 53 22.59447
18 54 68.96036
18 55 31.13255
18 56 23.91739
18 57 73.32886
18 58 42.24397
18 59 8.21466
18 60 27.27689
18 61 42.34157
18 62 72.51480
18 63 51.84492
18 64 84.25324
18 65 54.18634
18 66 9.49142
18 67 4.78295
18 68 47.95970
18 69 86.17446
18 70 29.31711
18 71 56.52899
18 72 101.00947
18 73 70.48883
18 74 24.51718
18 75 52.05813
18 76 72.92677
18 77 69.04844
18 78 24.13576
18 79 73.05361
18 80 85.04864
18 81 3.45867
18 82 45.00045
18 83 17.70911
18 84 107.90075
18 85 59.76182
18 86 60.76832
18 87 78.66949
18 88 47.53020
18 89 88.17156
18 90 53.04979
18 91 106.90089
18 92 76.86394
18 93 89.53164
18 94 17.57031
18 95 59.97554
18 96 103.24733
18 97 93.41792
18 98 66.62751
18 99 90.70464
19 20 53.89254
19 21 102.94228
19 22 68.95337
19 23 59.65540
19 24 83.94417
19 25 80.79288
19 26 70.67175
19 27 93.14789
19 28 59.71443
19 29 19.75977
19 30 65.82170
19 31 81.46075
19 32 55.33774
19 33 72.19263
19 34 23.27618
19 35 95.50209
19 36 67.30119
19 37 103.87699
19 38 29.18109
19 39 87.60997
19 40 63.05747
19 41 31.84829
19 42 31.00941
19 43 78.43062
19 44 9.31517
19 45 70.18657
19 46 90.28431
19 47 12.01463
19 48 68.77455
19 49 75.52939
19 50 64.27099
19 51 66.58200
19 52 72.58450
19 53 71.64406
19 54 33.75529
19 55 63.19774
19 56 72.59585
19 57 43.82935
19 58 53.95137
19 59 99.00038
19 60 85.83363
19 61 56.56898
19 62 57.09649
19 63 58.53548
19 64 34.18112
19 65 72.60552
19 66 98.02840
19 67 95.69981
19 68 58.68512
19 69 23.72456
19 70 88.19005
19 71 42.36432
19 72 9.63673
19 73 30.34318
19 74 91.75072
19 75 79.35923
19 76 49.43418
19 77 71.36345
19 78 87.33969
19 79 55.14051
19 80 27.33975
19 81 91.28118
19 82 85.24254
19 83 89.48326
19 84 15.18281
19 85 70.13199
19 86 41.26706
19 87 17.74880
19 88 50.89141
19 89 25.53662
19 90 75.85271
19 91 13.46585
19 92 34.30540
19 93 9.35815
19 94 108.55853
19 95 61.57752
19 96 10.15007
19 97 0.66871
19 98 31.21853
19 99 7.76806
20 21 83.50927
20 22 32.37490
20 23 97.92738
20 24 50.97288
20 25 66.68402
20 26 34.32470
20 27 72.72710
20 28 86.45870
20 29 35.18140
20 30 39.31195
20 31 107.58970
20 32 56.09260
20 33 63.44064
20 34 33.06348
20 35 78.80175
20 36 60.57281
20 37 85.15135
20 38 44.14609
20 39 55.14043
20 40 67.49397
20 41 64.59191
20 42 74.39421
20 43 89.15121
20 44 58.73305
20 45 18.69473
20 46 96.18866
20 47 53.86148
20 48 102.62225
20 49 35.00447
20 50 87.38188
20 51 59.80353
20 52 22.48145
20 53 69.29334
20 54 69.58695
20 55 68.90022
20 56 78.73223
20 57 83.57013
20 58 68.50688
20 59 89.61551
20 60 66.86979
20 61 73.63729
20 62 95.32455
20 63 37.09509
20 64 80.58778
20 65 99.66014
20 66 87.60881
20 67 92.87919
20 68 41.08598
20 69 71.91208
20 70 67.31509
20 71 39.57958
20 72 50.99243
20 73 66.69420
20 74 73.04312
20 75 104.44468
20 76 16.47842
20 77 105.95993
20 78 69.88455
20 79 93.85590
20 80 74.68313
20 81 85.49606
20 82 55.31253
20 83 75.34284
20 84 65.79667
20 85 100.37562
20 86 71.25137
20 87 41.87952
20 88 70.58589
20 89 28.37029
20 90 101.92941
20 91 56.81325
20 92 23.45436
20 93 60.02925
20 94 96.21430
20 95 92.72155
20 96 61.66354
20 97 53.29766
20 98 63.15543
20 99 59.29868
21 22 51.74005
21 23 94.82045
21 24 35.16702
21 25 22.22044
21 26 50.00886
21 27 10.87622
21 28 73.97660
21 29 88.45197
21 30 44.62523
21 31 79.54582
21 32 48.70429
21 33 31.42716
21 34 84.55910
21 35 7.96258
21 36 36.30889
21 37 1.87294
21 38 73.76703
21 39 31.90364
21 40 45.77896
21 41 81.29198
21 42 94.65929
21 43 50.58285
21 44 99.09204
21 45 73.34768
21 46 44.17187
21 47 112.08341
21 48 89.68394
21 49 52.04332
21 50 68.86743
21 51 36.91938
21 52 69.62637
21 53 35.54934
21 54 84.56445
21 55 46.80443
21 56 44.18678
21 57 91.94094
21 58 58.59791
21 59 18.13024
21 60 17.70931
21 61 60.59675
21 62 93.67785
21 63 49.21688
21 64 100.98599
21 65 77.86375
21 66 16.14920
21 67 29.52087
21 68 46.88122
21 69 100.64798
21 70 16.38021
21 71 61.15548
21 72 108.28817
21 73 85.19825
21 74 11.38196
21 75 76.59004
21 76 69.54505
21 77 92.39908
21 78 15.66376
21 79 93.87356
21 80 100.31588
21 81 24.13222
21 82 29.76243
21 83 14.46485
21 84 117.88914
21 85 83.07319
21 86 77.43108
21 87 85.82499
21 88 64.62229
21 89 90.88739
21 90 77.16703
21 91 114.75684
21 92 78.17599
21 93 100.66231
21 94 16.42975
21 95 81.87235
21 96 112.93553
21 97 102.34662
21 98 80.62395
21 99 101.51028
22 23 92.66453
22 24 18.72193
22 25 37.86974
22 26 2.03176
22 27 41.18734
22 28 75.81011
22 29 49.81302
22 30 11.55068
22 31 93.34439
22 32 39.17161
22 33 37.95129
22 34 45.93025
22 35 47.86596
22 36 37.07063
22 37 53.46133
22 38 45.21547
22 39 22.92331
22 40 48.48375
22 41 63.68497
22 42 76.95344
22 43 68.88651
22 44 69.57559
22 45 22.57150
22 46 72.54366
22 47 74.04733
22 48 93.76681
22 49 7.17745
22 50 74.38934
22 51 36.52310
22 52 19.69727
22 53 45.88764
22 54 68.75671
22 55 50.21649
22 56 57.87608
22 57 81.70292
22 58 55.24946
22 59 60.22882
22 60 36.15241
22 61 60.29963
22 62 90.40989
22 63 16.07643
22 64 83.99771
22 65 86.98355
22 66 58.01559
22 67 65.69686
22 68 19.85622
22 69 78.37157
22 70 35.98644
22 71 32.27743
22 72 70.40401
22 73 67.13562
22 74 41.91726
22 75 89.96692
22 76 21.78767
22 77 97.17214
22 78 39.38532
22 79 89.49775
22 80 79.93448
22 81 57.82207
22 82 22.94295
22 83 45.47436
22 84 83.65630
22 85 89.54156
22 86 66.37581
22 87 51.79580
22 88 59.73983
22 89 48.10700
22 90 88.35902
22 91 77.08445
22 92 35.65677
22 93 71.19784
22 94 65.56107
22 95 83.61893
22 96 78.75117
22 97 68.28466
22 98 62.35117
22 99 71.23464
23 24 97.27786
23 25 76.57099
23 26 93.28748
23 27 89.74403
23 28 20.84385
23 29 67.25227
23 30 82.81169
23 31 28.94284
23 32 55.27625
23 33 67.60706
23 34 67.26909
23 35 87.14351
23 36 64.16402
23 37 94.66520
23 38 53.78558
23 39 98.95857
23 40 51.07972
23 41 33.54667
23 42 28.65314
23 43 46.90509
23 44 50.34649
23 45 106.88414
23 46 58.57548
23 47 70.90162
23 48 11.37846
23 49 99.60690
23 50 26.28569
23 51 64.06599
23 52 107.00724
23 53 60.42588
23 54 28.89639
23 55 49.58823
23 56 50.68646
23 57 15.91722
23 58 39.42531
23 59 81.22574
23 60 84.12258
23 61 35.57064
23 62 2.66893
23 63 76.64173
23 64 27.16709
23 65 22.55166
23 66 81.77627
23 67 71.82950
23 68 73.30914
23 69 36.88121
23 70 87.38766
23 71 61.85590
23 72 69.23677
23 73 32.22756
23 74 87.10007
23 75 28.82406
23 76 84.67467
23 77 12.67380
23 78 83.32601
23 79 4.52393
23 80 33.34955
23 81 72.65759
23 82 95.00164
23 83 80.92296
23 84 65.02809
23 85 16.89305
23 86 27.03300
23 87 58.93419
23 88 33.78918
23 89 75.87339
23 90 25.52829
23 91 71.13941
23 92 74.66776
23 93 50.41132
23 94 90.79266
23 95 13.28407
23 96 62.93574
23 97 59.68340
23 98 34.94827
23 99 52.08578
24 25 27.97707
24 26 16.71543
24 27 25.63584
24 28 78.19056
24 29 65.82111
24 30 18.17000
24 31 92.22749
24 32 42.05161
24 33 32.73366
24 34 61.80534
24 35 33.11284
24 36 34.38371
24 37 37.00170
24 38 57.21893
24 39 4.20533
24 40 47.77549
24 41 72.62391
24 42 86.55282
24 43 64.71802
24 44 83.08299
24 45 38.50703
24 46 65.07653
24 47 90.39817
24 48 96.17666
24 49 17.11233
24 50 75.31907
24 51 34.22044
24 52 34.61822
24 53 41.46425
24 54 77.29683
24 55 49.50749
24 56 54.25295
24 57 88.80079
24 58 57.94745
24 59 47.15482
24 60 23.01560
24 61 62.31822
24 62 95.33924
24 63 25.60784
24 64 93.59487
24 65 87.28569
24 66 44.78101
24 67 55.02000
24 68 26.63392
24 69 89.64304
24 70 21.44979
24 71 43.13323
24 72 86.64954
24 73 76.43029
24 74 27.23191
24 75 88.86076
24 76 39.94444
24 77 99.45806
24 78 26.24581
24 79 94.79094
24 80 90.59217
24 81 47.11169
24 82 5.53218
24 83 32.77706
24 84 99.01729
24 85 90.91918
24 86 72.99877
24 87 66.26028
24 88 63.49137
24 89 65.39508
24 90 87.97268
24 91 93.37479
24 92 52.51721
24 93 84.73580
24 94 50.48161
24 95 86.44452
24 96 94.01149
24 97 83.28308
24 98 71.46496
24 99 85.04930
25 26 36.70009
25 27 13.68181
25 28 56.04632
25 29 66.89103
25 30 27.73319
25 31 66.41765
25 32 26.62873
25 33 9.59922
25 34 63.08731
25 35 14.73111
25 36 14.28896
25 37 23.08670
25 38 51.61193
25 39 27.27060
25 40 25.64948
25 41 59.59211
25 42 73.21957
25 43 37.76898
25 44 76.87409
25 45 60.42765
25 46 37.10179
25 47 90.14716
25 48 73.18717
25 49 41.00088
25 50 51.86865
25 51 14.83092
25 52 57.48676
25 53 16.27452
25 54 63.15871
25 55 27.03301
25 56 28.20469
25 57 71.66354
25 58 38.23201
25 59 22.93255
25 60 7.58816
25 61 41.16409
25 62 75.08717
25 63 30.00708
25 64 79.75702
25 65 62.70635
25 66 20.94465
25 67 27.96310
25 68 26.73496
25 69 78.79850
25 70 10.85831
25 71 39.37136
25 72 86.36791
25 73 63.53205
25 74 11.50709
25 75 63.14187
25 76 51.23871
25 77 76.23545
25 78 7.14447
25 79 74.99714
25 80 78.64978
25 81 20.02149
25 82 23.22912
25 83 9.20679
25 84 95.69847
25 85 67.15116
25 86 56.53640
25 87 63.82257
25 88 44.32728
25 89 70.00350
25 90 62.81285
25 91 92.76968
25 92 57.66771
25 93 78.44667
25 94 30.19234
25 95 64.29822
25 96 90.75594
25 97 80.20340
25 98 58.84064
25 99 79.29005
26 27 39.52420
26 28 76.14976
26 29 51.61747
26 30 11.29422
26 31 93.34380
26 32 39.36497
26 33 37.24230
26 34 47.71396
26 35 46.30429
26 36 36.61605
26 37 51.74512
26 38 46.54280
26 39 20.91345
26 40 48.35644
26 41 64.72136
26 42 78.09530
26 43 68.49099
26 44 71.13530
26 45 23.90041
26 46 71.80908
26 47 75.90848
26 48 94.15107
26 49 6.32190
26 50 74.56538
26 51 36.10263
26 52 20.78881
26 53 45.34029
26 54 69.76217
26 55 50.10150
26 56 57.49164
26 57 82.57777
26 58 55.54397
26 59 58.87441
26 60 34.67219
26 61 60.54321
26 62 91.06333
26 63 16.65163
26 64 85.15166
26 65 87.12397
26 66 56.63827
26 67 64.60521
26 68 20.16355
26 69 79.69999
26 70 34.38400
26 71 33.37907
26 72 72.25263
26 73 68.22170
26 74 40.33670
26 75 89.96061
26 76 23.78724
26 77 97.54900
26 78 37.93009
26 79 90.18936
26 80 81.19812
26 81 56.69963
26 82 21.02535
26 83 44.09819
26 84 85.42472
26 85 89.80483
26 86 67.15885
26 87 53.43138
26 88 60.17465
26 89 50.04346
26 90 88.42750
26 91 78.94132
26 92 37.53355
26 93 72.76310
26 94 64.01138
26 95 84.02760
26 96 80.50605
26 97 70.00315
26 98 63.40343
26 99 72.82990
27 28 69.04969
27 29 78.07562
27 30 33.75463
27 31 77.54142
27 32 40.06323
27 33 23.27507
27 34 74.14396
27 35 7.62438
27 36 27.86508
27 37 12.43876
27 38 64.05712
27 39 22.96860
27 40 39.14206
27 41 73.17273
27 42 86.85913
27 43 48.37113
27 44 89.75863
27 45 63.13075
27 46 44.65661
27 47 101.94990
27 48 85.75410
27 49 42.02001
27 50 64.51368
27 51 28.34614
27 52 59.54923
27 53 29.33753
27 54 76.81021
27 55 40.43665
27 56 40.11041
27 57 85.29677
27 58 51.83303
27 59 22.23245
27 60 7.31433
27 61 54.56049
27 62 88.35647
27 63 38.40804
27 64 93.42409
27 65 74.68855
27 66 19.83980
27 67 31.82957
27 68 36.22267
27 69 92.28810
27 70 5.50654
27 71 51.02386
27 72 98.14346
27 73 77.12024
27 74 2.85750
27 75 74.38441
27 76 58.66923
27 77 88.68883
27 78 6.55587
27 79 88.34455
27 80 92.22467
27 81 24.58912
27 82 20.10552
27 83 10.13291
27 84 108.20154
27 85 79.47004
27 86 70.21600
27 87 75.81535
27 88 57.92988
27 89 80.24021
27 90 74.45365
27 91 104.67682
27 92 67.46270
27 93 91.35667
27 94 24.87478
27 95 77.21605
27 96 103.21322
27 97 92.53825
27 98 72.38789
27 99 92.11875
28 29 60.89641
28 30 65.17108
28 31 22.40201
28 32 36.93158
28 33 47.34471
28 34 59.68271
28 35 66.30753
28 36 44.27564
28 37 73.82615
28 38 43.73184
28 39 79.51648
28 40 30.89693
28 41 28.09946
28 42 32.69783
28 43 27.14035
28 44 50.94738
28 45 92.49740
28 46 39.53739
28 47 71.72004
28 48 18.07880
28 49 82.43512
28 50 6.28911
28 51 44.27613
28 52 91.97421
28 53 39.80844
28 54 26.12013
28 55 29.29701
28 56 29.85898
28 57 22.68003
28 58 20.63736
28 59 60.64045
28 60 63.62695
28 61 15.89343
28 62 19.81797
28 63 59.78675
28 64 35.72798
28 65 13.68044
28 66 61.09350
28 67 51.71482
28 68 55.99210
28 69 41.79967
28 70 66.89802
28 71 47.60733
28 72 69.12181
28 73 29.40877
28 74 66.37401
28 75 19.87764
28 76 71.53161
28 77 21.44187
28 78 62.68347
28 79 20.28033
28 80 39.22914
28 81 52.00433
28 82 75.46519
28 83 60.10949
28 84 69.38453
28 85 14.04921
28 86 18.62055
28 87 52.80719
28 88 16.34485
28 89 69.04547
28 90 16.58224
28 91 72.82474
28 92 64.44398
28 93 51.66907
28 94 70.34297
28 95 8.31472
28 96 65.98419
28 97 59.51081
28 98 28.99536
28 99 53.30413
29 30 48.01168
29 31 83.28224
29 32 44.21325
29 33 59.36916
29 34 4.03496
29 35 81.51703
29 36 54.75191
29 37 89.60602
29 38 18.90894
29 39 69.68482
29 40 54.19151
29 41 34.19620
29 42 40.83961
29 43 73.16810
29 44 23.55250
29 45 50.60143
29 46 83.63541
29 47 24.59018
29 48 74.15059
29 49 56.16630
29 50 63.86253
29 51 53.95557
29 52 52.87679
29 53 60.92247
29 54 38.41289
29 55 54.85255
29 56 65.12962
29 57 51.73787
29 58 48.60024
29 59 87.32185
29 60 70.84682
29 61 52.66452
29 62 64.58342
29 63 41.12453
29 64 46.39727
29 65 74.56329
29 66 85.99078
29 67 86.07158
29 68 42.16428
29 69 37.09066
29 70 72.81133
29 71 27.57350
29 72 20.82930
29 73 35.02673
29 74 77.07666
29 75 80.60163
29 76 29.71007
29 77 77.22843
29 78 72.82187
29 79 62.85396
29 80 40.10038
29 81 80.46893
29 82 67.71900
29 83 75.98976
29 84 33.91401
29 85 73.62955
29 86 42.89035
29 87 8.34805
29 88 47.75363
29 89 8.62932
29 90 77.44972
29 91 27.55445
29 92 14.58136
29 93 24.86786
29 94 96.26752
29 95 65.20409
29 96 29.09261
29 97 19.10619
29 98 32.93127
29 99 24.21376
30 31 82.06458
30 32 28.26923
30 33 26.63130
30 34 43.97876
30 35 39.52157
30 36 25.53207
30 37 46.18118
30 38 39.19592
30 39 21.79363
30 40 37.06234
30 41 55.66722
30 42 69.40556
30 43 57.33594
30 44 64.93875
30 45 33.30112
30 46 61.18747
30 47 72.59646
30 48 83.21963
30 49 17.39500
30 50 63.39768
30 51 24.97626
30 52 30.89933
30 53 34.38597
30 54 60.54777
30 55 38.80730
30 56 46.32574
30 57 72.83098
30 58 44.53511
30 59 50.58624
30 60 27.59133
30 61 49.45957
30 62 80.66358
30 63 7.48785
30 64 76.47874
30 65 75.92073
30 66 48.49810
30 67 55.06612
30 68 9.57468
30 69 71.93592
30 70 28.26626
30 71 25.20753
30 72 68.82011
30 73 59.35069
30 74 33.83896
30 75 78.68000
30 76 24.94489
30 77 86.60376
30 78 30.57447
30 79 79.88647
30 80 73.07736
30 81 47.31935
30 82 19.72296
30 83 36.10682
30 84 80.92578
30 85 78.71650
30 86 57.18517
30 87 48.11419
30 88 49.38130
30 89 48.34668
30 90 77.17776
30 91 75.53953
30 92 35.35087
30 93 66.59087
30 94 56.90483
30 95 73.14466
30 96 75.91101
30 97 65.16253
30 98 54.42614
30 99 66.88771
31 32 54.39199
31 33 59.57452
31 34 81.98924
31 35 72.83723
31 36 58.02746
31 37 78.87581
31 38 65.84284
31 39 92.69760
31 40 45.12454
31 41 50.27633
31 42 52.48322
31 43 29.19886
31 44 72.44688
31 45 111.93845
31 46 36.85401
31 47 93.40052
31 48 17.82964
31 49 99.43079
31 50 20.21500
31 51 58.30851
31 52 110.92767
31 53 50.92014
31 54 47.71007
31 55 43.36149
31 56 38.28623
31 57 40.27164
31 58 39.36931
31 59 63.01133
31 60 73.74120
31 61 34.14448
31 62 30.13899
31 63 77.81392
31 64 53.60210
31 65 8.87447
31 66 64.26248
31 67 51.94025
31 68 73.64777
31 69 61.62974
31 70 76.88853
31 71 68.14131
31 72 90.98967
31 73 51.16075
31 74 74.69058
31 75 3.39039
31 76 92.08150
31 77 18.23499
31 78 71.90414
31 79 31.86774
31 80 58.55629
31 81 55.49609
31 82 88.54009
31 83 67.57649
31 84 89.96114
31 85 12.45944
31 86 40.87435
31 87 75.20869
31 88 37.07976
31 89 91.38166
31 90 5.83545
31 91 94.29373
31 92 86.23849
31 93 73.00483
31 94 71.31449
31 95 20.28278
31 96 86.97986
31 97 81.30597
31 98 51.25461
31 99 74.67747
32 33 17.29230
32 34 40.91561
32 35 40.92175
32 36 12.39541
32 37 49.39427
32 38 26.59343
32 39 43.96446
32 40 11.45316
32 41 33.19920
32 42 47.04907
32 43 33.06119
32 44 50.62971
32 45 57.78460
32 46 41.05828
32 47 65.56635
32 48 55.00117
32 49 45.60640
32 50 35.21827
32 51 11.80301
32 52 56.58110
32 53 16.74024
32 54 37.11839
32 55 12.80825
32 56 22.86679
32 57 47.21506
32 58 16.30084
32 59 43.75824
32 60 33.05002
32 61 21.19231
32 62 53.29943
32 63 23.42981
32 64 53.79798
32 65 47.81708
32 66 42.70865
32 67 41.86447
32 68 19.33590
32 69 52.22487
32 70 36.00202
32 71 18.17030
32 72 61.89327
32 73 37.15539
32 74 38.10594
32 75 51.03891
32 76 39.71297
32 77 58.37309
32 78 33.67768
32 79 52.73959
32 80 52.21619
32 81 36.41177
32 82 40.15028
32 83 34.62048
32 84 69.89216
32 85 50.45405
32 86 31.48291
32 87 39.41060
32 88 21.50079
32 89 49.38647
32 90 49.26604
32 91 67.96655
32 92 39.14344
32 93 52.16304
32 94 53.22613
32 95 44.98388
32 96 65.04848
32 97 54.78972
32 98 32.36069
32 99 53.10819
33 34 55.71737
33 35 23.62970
33 36 4.92309
33 37 32.10201
33 38 43.09486
33 39 33.13991
33 40 16.52787
33 41 50.03807
33 42 63.62902
33 43 32.14780
33 44 67.84962
33 45 59.89690
33 46 34.59243
33 47 81.96365
33 48 64.86466
33 49 42.53327
33 50 43.60898
33 51 5.61239
33 52 57.51684
33 53 8.73580
33 54 53.56374
33 55 18.05978
33 56 21.52576
33 57 62.16955
33 58 28.82272
33 59 28.11358
33 60 16.76828
33 61 32.05552
33 62 66.02213
33 63 26.41203
33 64 70.15789
33 65 55.05200
33 66 26.65520
33 67 29.45988
33 68 22.35885
33 69 69.29977
33 70 19.97448
33 71 31.85185
33 72 78.22169
33 73 53.97177
33 74 21.07916
33 75 56.22290
33 76 47.28597
33 77 68.01281
33 78 16.74366
33 79 65.84588
33 80 69.09434
33 81 22.33947
33 82 28.98511
33 83 17.36580
33 84 86.93861
33 85 59.11636
33 86 46.96235
33 87 55.61877
33 88 34.90241
33 89 63.26213
33 90 55.50281
33 91 84.49259
33 92 51.49341
33 93 69.39802
33 94 36.90304
33 95 55.64946
33 96 82.04363
33 97 71.62185
33 98 49.31044
33 99 70.30562
34 35 77.67926
34 36 51.15747
34 37 85.73159
34 38 16.60030
34 39 65.66035
34 40 51.17769
34 41 33.84907
34 42 41.77639
34 43 70.62990
34 44 26.08411
34 45 47.63508
34 46 80.80596
34 47 28.61967
34 48 73.63944
34 49 52.36178
34 50 62.30267
34 51 50.35442
34 52 49.71352
34 53 57.56136
34 54 38.37668
34 55 51.92206
34 56 62.26632
34 57 52.03355
34 58 46.29317
34 59 83.73744
34 60 66.93023
34 61 50.57328
34 62 64.60645
34 63 37.09242
34 64 47.69718
34 65 73.36197
34 66 82.36414
34 67 82.77028
34 68 38.17188
34 69 38.84869
34 70 68.86100
34 71 23.86972
34 72 24.85232
34 73 35.12480
34 74 73.17968
34 75 79.21437
34 76 26.20397
34 77 76.79214
34 78 68.94480
34 79 62.94487
34 80 41.65400
34 81 77.01641
34 82 63.68464
34 83 72.21225
34 84 37.73218
34 85 72.74199
34 86 42.09634
34 87 8.88253
34 88 45.89085
34 89 9.45090
34 90 76.15457
34 91 31.57653
34 92 11.13087
34 93 27.51131
34 94 92.59254
34 95 64.42658
34 96 32.85495
34 97 22.61219
34 98 32.50897
34 99 27.04008
35 36 28.53966
35 37 8.47310
35 38 66.32386
35 39 30.56975
35 40 37.82410
35 41 73.36850
35 42 86.70603
35 43 43.68753
35 44 91.43392
35 45 70.09648
35 46 38.52050
35 47 104.87292
35 48 82.30257
35 49 49.19437
35 50 61.32945
35 51 29.17987
35 52 66.63182
35 53 27.60195
35 54 76.61100
35 55 38.86606
35 56 36.63585
35 57 84.01318
35 58 50.64598
35 59 14.69469
35 60 11.93281
35 61 52.71062
35 62 85.94747
35 63 43.30517
35 64 93.02424
35 65 70.70593
35 66 12.31748
35 67 24.85659
35 68 40.56272
35 69 92.74521
35 70 11.97239
35 71 54.05053
35 72 101.09138
35 73 77.26859
35 74 5.99363
35 75 69.79230
35 76 64.15585
35 77 85.08923
35 78 9.06563
35 79 86.10261
35 80 92.38208
35 81 18.18917
35 82 27.58330
35 83 6.50229
35 84 110.37542
35 85 75.78294
35 86 69.46952
35 87 78.55265
35 88 56.67791
35 89 84.35634
35 90 70.17363
35 91 107.49991
35 92 71.82244
35 93 92.99214
35 94 17.70957
35 95 74.27962
35 96 105.44451
35 97 94.91544
35 98 72.71477
35 99 93.87297
36 37 37.00988
36 38 38.23333
36 39 35.34448
36 40 13.46692
36 41 45.31747
36 42 58.99979
36 43 31.88671
36 44 62.92672
36 45 58.36918
36 46 36.11265
36 47 77.14535
36 48 62.07552
36 49 42.29434
36 50 41.01780
36 51 0.82272
36 52 56.29372
36 53 8.98327
36 54 48.96291
36 55 15.16809
36 56 20.90872
36 57 57.99859
36 58 24.94535
36 59 32.58007
36 60 21.06880
36 61 28.63139
36 62 62.46705
36 63 23.98120
36 64 65.60099
36 65 52.90199
36 66 31.24839
36 67 32.84724
36 68 19.68658
36 69 64.51007
36 70 24.17180
36 71 27.34127
36 72 73.41350
36 73 49.26170
36 74 25.79388
36 75 54.64527
36 76 44.22244
36 77 65.30136
36 78 21.39675
36 79 62.18661
36 80 64.37372
36 81 26.21019
36 82 31.24968
36 83 22.28882
36 84 82.02616
36 85 56.61444
36 86 42.60455
36 87 50.81396
36 88 30.94825
36 89 58.90412
36 90 53.62886
36 91 79.65365
36 92 47.40037
36 93 64.47568
36 94 41.60588
36 95 52.58700
36 96 77.13636
36 97 66.73329
36 98 44.55479
36 99 65.38257
37 38 74.69593
37 39 33.76198
37 40 46.04890
37 41 81.79103
37 42 95.06877
37 43 50.02807
37 44 99.88842
37 45 75.13557
37 46 43.21996
37 47 113.13191
37 48 89.32520
37 49 53.84879
37 50 68.62290
37 51 37.64553
37 52 71.43089
37 53 35.80340
37 54 84.97466
37 55 47.01608
37 56 43.98589
37 57 92.10026
37 58 58.84478
37 59 16.90910
37 60 19.03871
37 61 60.69147
37 62 93.57067
37 63 50.63013
37 64 101.33508
37 65 77.39236
37 66 15.05589
37 67 28.40151
37 68 48.19736
37 69 101.18543
37 70 17.91493
37 71 62.23608
37 72 109.34222
37 73 85.68276
37 74 12.65355
37 75 75.95830
37 76 71.07560
37 77 91.99780
37 78 16.78692
37 79 93.80621
37 80 100.78846
37 81 23.38560
37 82 31.58302
37 83 14.88968
37 84 118.78283
37 85 82.66683
37 86 77.73176
37 87 86.84155
37 88 64.83814
37 89 92.17144
37 90 76.61854
37 91 115.78468
37 92 79.50440
37 93 101.44970
37 94 14.61720
37 95 81.65714
37 96 113.84234
37 97 103.28619
37 98 81.15161
37 99 102.32198
38 39 60.51252
38 40 35.69352
38 41 20.67573
38 42 32.38327
38 43 54.25923
38 44 26.17289
38 45 54.33393
38 46 64.83621
38 47 38.98866
38 48 58.81078
38 49 52.34259
38 50 45.94030
38 51 37.49549
38 52 55.18838
38 53 43.24824
38 54 25.81169
38 55 36.22047
38 56 46.38560
38 57 39.77087
38 58 29.74061
38 59 70.33655
38 60 56.74754
38 61 33.97301
38 62 51.18956
38 63 31.70934
38 64 39.27752
38 65 57.35531
38 66 69.23185
38 67 68.04912
38 68 30.82611
38 69 33.15937
38 70 59.19182
38 71 14.12039
38 72 35.30240
38 73 23.30554
38 74 62.60096
38 75 62.97300
38 76 31.60448
38 77 62.09253
38 78 58.18037
38 79 49.74957
38 80 34.77815
38 81 62.96150
38 82 57.68206
38 83 60.33389
38 84 44.15229
38 85 57.20834
38 86 27.20790
38 87 12.87212
38 88 29.35660
38 89 26.02569
38 90 60.02227
38 91 41.43911
38 92 21.06541
38 93 27.81823
38 94 79.70960
38 95 49.15812
38 96 39.17868
38 97 28.59192
38 98 19.22917
38 99 28.36026
39 40 48.81115
39 41 75.28496
39 42 89.26338
39 43 64.69749
39 44 86.50362
39 45 42.32433
39 46 64.23314
39 47 94.27328
39 48 97.39980
39 49 20.99189
39 50 76.35699
39 51 35.27677
39 52 38.34552
39 53 41.78055
39 54 79.85571
39 55 50.50905
39 56 54.50139
39 57 91.02204
39 58 59.53991
39 59 44.94612
39 60 21.44073
39 61 63.71562
39 62 97.09393
39 63 29.11502
39 64 96.27700
39 65 88.10118
39 66 42.55377
39 67 53.42357
39 68 29.73846
39 69 92.64955
39 70 19.39028
39 71 46.39462
39 72 90.51254
39 73 79.13397
39 74 24.86728
39 75 89.35284
39 76 44.11634
39 77 100.63896
39 78 24.50940
39 79 96.62257
39 80 93.48310
39 81 45.61507
39 82 4.15771
39 83 30.96745
39 84 102.71924
39 85 91.94807
39 86 75.22142
39 87 69.89120
39 88 65.23216
39 89 69.43881
39 90 88.63145
39 91 97.23688
39 92 56.52854
39 93 88.15696
39 94 47.60024
39 95 87.80912
39 96 97.70381
39 97 86.95151
39 98 74.16535
39 99 88.51666
40 41 36.44314
40 42 49.20953
40 43 21.67671
40 44 57.13470
40 45 68.35043
40 46 29.86291
40 47 73.99985
40 48 48.61928
40 49 54.36701
40 50 27.56036
40 51 13.56308
40 52 66.82985
40 53 10.24611
40 54 39.14922
40 55 1.76484
40 56 11.45897
40 57 46.27303
40 58 12.82573
40 59 36.87447
40 60 33.12802
40 61 15.54510
40 62 49.51110
40 63 33.53806
40 64 55.32879
40 65 39.57412
40 66 36.35636
40 67 32.65074
40 68 29.19616
40 69 55.90173
40 70 36.37840
40 71 29.39984
40 72 70.46597
40 73 40.20392
40 74 36.66090
40 75 41.73427
40 76 51.07588
40 77 51.83700
40 78 32.61148
40 79 49.37112
40 80 55.15560
40 81 28.60569
40 82 44.71560
40 83 31.33255
40 84 76.90851
40 85 43.16076
40 86 31.68680
40 87 48.50459
40 88 18.88589
40 89 60.00471
40 90 40.47210
40 91 76.17436
40 92 50.33484
40 93 58.53785
40 94 46.82297
40 95 39.21128
40 96 72.27624
40 97 62.56989
40 98 36.01560
40 99 59.70608
41 42 14.01088
41 43 47.69523
41 44 23.55063
41 45 74.86164
41 46 60.07054
41 47 43.85579
41 48 39.95694
41 49 70.85563
41 50 32.42795
41 51 44.82679
41 52 75.50535
41 53 46.43377
41 54 5.19127
41 55 35.95886
41 56 43.68756
41 57 19.09518
41 58 24.72362
41 59 73.25341
41 60 66.23439
41 61 25.94694
41 62 30.90178
41 63 48.52686
41 64 20.99250
41 65 41.41004
41 66 72.79594
41 67 67.75543
41 68 46.27047
41 69 19.47261
41 70 69.20120
41 71 31.42833
41 72 41.11160
41 73 3.95660
41 74 71.09838
41 75 47.93717
41 76 52.20955
41 77 43.03577
41 78 66.71349
41 79 29.33768
41 80 19.05772
41 81 64.81790
41 82 71.84757
41 83 66.90222
41 84 43.03613
41 85 39.77352
41 86 9.48923
41 87 25.85696
41 88 20.19727
41 89 42.73117
41 90 44.53471
41 91 45.17445
41 92 41.21584
41 93 24.54521
41 94 83.23739
41 95 31.23284
41 96 39.05921
41 97 31.59535
41 98 1.44659
41 99 26.06446
42 43 57.03302
42 44 21.70993
42 45 86.46436
42 46 69.73629
42 47 42.30595
42 48 38.17697
42 49 84.12977
42 50 38.45848
42 51 58.54744
42 52 87.50641
42 53 59.39796
42 54 10.09506
42 55 48.48775
42 56 54.99541
42 57 12.94223
42 58 36.73985
42 59 85.57385
42 60 80.00981
42 61 36.56062
42 62 26.11343
42 63 62.15912
42 64 7.07482
42 65 43.89206
42 66 85.31092
42 67 79.10804
42 68 60.09816
42 69 9.18624
42 70 83.02019
42 71 44.71846
42 72 40.58363
42 73 10.12943
42 74 84.70740
42 75 50.89608
42 76 63.69252
42 77 40.57180
42 78 80.35987
42 79 24.14508
42 80 6.61971
42 81 76.96899
42 82 85.84794
42 83 80.21141
42 84 37.50829
42 85 40.44161
42 86 18.01347
42 87 32.93175
42 88 31.23606
42 89 49.37088
42 90 47.26638
42 91 42.68821
42 92 51.04736
42 93 21.76181
42 94 95.60264
42 95 32.20063
42 96 34.79940
42 97 31.05079
42 98 15.09811
42 99 23.44000
43 44 70.97007
43 45 89.60357
43 46 12.72411
43 47 90.13174
43 48 39.86614
43 49 74.17086
43 50 20.96571
43 51 32.38837
43 52 87.83243
43 53 23.47566
43 54 48.18530
43 55 20.25318
43 56 11.01181
43 57 49.20667
43 58 24.81691
43 59 34.94821
43 60 44.87499
43 61 21.89955
43 62 46.41820
43 63 54.74807
43 64 61.44652
43 65 27.47815
43 66 35.86502
43 67 24.94830
43 68 50.35787
43 69 65.48616
43 70 47.95197
43 71 50.55125
43 72 86.90968
43 73 50.58325
43 74 45.51683
43 75 26.10962
43 76 72.74793
43 77 42.29255
43 78 42.86127
43 79 47.16507
43 80 63.62319
43 81 26.82233
43 82 60.56091
43 83 38.37997
43 84 90.68542
43 85 32.99522
43 86 39.52600
43 87 66.42898
43 88 27.64339
43 89 79.84587
43 90 26.59098
43 91 91.89004
43 92 71.21922
43 93 72.09891
43 94 44.13671
43 95 33.63204
43 96 86.54712
43 97 78.05336
43 98 47.90294
43 99 73.53965
44 45 73.69125
44 46 83.12501
44 47 20.99111
44 48 59.48776
44 49 76.46501
44 50 55.75701
44 51 62.26410
44 52 75.63907
44 53 66.30787
44 54 24.84580
44 55 57.06625
44 56 65.94343
44 57 34.51418
44 58 46.99573
44 59 93.71017
44 60 82.48339
44 61 49.08027
44 62 47.78370
44 63 57.47606
44 64 25.23970
44 65 63.61587
44 66 92.91777
44 67 89.55862
44 68 56.92769
44 69 14.89805
44 70 85.05931
44 71 40.22200
44 72 18.93602
44 73 21.55406
44 74 88.13081
44 75 70.43461
44 76 51.79069
44 77 62.05715
44 78 83.68188
44 79 45.82996
44 80 18.41878
44 81 85.68346
44 82 83.78276
44 83 85.21403
44 84 19.87713
44 85 60.97431
44 86 32.74911
44 87 18.12035
44 88 43.32722
44 89 31.08596
44 90 66.89542
44 91 21.88665
44 92 37.06214
44 93 1.65335
44 94 103.47299
44 95 52.44652
44 96 15.57717
44 97 9.34088
44 98 23.14164
44 99 2.59197
45 46 94.36164
45 47 71.61899
45 48 109.84768
45 49 21.39776
45 50 92.16582
45 51 57.72837
45 52 4.35222
45 53 67.34117
45 54 80.04374
45 55 69.99191
45 56 78.65385
45 57 93.88215
45 58 72.71630
45 59 82.76782
45 60 58.55438
45 61 77.94377
45 62 104.41084
45 63 34.86338
45 64 93.14468
45 65 104.80235
45 66 80.53709
45 67 88.18594
45 68 39.24865
45 69 85.52590
45 70 58.13592
45 71 45.20509
45 72 68.50862
45 73 77.63919
45 74 64.11013
45 75 108.62557
45 76 22.77382
45 77 113.26169
45 78 61.82186
45 79 103.18582
45 80 87.87494
45 81 80.34243
45 82 43.68146
45 83 67.99602
45 84 83.13419
45 85 106.53130
45 86 79.85990
45 87 55.81904
45 88 76.15616
45 89 45.24860
45 90 106.59942
45 91 74.63194
45 92 36.64702
45 93 75.14030
45 94 87.80317
45 95 99.67763
45 96 78.73030
45 97 69.55262
45 98 73.42366
45 99 74.66568
46 47 101.82205
46 48 50.47445
46 49 76.93763
46 50 33.27226
46 51 36.80812
46 52 92.08658
46 53 27.14430
46 54 60.78695
46 55 28.93705
46 56 18.54612
46 57 61.84333
46 58 36.33697
46 59 26.63902
46 60 43.04065
46 61 34.13081
46 62 58.33021
46 63 60.07605
46 64 74.16584
46 65 37.59573
46 66 28.20438
46 67 15.22504
46 68 55.74481
46 69 78.13083
46 70 45.69514
46 71 59.19620
46 72 98.49339
46 73 63.08604
46 74 41.87040
46 75 34.35678
46 76 79.71818
46 77 52.48734
46 78 40.35075
46 79 59.22596
46 80 76.31853
46 81 20.33378
46 82 60.26734
46 83 34.60809
46 84 102.92915
46 85 43.47407
46 86 52.13804
46 87 77.37574
46 88 39.89296
46 89 89.77413
46 90 35.89472
46 91 103.70439
46 92 80.16252
46 93 84.30985
46 94 34.47686
46 95 45.43897
46 96 98.68349
46 97 89.87697
46 98 60.19450
46 99 85.70792
47 48 80.36916
47 49 80.12896
47 50 76.28179
47 51 76.39101
47 52 74.58039
47 53 82.14551
47 54 45.71925
47 55 74.26367
47 56 83.91159
47 57 55.23544
47 58 65.50059
47 59 109.32114
47 60 94.66060
47 61 68.33028
47 62 68.39752
47 63 65.64971
47 64 44.60074
47 65 84.55550
47 66 108.21858
47 67 106.62796
47 68 66.46099
47 69 34.24636
47 70 96.80208
47 71 50.94366
47 72 3.81323
47 73 42.33207
47 74 100.76498
47 75 91.33481
47 76 53.07925
47 77 82.85730
47 78 96.42036
47 79 66.41586
47 80 37.87885
47 81 101.85652
47 82 92.29508
47 83 99.05867
47 84 12.54735
47 85 81.96520
47 86 53.28135
47 87 26.35242
47 88 62.69665
47 89 26.67708
47 90 87.81643
47 91 3.06116
47 92 38.39759
47 93 20.61886
47 94 118.68674
47 95 73.43634
47 96 10.05579
47 97 12.26447
47 98 43.20420
47 99 18.92707
48 49 100.44781
48 50 21.31909
48 51 62.12343
48 52 109.52714
48 53 56.92420
48 54 36.07704
48 55 46.95393
48 56 45.73763
48 57 25.26517
48 58 38.70117
48 59 74.79680
48 60 80.76919
48 61 33.95359
48 62 13.05885
48 63 77.71206
48 64 37.80341
48 65 12.94233
48 66 75.62521
48 67 64.63508
48 68 73.98753
48 69 46.93964
48 70 84.03287
48 71 64.68743
48 72 78.41091
48 73 39.60464
48 74 82.99697
48 75 18.19539
48 76 88.34415
48 77 3.42022
48 78 79.55641
48 79 14.99252
48 80 43.55307
48 81 66.51399
48 82 93.32076
48 83 76.37220
48 84 75.35964
48 85 7.00188
48 86 31.67262
48 87 65.81379
48 88 34.05812
48 89 82.66237
48 90 15.30125
48 91 80.85282
48 92 79.87091
48 93 59.75183
48 94 83.96633
48 95 10.19446
48 96 72.93414
48 97 68.73101
48 98 41.22355
48 99 61.44315
49 50 80.77931
49 51 41.82703
49 52 17.58310
49 53 50.85404
49 54 75.92143
49 55 56.12069
49 56 63.20306
49 57 88.82160
49 58 61.81834
49 59 62.46693
49 60 38.01465
49 61 66.79538
49 62 97.37926
49 63 22.96709
49 64 91.17282
49 65 93.31349
49 66 60.16385
49 67 68.95435
49 68 26.46545
49 69 85.48884
49 70 37.23310
49 71 39.45362
49 72 76.54650
49 73 74.31221
49 74 43.20398
49 75 96.04415
49 76 27.20820
49 77 103.84342
49 78 41.32400
49 79 96.49883
49 80 87.08297
49 81 60.99709
49 82 22.31153
49 83 47.71009
49 84 90.07583
49 85 96.05870
49 86 73.44152
49 87 58.57525
49 88 66.48596
49 89 53.83896
49 90 94.56891
49 91 83.18105
49 92 41.77965
49 93 78.07786
49 94 66.84120
49 95 90.33131
49 96 85.21644
49 97 74.86114
49 98 69.52422
49 99 78.06650
50 51 41.12246
50 52 91.34950
50 53 35.60529
50 54 31.15110
50 55 25.84977
50 56 24.69615
50 57 28.91537
50 58 19.45190
50 59 54.94008
50 60 59.45159
50 61 14.23516
50 62 25.57289
50 63 58.55437
50 64 41.83339
50 65 12.65689
50 66 55.50507
50 67 45.70879
50 68 54.54395
50 69 47.45800
50 70 62.71614
50 71 47.98083
50 72 73.51878
50 73 34.24218
50 74 61.77753
50 75 17.14453
50 76 71.94929
50 77 24.41087
50 78 58.27174
50 79 26.22902
50 80 45.04516
50 81 46.38049
50 82 72.24929
50 83 55.27184
50 84 74.61295
50 85 15.60136
50 86 23.02460
50 87 56.00312
50 88 16.88194
50 89 71.74193
50 90 14.56707
50 91 77.54707
50 92 66.10127
50 93 56.58710
50 94 64.53141
50 95 13.07418
50 96 71.02535
50 97 64.02301
50 98 33.14149
50 99 58.18670
51 52 55.68905
51 53 9.66486
51 54 48.52539
51 55 15.28820
51 56 21.39209
51 57 57.70853
51 58 24.77347
51 59 33.38336
51 60 21.47605
51 61 28.57129
51 62 62.34260
51 63 23.27080
51 64 65.17680
51 65 53.08050
51 66 32.03922
51 67 33.66272
51 68 18.95955
51 69 63.97859
51 70 24.54453
51 71 26.53145
51 72 72.65581
51 73 48.77503
51 74 26.32276
51 75 54.92341
51 76 43.44235
51 77 65.36364
51 78 21.90849
51 79 62.03629
51 80 63.87870
51 81 27.03282
51 82 31.20102
51 83 22.96476
51 84 81.32761
51 85 56.72336
51 86 42.26142
51 87 50.05452
51 88 30.74300
51 89 58.08727
51 90 53.85669
51 91 78.90687
51 92 46.57765
51 93 63.81749
51 94 42.38255
51 95 52.58224
51 96 76.43142
51 97 66.01200
51 98 44.04621
51 99 64.71360
52 53 65.22071
52 54 80.69657
52 55 68.50709
52 56 76.83944
52 57 94.41443
52 58 71.91082
52 59 79.57378
52 60 55.23305
52 61 77.11477
52 62 104.57729
52 63 33.30659
52 64 94.28813
52 65 104.00531
52 66 77.31240
52 67 85.37030
52 68 37.63369
52 69 87.00825
52 70 54.65946
52 71 45.15657
52 72 71.37346
52 73 78.43637
52 74 60.63843
52 75 107.58947
52 76 24.04481
52 77 112.94658
52 78 58.52285
52 79 103.41986
52 80 89.22369
52 81 77.47716
52 82 39.88802
52 83 64.78808
52 84 85.87718
52 85 105.96615
52 86 80.04526
52 87 57.61910
52 88 75.63704
52 89 48.02543
52 90 105.68461
52 91 77.61367
52 92 38.61009
52 93 77.12719
52 94 84.31727
52 95 99.33658
52 96 81.37585
52 97 71.94050
52 98 74.07888
52 99 76.73552
53 54 49.32057
53 55 11.27551
53 56 12.79035
53 57 56.42706
53 58 23.05040
53 59 27.41391
53 60 23.86247
53 61 25.28706
53 62 59.01933
53 63 32.93202
53 64 65.56469
53 65 46.66306
53 66 26.63294
53 67 25.25068
53 68 28.60734
53 69 65.90591
53 70 27.13172
53 71 34.24168
53 72 78.50554
53 73 50.25109
53 74 26.74463
53 75 47.58125
53 76 52.87278
53 77 59.99107
53 78 22.90024
53 79 59.01453
53 80 65.27331
53 81 19.71593
53 82 37.62284
53 83 21.12291
53 84 85.90183
53 85 50.95205
53 86 41.93246
53 87 56.10082
53 88 29.07608
53 89 65.82626
53 90 46.97111
53 91 84.47982
53 92 54.94277
53 93 67.77057
53 94 37.18131
53 95 48.04074
53 96 81.15393
53 97 71.11983
53 98 45.92457
53 99 68.84855
54 55 38.46550
54 56 45.32807
54 57 13.99529
54 58 26.78967
54 59 75.64020
54 60 69.99876
54 61 27.03170
54 62 26.23187
54 63 53.47967
54 64 16.67968
54 65 38.85104
54 66 75.32837
54 67 69.47718
54 68 51.09288
54 69 17.40538
54 70 73.03182
54 71 36.53275
54 72 43.28260
54 73 3.54130
54 74 74.63883
54 75 45.61620
54 76 57.37767
54 77 39.01756
54 78 70.30139
54 79 24.57413
54 80 16.09739
54 81 67.07464
54 82 76.34216
54 83 70.11637
54 84 43.46777
54 85 36.59093
54 86 8.66056
54 87 30.07499
54 88 21.50411
54 89 47.01852
54 90 42.09929
54 91 46.73215
54 92 46.16707
54 93 25.54913
54 94 85.66320
54 95 28.00059
54 96 39.90558
54 97 33.59595
54 98 6.62161
54 99 27.18481
55 56 10.40753
55 57 45.15257
55 58 11.85473
55 59 37.29536
55 60 34.55277
55 61 14.13644
55 62 48.06245
55 63 35.20597
55 64 54.49556
55 65 37.82253
55 66 36.88569
55 67 32.53333
55 68 30.87644
55 69 55.37581
55 70 37.81254
55 71 30.53036
55 72 70.76531
55 73 39.66135
55 74 37.91176
55 75 39.97127
55 76 52.50951
55 77 50.15820
55 78 33.92832
55 79 47.96514
55 80 54.52247
55 81 28.89016
55 82 46.40629
55 83 32.39498
55 84 76.88694
55 85 41.44670
55 86 30.81110
55 87 48.97041
55 88 17.82293
55 89 60.84101
55 90 38.70861
55 91 76.38750
55 92 51.40682
55 93 58.44208
55 94 47.28780
55 95 37.60768
55 96 72.30255
55 97 62.72315
55 98 35.59727
55 99 59.64631
56 57 49.48002
56 58 19.03262
56 59 31.28180
56 60 35.64220
56 61 18.46368
56 62 49.64804
56 63 43.81964
56 64 60.35955
56 65 34.62799
56 66 31.48261
56 67 24.14964
56 68 39.42612
56 69 62.67040
56 70 38.84861
56 71 40.85530
56 72 80.49220
56 73 47.09577
56 74 37.32138
56 75 34.98043
56 76 62.27372
56 77 48.61097
56 78 34.07893
56 79 49.97077
56 80 61.36217
56 81 22.55373
56 82 50.34539
56 83 30.63527
56 84 85.82055
56 85 39.36601
56 86 36.98211
56 87 59.02535
56 88 23.82413
56 89 71.22964
56 90 34.61500
56 91 85.92139
56 92 61.77549
56 93 67.23257
56 94 41.22501
56 95 37.68577
56 96 81.38325
56 97 72.15324
56 98 43.57259
56 99 68.53528
57 58 33.48079
57 59 80.74577
57 60 78.92872
57 61 31.48506
57 62 13.30586
57 63 66.05250
57 64 13.45005
57 65 31.98573
57 66 80.83090
57 67 72.94258
57 68 63.26711
57 69 21.71104
57 70 82.10418
57 71 49.76397
57 72 53.43933
57 73 16.95822
57 74 82.88632
57 75 39.00373
57 76 71.27832
57 77 27.62994
57 78 78.74277
57 79 11.39632
57 80 18.41919
57 81 72.01826
57 82 87.29892
57 83 77.54732
57 84 50.17080
57 85 27.97335
57 86 15.80513
57 87 43.48664
57 88 27.39258
57 89 60.36647
57 90 35.36793
57 91 55.62829
57 92 60.13751
57 93 34.65627
57 94 90.70483
57 95 20.15293
57 96 47.66926
57 97 43.83647
57 98 20.54172
57 99 36.34139
58 59 48.85198
58 60 45.58503
58 61 5.23407
58 62 37.61830
58 63 39.28531
58 64 42.65558
58 65 32.10046
58 66 48.57165
58 67 43.03493
58 68 35.40359
58 69 43.93094
58 70 48.79717
58 71 28.93157
58 72 62.20721
58 73 28.24926
58 74 49.40676
58 75 36.12378
58 76 52.76780
58 77 42.07616
58 78 45.28287
58 79 37.26881
58 80 42.88494
58 81 40.29015
58 82 55.57637
58 83 44.15688
58 84 66.86510
58 85 34.29743
58 86 18.96345
58 87 41.65161
58 88 6.09701
58 89 55.65253
58 90 33.91289
58 91 67.36742
58 92 48.25024
58 93 48.25458
58 94 58.87687
58 95 28.69420
58 96 62.49496
58 97 53.54096
58 98 24.55602
58 99 49.58706
59 60 24.46683
59 61 49.46423
59 62 80.43027
59 63 52.82056
59 64 91.28618
59 65 62.38881
59 66 2.39630
59 67 11.55440
59 68 49.31550
59 69 92.66498
59 70 25.70634
59 71 59.90572
59 72 105.63814
59 73 76.94942
59 74 20.08523
59 75 60.25656
59 76 74.07645
59 77 77.23852
59 78 21.15489
59 79 80.91089
59 80 91.73207
59 81 8.72865
59 82 41.68208
59 83 14.78578
59 84 113.31477
59 85 67.94310
59 86 67.65812
59 87 83.10340
59 88 54.40898
59 89 91.37554
59 90 61.26445
59 91 111.72279
59 92 79.52920
59 93 95.16374
59 94 10.03027
59 95 67.98322
59 96 108.55880
59 97 98.46717
59 98 72.87116
59 99 96.25531
60 61 48.66654
60 62 82.61517
60 63 31.61924
60 64 86.65283
60 65 70.21391
60 66 22.15139
60 67 32.04471
60 68 29.17412
60 69 85.24163
60 70 3.27125
60 71 43.72549
60 72 90.85568
60 73 70.18852
60 74 6.39460
60 75 70.49152
60 76 52.28952
60 77 83.80990
60 78 3.31196
60 79 82.49841
60 80 85.26466
60 81 24.18876
60 82 17.72482
60 83 9.80455
60 84 100.88945
60 85 74.70992
60 86 63.64631
60 87 68.50790
60 88 51.66863
60 89 73.17833
60 90 70.25443
60 91 97.37975
60 92 60.47529
60 93 84.08514
60 94 29.47955
60 95 71.88323
60 96 95.90011
60 97 85.22393
60 98 65.41038
60 99 84.83471
61 62 33.96818
61 63 44.38973
61 64 41.91167
61 65 26.89057
61 66 49.43636
61 67 42.54768
61 68 40.44347
61 69 44.43254
61 70 51.92019
61 71 34.08264
61 72 65.17253
61 73 29.06796
61 74 52.01254
61 75 30.90994
61 76 57.96436
61 77 37.29146
61 78 48.06091
61 79 33.83408
61 80 42.97629
61 81 40.76288
61 82 59.69043
61 83 46.29446
61 84 68.83170
61 85 29.26334
61 86 18.55970
61 87 45.39165
61 88 5.76477
61 89 59.99155
61 90 28.67882
61 91 70.03375
61 92 53.08625
61 93 50.22670
61 94 59.47417
61 95 24.12632
61 96 64.65603
61 97 56.20327
61 98 26.06800
61 99 51.65369
62 63 74.41237
62 64 24.92530
62 65 23.18465
62 66 80.90760
62 67 71.26763
62 68 71.13906
62 69 34.46557
62 70 85.87395
62 71 59.43997
62 72 66.68987
62 73 29.55898
62 74 85.74169
62 75 29.73849
62 76 82.15214
62 77 14.79524
62 78 81.90531
62 79 2.00695
62 80 30.96667
62 81 71.81148
62 82 93.16334
62 83 79.67556
62 84 62.71259
62 85 17.81743
62 86 24.55165
62 87 56.26574
62 88 31.86552
62 89 73.20468
62 90 26.31496
62 91 68.67807
62 92 72.04589
62 93 47.87504
62 94 90.08314
62 95 12.89656
62 96 60.53007
62 97 57.11598
62 98 32.30733
62 99 49.55334
63 64 69.23381
63 65 71.18886
63 66 50.91767
63 67 55.80190
63 68 4.39385
63 69 64.50382
63 70 32.92679
63 71 17.75190
63 72 61.85474
63 73 52.14954
63 74 38.01229
63 75 74.45553
63 76 21.25601
63 77 81.12038
63 78 34.24068
63 79 73.53917
63 80 65.70040
63 81 48.40401
63 82 26.73767
63 83 39.00247
63 84 73.67454
63 85 73.57968
63 86 50.55189
63 87 40.79853
63 88 43.67192
63 89 42.14840
63 90 72.69171
63 91 68.55768
63 92 29.21772
63 93 59.12874
63 94 60.07538
63 95 67.55561
63 96 68.65070
63 97 57.87973
63 98 47.25502
63 99 59.44459
64 65 45.41546
64 66 91.13402
64 67 84.32421
64 68 67.16256
64 69 10.46228
64 70 89.69804
64 71 51.77878
64 72 43.42254
64 73 17.16642
64 74 91.21620
64 75 52.42586
64 76 70.39181
64 77 39.72032
64 78 86.90149
64 79 22.92631
64 80 6.84311
64 81 82.61863
64 82 92.83522
64 83 86.52240
64 84 37.89150
64 85 41.21646
64 86 23.69474
64 87 38.81477
64 88 36.89518
64 89 54.76887
64 90 48.79394
64 91 44.50735
64 92 57.38468
64 93 24.85090
64 94 101.31264
64 95 33.58662
64 96 36.04474
64 97 34.34991
64 98 22.12995
64 99 26.41308
65 66 63.34275
65 67 51.96378
65 68 67.15215
65 69 53.06702
65 70 73.44067
65 71 60.42925
65 72 82.12536
65 73 42.29367
65 74 71.87772
65 75 7.02555
65 76 84.41359
65 77 14.93070
65 78 68.70680
65 79 24.68016
65 80 50.08390
65 81 54.29250
65 82 83.96250
65 83 65.01240
65 84 81.30117
65 85 5.97392
65 86 32.02551
65 87 66.44779
65 88 29.08960
65 89 82.72574
65 90 3.38595
65 91 85.47708
65 92 77.94796
65 93 64.19609
65 94 71.36359
65 95 11.83289
65 96 78.23693
65 97 72.44611
65 98 42.39942
65 99 65.86463
66 67 13.37212
66 68 47.49391
66 69 92.24369
66 70 23.33124
66 71 58.50416
66 72 104.51669
66 73 76.53456
66 74 17.69080
66 75 61.44370
66 76 72.16598
66 77 78.13592
66 78 18.84052
66 79 81.33133
66 80 91.40163
66 81 9.13430
66 82 39.30268
66 83 12.54208
66 84 112.44583
66 85 68.81959
66 86 67.46283
66 87 81.94801
66 88 54.23898
66 89 89.87732
66 90 62.33040
66 91 110.65666
66 92 77.91837
66 93 94.38989
66 94 10.55557
66 95 68.57295
66 96 107.65763
66 97 97.48634
66 98 72.36892
66 99 95.45046
67 68 51.81283
67 69 86.81669
67 70 34.10003
67 71 59.47709
67 72 103.07025
67 73 71.21832
67 74 29.26246
67 75 49.31510
67 76 76.74425
67 77 66.88978
67 78 28.91461
67 79 71.92936
67 80 85.50106
67 81 7.96779
67 82 49.76950
67 83 22.49182
67 84 109.40172
67 85 57.68701
67 86 61.10119
67 87 80.91793
67 88 47.97306
67 89 91.07666
67 90 50.57752
67 91 108.82218
67 92 80.06118
67 93 90.91060
67 94 19.43953
67 95 58.54743
67 96 104.83415
67 97 95.21606
67 98 67.57942
67 99 92.14347
68 69 63.00917
68 70 30.83398
68 71 16.71342
68 72 62.64954
68 73 50.00522
68 74 35.54450
68 75 70.28128
68 76 24.96771
68 77 77.38577
68 78 31.55088
68 79 70.34083
68 80 63.98463
68 81 44.53703
68 82 26.85983
68 83 35.87307
68 84 73.86730
68 85 69.68914
68 86 47.61102
68 87 40.96143
68 88 40.02505
68 89 44.02044
68 90 68.58308
68 91 69.30174
68 92 31.30787
68 93 58.57925
68 94 56.92293
68 95 63.86613
68 96 68.83424
68 97 58.04110
68 98 45.05860
68 99 59.01708
69 70 88.12416
69 71 46.75604
69 72 32.97324
69 73 15.71556
69 74 90.29982
69 75 60.07518
69 76 62.96626
69 77 49.15977
69 78 85.88604
69 79 32.46261
69 80 3.64161
69 81 84.17977
69 82 89.47479
69 83 86.29652
69 84 28.46476
69 85 49.51945
69 86 26.00652
69 87 30.07007
69 88 38.86409
69 89 45.21278
69 90 56.44364
69 91 34.30203
69 92 49.14862
69 93 14.41332
69 94 102.66351
69 95 41.34897
69 96 26.06466
69 97 23.90383
69 98 20.03597
69 99 15.95710
70 71 45.93715
70 72 92.99185
70 73 73.15733
70 74 5.97902
70 75 73.65049
70 76 53.16932
70 77 87.06884
70 78 5.34622
70 79 85.74948
70 80 88.20959
70 81 26.38738
70 82 15.98013
70 83 11.60911
70 84 103.28831
70 85 77.96062
70 86 66.77437
70 87 70.75710
70 88 54.87518
70 89 74.83084
70 90 73.45227
70 91 99.55596
70 92 62.02283
70 93 86.67034
70 94 29.66881
70 95 75.15445
70 96 98.28539
70 97 87.57336
70 98 68.35257
70 99 87.38384
71 72 47.14269
71 73 34.85879
71 74 49.82389
71 75 64.95395
71 76 23.98438
71 77 68.09590
71 78 45.49216
71 79 58.32045
71 80 48.01004
71 81 53.38298
71 82 43.57321
71 83 48.43346
71 84 57.52566
71 85 61.65160
71 86 34.94415
71 87 24.82234
71 88 31.38499
71 89 31.64257
71 90 62.54788
71 91 53.65426
71 92 20.97456
71 93 41.87269
71 94 68.72336
71 95 54.54172
71 96 52.50090
71 97 41.73522
71 98 30.08266
71 99 42.33520
72 73 39.83301
72 74 96.96579
72 75 88.83891
72 76 49.56801
72 77 80.99297
72 78 92.62468
72 79 64.72711
72 80 36.61310
72 81 98.22056
72 82 88.51215
72 83 95.29311
72 84 14.83737
72 85 79.73467
72 86 50.58432
72 87 22.60292
72 88 59.58369
72 89 23.36309
72 90 85.35297
72 91 6.72526
72 92 34.77951
72 93 18.83569
72 94 114.97367
72 95 71.17115
72 96 11.22653
72 97 9.71259
72 98 40.38137
72 99 17.17541
73 74 75.03741
73 75 49.01812
73 76 54.90461
73 77 42.52763
73 78 70.65639
73 79 27.84947
73 80 15.12472
73 81 68.46916
73 82 75.72335
73 83 70.79611
73 84 40.51588
73 85 40.11601
73 86 11.33899
73 87 26.70698
73 88 23.38644
73 89 43.64605
73 90 45.52148
73 91 43.41875
73 92 43.24347
73 93 22.34571
73 94 86.94865
73 95 31.52496
73 96 36.79547
73 97 30.16532
73 98 4.96871
73 99 23.95257
74 75 71.53722
74 76 58.62340
74 77 85.91682
74 78 4.45218
74 79 85.75704
74 80 90.15611
74 81 21.89077
74 82 21.71518
74 83 7.29648
74 84 106.75061
74 85 76.68656
74 86 67.90894
74 87 74.54192
74 88 55.49996
74 89 79.52920
74 90 71.62208
74 91 103.45594
74 92 66.85106
74 93 89.71722
74 94 23.69306
74 95 74.51838
74 96 101.77941
74 97 91.14875
74 98 70.34742
74 99 90.51816
75 76 88.87060
75 77 19.20629
75 78 68.69450
75 79 31.34578
75 80 57.10581
75 81 52.60126
75 82 85.19566
75 83 64.45429
75 84 88.27217
75 85 11.94484
75 86 38.47882
75 87 72.58874
75 88 34.02536
75 89 88.62849
75 90 3.63960
75 91 92.31343
75 92 83.24220
75 93 71.05182
75 94 68.73453
75 95 18.85334
75 96 85.15824
75 97 79.18305
75 98 48.86207
75 99 72.71356
76 77 91.73336
76 78 55.11201
76 79 80.84872
76 80 65.21343
76 81 69.50470
76 82 43.29529
76 83 60.15955
76 84 63.47967
76 85 85.56021
76 86 57.66070
76 87 33.69592
76 88 55.36097
76 89 26.64054
76 90 86.51463
76 91 56.13878
76 92 15.13183
76 93 53.31325
76 94 81.20484
76 95 78.26573
76 96 58.74436
76 97 48.77445
76 98 50.76666
76 99 53.01566
77 78 82.53611
77 79 16.79674
77 80 45.70260
77 81 69.05011
77 82 96.55095
77 83 79.22453
77 84 77.48319
77 85 9.33210
77 86 34.91701
77 87 68.88437
77 88 37.47258
77 89 85.76484
77 90 16.76599
77 91 83.25240
77 92 83.15713
77 93 62.25959
77 94 86.27955
77 95 13.61465
77 96 75.21255
77 97 71.34110
77 98 44.32593
77 99 63.94797
78 79 81.86766
78 80 85.77022
78 81 21.12590
78 82 20.89635
78 83 6.53214
78 84 102.32600
78 85 73.36280
78 86 63.66541
78 87 70.17073
78 88 51.37987
78 89 75.44110
78 90 68.60536
78 91 99.09745
78 92 62.84193
78 93 85.26744
78 94 26.35877
78 95 70.88417
78 96 97.35881
78 97 86.73973
78 98 65.94937
78 99 86.07150
79 80 28.96070
79 81 72.25958
79 82 92.72073
79 83 79.79106
79 84 60.70585
79 85 19.47580
79 86 23.37910
79 87 54.54986
79 88 31.41009
79 89 71.47985
79 90 27.87240
79 91 66.68409
79 92 70.53347
79 93 45.90633
79 94 90.62323
79 95 13.92538
79 96 58.52676
79 97 55.16549
79 98 30.75609
79 99 47.58284
80 81 83.17185
80 82 90.20634
80 83 85.90491
80 84 31.80698
80 85 46.35106
80 86 24.42043
80 87 32.80475
80 88 37.54959
80 89 48.34790
80 90 53.46779
80 91 37.89957
80 92 51.70820
80 93 18.00789
80 94 101.75295
80 95 38.30361
80 96 29.58991
80 97 27.50681
80 98 19.85707
80 99 19.57196
81 82 41.90307
81 83 14.83928
81 84 105.39304
81 85 59.72742
81 86 59.02085
81 87 75.80819
81 88 45.76655
81 89 85.01853
81 90 53.36316
81 91 104.17683
81 92 73.60940
81 93 87.10641
81 94 18.71212
81 95 59.44533
81 96 100.69742
81 97 90.76588
81 98 64.48315
81 99 88.24537
82 83 27.41309
82 84 100.39635
82 85 87.83556
82 86 71.51121
82 87 67.49546
82 88 61.31524
82 89 67.94782
82 90 84.48048
82 91 95.22697
82 92 54.96936
82 93 85.43483
82 94 44.95929
82 95 83.76431
82 96 95.36931
82 97 84.58923
82 98 70.75818
82 99 85.85449
83 84 104.28005
83 85 69.95000
83 86 62.96877
83 87 72.70987
83 88 50.19686
83 89 79.20174
83 90 64.64303
83 91 101.64102
83 92 66.87314
83 93 86.76027
83 94 21.07567
83 95 68.15069
83 96 99.37242
83 97 88.90542
83 98 66.26228
83 99 87.67139
84 85 77.94716
84 86 51.85475
84 87 32.91937
84 88 63.06839
84 89 37.88754
84 90 84.65899
84 91 10.21942
84 92 48.42161
84 93 18.62428
84 94 122.99768
84 95 69.68682
84 96 5.03306
84 97 15.82633
84 98 42.78248
84 99 17.28533
85 86 30.74009
85 87 65.37812
85 88 30.37599
85 89 81.98045
85 90 8.65903
85 91 82.69879
85 92 78.11493
85 93 61.42072
85 94 77.04456
85 95 8.59109
85 96 75.14618
85 97 70.02265
85 98 40.90079
85 99 63.10681
86 87 34.64251
86 88 13.25458
86 89 51.26845
86 90 35.10598
86 91 54.52254
86 92 48.26917
86 93 33.62040
86 94 77.68821
86 95 22.33895
86 96 48.10486
86 97 41.03262
86 98 10.38568
86 99 35.20072
87 88 40.24546
87 89 16.94388
87 90 69.38366
87 91 28.94729
87 92 19.20383
87 93 19.67430
87 94 92.38859
87 95 56.92394
87 96 27.88752
87 97 17.09784
87 98 24.60392
87 99 19.52386
88 89 55.34007
88 90 31.36496
88 91 64.35715
88 92 49.23671
88 93 44.46613
88 94 64.43857
88 95 23.88659
88 96 58.90407
88 97 50.53654
88 98 20.30350
88 99 45.89830
89 90 85.54625
89 91 29.73312
89 92 12.99657
89 93 32.22778
89 94 99.91683
89 95 73.60576
89 96 33.51194
89 97 24.95048
89 98 41.44185
89 99 31.32116
90 91 88.76683
90 92 80.46263
90 93 67.49457
90 94 70.01554
90 95 15.21601
90 96 81.56943
90 97 75.68478
90 98 45.49099
90 99 69.15975
91 92 41.44013
91 93 21.29368
91 94 121.14522
91 95 74.21537
91 96 8.83271
91 97 13.83789
91 98 44.60422
91 99 19.61697
92 93 38.53190
92 94 87.76432
92 95 70.16760
92 96 43.64714
92 97 33.64656
92 98 39.78701
92 99 38.12556
93 94 104.94416
93 95 52.92537
93 96 14.51552
93 97 9.50058
93 98 24.21189
93 99 1.69196
94 95 77.51940
94 96 118.20478
94 97 108.01361
94 98 82.83634
94 99 106.00600
95 96 66.76418
95 97 61.46066
95 98 32.38585
95 99 54.60796
96 97 10.79329
96 98 38.70118
96 99 13.01484
97 98 30.94027
97 99 7.95845
98 99 25.68720
87.8581 40.7260
60.7641 24.1188
84.9408 53.8226
54.4791 79.5103
8.2077 99.4866
2.3813 2.6332
45.0107 78.9977
82.0800 70.0841
44.6912 17.9979
91.6757 44.2653
77.5796 18.1959
63.5638 95.6697
69.3865 30.8565
84.7237 84.8685
30.9066 40.4051
66.0137 72.8172
44.2714 85.2780
69.1132 50.3892
26.9946 93.8908
79.7644 16.1937
27.0574 4.9519
3.1702 84.9719
13.2076 34.2148
97.2603 73.2258
2.8436 49.8064
20.7127 71.3334
11.8440 35.7210
7.5340 75.0095
76.5789 75.8231
60.0312 17.2181
19.9249 43.6114
81.7022 97.6314
44.0028 58.4237
29.8306 68.3319
56.7297 19.5378
10.5604 82.0075
33.6040 65.1699
3.5735 86.8009
58.3856 36.0553
0.3506 53.1931
46.3064 69.6428
75.4383 47.7468
89.2990 45.7009
53.4931 90.0935
82.1949 25.1862
9.7083 11.9162
44.8942 99.4723
80.9141 4.2342
92.8453 83.7128
6.1315 33.0129
71.8562 79.9763
33.8089 64.3731
7.1836 15.4613
36.8353 73.5519
80.1403 49.9469
47.7377 70.6753
47.1842 81.0681
91.2178 58.5001
58.5415 65.7955
18.7852 94.1848
13.1863 70.3672
61.8501 69.8512
95.7991 70.9924
27.2474 42.0465
96.3640 46.0735
80.9403 88.7897
17.6819 92.0576
29.7622 97.7917
29.2015 45.9819
91.5368 36.7914
9.9303 70.0517
44.9108 40.2761
78.0193 6.7163
79.2037 46.5317
10.2052 76.0244
79.0263 95.5495
30.5695 21.0517
95.5657 85.7858
13.9351 73.5934
95.6732 68.9894
92.9207 40.1598
26.6731 90.4471
3.9805 55.2205
16.5859 79.5635
92.7661 8.3532
86.2367 86.0264
75.4633 57.2360
64.0870 24.5147
64.5495 64.7575
54.9266 10.2605
80.0123 92.0460
83.8484 3.3621
45.6011 19.3129
83.7608 24.6556
10.4182 99.7165
84.7075 77.5725
88.4322 10.9123
79.1184 16.3665
74.2503 46.9214
83.5502 22.9768
