50
0 1 58.11778
0 2 22.06068
0 3 15.49420
0 4 48.44456
0 5 35.21893
0 6 38.76948
0 7 41.42195
0 8 60.11541
0 9 37.36942
0 10 31.39122
0 11 64.61270
0 12 43.95191
0 13 53.73176
0 14 39.21836
0 15 43.39012
0 16 56.09271
0 17 24.77669
0 18 58.54005
0 19 38.09489
0 20 54.28539
0 21 38.08280
0 22 64.31256
0 23 37.37770
0 24 37.80797
0 25 31.61186
0 26 31.48790
0 27 31.60602
0 28 53.43439
0 29 60.80439
0 30 64.48693
0 31 32.87423
0 32 14.82485
0 33 27.58001
0 34 16.96696
0 35 63.21648
0 36 32.57957
0 37 31.06905
0 38 50.41774
0 39 53.62893
0 40 73.78617
0 41 57.91707
0 42 27.40560
0 43 42.20478
0 44 40.56331
0 45 27.87132
0 46 66.98154
0 47 52.79361
0 48 29.15321
0 49 34.90404
1 2 60.66141
1 3 63.28616
1 4 23.38120
1 5 90.87232
1 6 64.45809
1 7 50.27725
1 8 51.08915
1 9 51.15112
1 10 43.48245
1 11 61.94279
1 12 90.05664
1 13 16.24989
1 14 19.62935
1 15 14.94876
1 16 53.30962
1 17 58.22551
1 18 30.47274
1 19 48.58692
1 20 4.18702
1 21 20.51834
1 22 81.78964
1 23 44.58094
1 24 78.16324
1 25 54.48410
1 26 41.24333
1 27 47.24511
1 28 78.50177
1 29 61.08138
1 30 34.46398
1 31 80.34981
1 32 60.74640
1 33 84.73294
1 34 57.00924
1 35 47.70889
1 36 86.72155
1 37 88.83561
1 38 89.25414
1 39 44.11109
1 40 91.93964
1 41 53.85634
1 42 30.93486
1 43 19.08070
1 44 82.39238
1 45 69.28862
1 46 9.27921
1 47 5.37255
1 48 83.73692
1 49 81.85823
2 3 37.45955
2 4 43.06084
2 5 50.35728
2 6 60.44635
2 7 60.62050
2 8 43.81810
2 9 57.02162
2 10 19.71237
2 11 45.70469
2 12 29.61977
2 13 50.54001
2 14 45.74280
2 15 46.19966
2 16 38.66967
2 17 46.37286
2 18 49.53845
2 19 57.11662
2 20 56.47622
2 21 44.43113
2 22 42.27671
2 23 23.36392
2 24 19.04268
2 25 12.75245
2 26 48.51590
2 27 17.25444
2 28 31.44283
2 29 80.31108
2 30 54.43343
2 31 53.43411
2 32 7.58479
2 33 30.76824
2 34 5.77024
2 35 48.37546
2 36 49.65505
2 37 42.45265
2 38 31.70979
2 39 70.36210
2 40 51.73870
2 41 76.36788
2 42 35.53787
2 43 41.76523
2 44 22.91458
2 45 8.90373
2 46 68.05177
2 47 55.46208
2 48 26.10329
2 49 21.19725
3 4 58.82231
3 5 27.99803
3 6 25.03618
3 7 32.28360
3 8 74.31277
3 9 27.90643
3 10 45.45244
3 11 79.54406
3 12 55.88962
3 13 62.62672
3 14 43.66142
3 15 49.78533
3 16 70.70028
3 17 12.45594
3 18 69.98072
3 19 29.59190
3 20 59.98313
3 21 42.83400
3 22 79.73625
3 23 51.62067
3 24 51.84219
3 25 46.94408
3 26 27.06067
3 27 46.24505
3 28 68.67549
3 29 50.07861
3 30 76.15960
3 31 18.92459
3 32 30.04210
3 33 33.01825
3 34 32.46108
3 35 76.85408
3 36 23.48846
3 37 28.76876
3 38 63.98726
3 39 46.79888
3 40 89.08739
3 41 48.71365
3 42 33.10755
3 43 50.65829
3 44 54.05993
3 45 42.50082
3 46 72.53836
3 47 58.30831
3 48 37.85754
3 49 47.33595
4 5 83.61137
4 6 68.92436
4 7 58.57316
4 8 28.62225
4 9 57.65840
4 10 23.62532
4 11 39.18644
4 12 70.89193
4 13 8.20223
4 14 24.04306
4 15 16.87041
4 16 30.13713
4 17 58.50215
4 18 12.07869
4 19 55.77274
4 20 19.93664
4 21 23.57157
4 22 58.45689
4 23 22.71040
4 24 58.30575
4 25 33.98267
4 26 45.97838
4 27 26.92388
4 28 55.79946
4 29 74.30207
4 30 18.27230
4 31 77.62672
4 32 45.54107
4 33 71.46072
4 34 41.04510
4 35 26.49757
4 36 80.56875
4 37 79.06617
4 38 68.25404
4 39 58.28335
4 40 68.56549
4 41 67.65935
4 42 27.63340
4 43 10.64118
4 44 62.55567
4 45 50.78582
4 46 27.55732
4 47 20.11968
4 48 68.54300
4 49 63.57844
5 6 43.60017
5 7 56.64348
5 8 93.40593
5 9 52.47662
5 10 65.59088
5 11 96.05926
5 12 53.36844
5 13 88.54870
5 14 71.26844
5 15 76.86519
5 16 88.67400
5 17 37.37757
5 18 93.72798
5 19 54.78854
5 20 87.39568
5 21 70.35410
5 22 88.77684
5 23 71.15898
5 24 55.96658
5 25 62.76827
5 26 54.53949
5 27 64.97764
5 28 76.52522
5 29 70.79700
5 30 99.62327
5 31 18.47356
5 32 43.44503
5 33 25.36730
5 34 47.82098
5 35 97.21716
5 36 5.56757
5 37 10.39277
5 38 64.82806
5 39 72.02692
5 40 96.23045
5 41 71.58138
5 42 60.15339
5 43 76.76364
5 44 56.09945
5 45 50.49138
5 46 100.06336
5 47 85.76514
5 48 33.55374
5 49 47.81861
6 7 16.15045
6 8 90.71827
6 9 13.62836
6 10 63.16275
6 11 97.85541
6 12 80.92457
6 13 69.89525
6 14 47.13245
6 15 54.89854
6 16 88.29661
6 17 14.07350
6 18 80.97877
6 19 16.39243
6 20 62.42563
6 21 46.96654
6 22 102.18712
6 23 69.24439
6 24 76.39238
6 25 67.71553
6 26 23.63073
6 27 65.07999
6 28 91.86741
6 29 27.23130
6 30 87.19644
6 31 25.57132
6 32 53.53183
6 33 57.07739
6 34 54.91428
6 35 91.84602
6 36 38.03262
6 37 49.08342
6 38 88.77099
6 39 30.82116
6 40 112.02301
6 41 28.31003
6 42 41.45861
6 43 58.75195
6 44 78.84479
6 45 66.62841
6 46 73.34368
6 47 60.69071
6 48 62.64030
6 49 72.32592
7 8 83.35714
7 9 4.37862
7 10 58.14290
7 11 91.73735
7 12 85.37031
7 13 58.03545
7 14 35.04709
7 15 42.90210
7 16 81.90727
7 17 20.06657
7 18 70.57157
7 19 3.52431
7 20 48.80098
7 21 35.23305
7 22 100.09885
7 23 63.75103
7 24 78.55699
7 25 65.01490
7 26 13.52580
7 27 60.82109
7 28 91.04882
7 29 19.69061
7 30 76.59448
7 31 39.88346
7 32 54.84975
7 33 65.13670
7 34 54.85041
7 35 83.47186
7 36 51.18656
7 37 60.21087
7 38 91.36120
7 39 15.44181
7 40 110.39798
7 41 16.63200
7 42 32.92491
7 43 47.97245
7 44 81.66005
7 45 68.21024
7 46 58.77742
7 47 47.12317
7 48 69.19557
7 49 76.32339
8 9 81.53817
8 10 28.87006
8 11 10.94158
8 12 62.60527
8 13 34.83926
8 14 51.19504
8 15 44.97174
8 16 6.04012
8 17 78.14806
8 18 21.56367
8 19 80.16514
8 20 48.14000
8 21 50.40979
8 22 35.05240
8 23 22.75513
8 24 50.06029
8 25 31.06573
8 26 69.95377
8 27 28.60785
8 28 37.67188
8 29 100.79357
8 30 21.06479
8 31 92.81667
8 32 50.07272
8 33 74.36675
8 34 45.59403
8 35 6.29944
8 36 91.91030
8 37 86.13939
8 38 55.30401
8 39 85.59318
8 40 43.75503
8 41 94.56897
8 42 50.45586
8 43 38.07460
8 44 53.68018
8 45 47.45563
8 46 52.72219
8 47 48.54988
8 48 68.65347
8 49 58.33164
9 10 55.58508
9 11 89.59228
9 12 81.28452
9 13 57.73364
9 14 34.71821
9 15 42.58952
9 16 79.80884
9 17 15.70223
9 18 69.72308
9 19 2.78989
9 20 49.34132
9 21 34.74100
9 22 97.03367
9 23 61.34388
9 24 74.72726
9 25 61.96610
9 26 11.73170
9 27 58.09496
9 28 87.72140
9 29 23.47030
9 30 75.83695
9 31 36.02077
9 32 51.04976
9 33 60.77966
9 34 51.25917
9 35 81.96151
9 36 47.05142
9 37 55.87383
9 38 87.50192
9 39 19.55160
9 40 107.25989
9 41 20.92999
9 42 31.13825
9 43 47.16869
9 44 77.75277
9 45 64.43047
9 46 59.91454
9 47 47.62600
9 48 64.91204
9 49 72.26756
10 11 34.75183
10 12 47.38114
10 13 31.44064
10 14 32.65341
10 15 30.37288
10 16 25.43202
10 17 49.98001
10 18 29.98062
10 19 54.71423
10 20 39.35450
10 21 31.43431
10 22 43.22572
10 23 6.20770
10 24 34.98883
10 25 11.00533
10 26 44.67210
10 27 3.81965
10 28 36.71268
10 29 77.02049
10 30 35.17741
10 31 63.96244
10 32 23.57087
10 33 49.56345
10 34 18.85177
10 35 31.84068
10 36 63.63165
10 37 59.28992
10 38 45.77185
10 39 63.83223
10 40 53.76737
10 41 71.66806
10 42 26.32494
10 43 24.49260
10 44 39.24596
10 45 27.16212
10 46 49.89195
10 47 38.66828
10 48 45.68448
10 49 39.95316
11 12 59.32085
11 13 45.69971
11 14 60.90589
11 15 55.12376
11 16 9.86447
11 17 84.72952
11 18 32.47725
11 19 88.43275
11 20 58.90411
11 21 60.02685
11 22 26.05975
11 23 28.61676
11 24 47.59586
11 25 33.47375
11 26 78.22608
11 27 33.35088
11 28 31.47812
11 29 109.76622
11 30 31.48329
11 31 97.47535
11 32 52.75495
11 33 75.02666
11 34 48.69780
11 35 15.94621
11 36 95.17226
11 37 87.96849
11 38 50.36791
11 39 95.04966
11 40 33.72573
11 41 103.77746
11 42 58.87918
11 43 48.13428
11 44 50.66785
11 45 47.32939
11 46 63.65775
11 47 59.24579
11 48 68.48346
11 49 56.56607
12 13 78.81372
12 14 75.28566
12 15 75.76346
12 16 56.58264
12 17 67.64853
12 18 74.99845
12 19 82.04556
12 20 85.87055
12 21 73.97550
12 22 41.35673
12 23 48.75070
12 24 12.90719
12 25 36.99379
12 26 74.92689
12 27 43.96841
12 28 29.80123
12 29 104.65889
12 30 78.75162
12 31 65.14955
12 32 32.01292
12 33 28.11495
12 34 34.24260
12 35 68.51702
12 36 55.74734
12 37 42.99913
12 38 12.32946
12 39 97.17775
12 40 45.93187
12 41 101.86103
12 42 64.68923
12 43 71.02875
12 44 8.94781
12 45 20.80313
12 46 97.08989
12 47 84.92637
12 48 20.14190
12 49 9.14994
13 14 23.03079
13 15 15.15385
13 16 37.19551
13 17 60.73482
13 18 14.66145
13 19 55.57094
13 20 13.52617
13 21 23.00836
13 22 66.23177
13 23 30.88743
13 24 66.31448
13 25 42.01667
13 26 46.37515
13 27 34.87877
13 28 63.93695
13 29 72.17947
13 30 19.61860
13 31 81.10041
13 32 52.42287
13 33 78.03565
13 34 48.08055
13 35 31.60086
13 36 85.14694
13 37 84.71281
13 38 76.41709
13 39 55.59929
13 40 76.20546
13 41 65.24370
13 42 29.94042
13 43 11.97218
13 44 70.56995
13 45 58.51878
13 46 19.40674
13 47 14.25852
13 48 75.59890
13 49 71.31660
14 15 7.87708
14 16 51.16397
14 17 39.21586
14 18 35.79217
14 19 32.54030
14 20 16.41245
14 21 1.31178
14 22 75.34901
14 23 36.26704
14 24 64.45989
14 25 42.97441
14 26 23.50919
14 27 36.36003
14 28 69.36080
14 29 50.26599
14 30 41.68129
14 31 60.94881
14 32 44.14504
14 33 66.43982
14 34 41.12895
14 35 50.11592
14 36 67.09234
14 37 69.52177
14 38 76.57415
14 39 34.46506
14 40 85.88469
14 41 43.68733
14 42 11.82792
14 43 13.46441
14 44 68.51750
14 45 54.64427
14 46 28.87725
14 47 14.70191
14 48 66.33108
14 49 66.53966
15 16 45.59351
15 17 46.42665
15 18 28.24434
15 19 40.41709
15 20 10.94279
15 21 7.93250
15 22 71.56384
15 23 32.78186
15 24 64.21392
15 25 41.26293
15 26 31.30731
15 27 34.19201
15 28 66.70095
15 29 57.65103
15 30 34.00013
15 31 67.65316
15 32 45.89193
15 33 69.80294
15 34 42.27741
15 35 43.31857
15 36 72.97649
15 37 74.29343
15 38 75.77356
15 39 41.45124
15 40 82.00989
15 41 50.90130
15 42 16.73564
15 43 7.02447
15 44 68.39584
15 45 54.96039
15 46 23.59444
15 47 9.57798
15 48 68.81201
15 49 67.36711
16 17 75.33802
16 18 25.24985
16 19 78.61574
16 20 50.04619
16 21 50.25946
16 22 30.25434
16 23 19.22803
16 24 44.07510
16 25 25.97759
16 26 68.40361
16 27 24.50617
16 28 31.88258
16 29 99.90175
16 30 25.89064
16 31 88.94103
16 32 45.23437
16 33 68.97466
16 34 40.89266
16 35 12.20353
16 36 87.41090
16 37 81.11086
16 38 49.29557
16 39 85.22289
16 40 39.55499
16 41 93.92118
16 42 49.02975
16 43 38.57654
16 44 47.66368
16 45 41.79772
16 46 55.86130
16 47 50.25463
16 48 63.05155
16 49 52.43424
17 18 70.34386
17 19 17.68259
17 20 55.48262
17 21 38.70910
17 22 88.17182
17 23 56.14545
17 24 62.52335
17 25 53.87712
17 26 17.98148
17 27 51.62887
17 28 77.79572
17 29 37.64859
17 30 76.60837
17 31 22.67968
17 32 39.48796
17 33 45.47355
17 34 40.84797
17 35 79.76678
17 36 32.12378
17 37 40.20097
17 38 75.01649
17 39 35.04336
17 40 97.96868
17 41 36.32379
17 42 30.97480
17 43 48.99624
17 44 65.10883
17 45 52.64742
17 46 67.45974
17 47 53.74070
17 48 50.16895
17 49 58.86928
18 19 67.81192
18 20 28.13455
18 21 35.42963
18 22 55.42913
18 23 26.58641
18 24 62.10802
18 25 38.43671
18 26 58.05229
18 27 32.33382
18 28 55.37614
18 29 85.89528
18 30 6.26457
18 31 88.88068
18 32 53.41692
18 33 79.48747
18 34 48.72571
18 35 17.35264
18 36 91.03155
18 37 88.42472
18 38 70.42753
18 39 69.60020
18 40 64.79271
18 41 79.11985
18 42 39.61233
18 43 22.60041
18 44 66.23759
18 45 56.15750
18 46 31.20666
18 47 28.91971
18 48 75.61536
18 49 68.66155
19 20 46.87003
19 21 32.63265
19 22 96.58931
19 23 60.36182
19 24 75.10420
19 25 61.50450
19 26 10.21969
19 27 57.35758
19 28 87.52452
19 29 23.19789
19 30 73.88506
19 31 38.58985
19 32 51.39313
19 33 62.24680
19 34 51.34638
19 35 80.40418
19 36 49.40347
19 37 57.87064
19 38 87.91672
19 39 17.36105
19 40 106.88213
19 41 19.83342
19 42 29.70934
19 43 45.22041
19 44 78.23577
19 45 64.74394
19 46 57.29094
19 47 45.16472
19 48 66.10252
19 49 72.97981
20 21 17.15683
20 22 78.13534
20 23 40.59816
20 24 73.99052
20 25 50.35921
20 26 38.95584
20 27 43.12774
20 28 74.58066
20 29 60.80025
20 30 32.65802
20 31 77.35688
20 32 56.61231
20 33 80.73814
20 34 52.84690
20 35 45.11410
20 36 83.34913
20 37 85.11314
20 38 85.12182
20 39 43.90035
20 40 88.35357
20 41 53.65836
20 42 27.29405
20 43 14.91382
20 44 78.21751
20 45 65.10166
20 46 12.72411
20 47 1.74850
20 48 79.63772
20 49 77.67277
21 22 74.20487
21 23 35.13300
21 24 63.14989
21 25 41.71113
21 26 23.38478
21 27 35.12784
21 28 68.13353
21 29 50.81800
21 30 41.38607
21 31 60.27937
21 32 42.85467
21 33 65.24921
21 34 39.82302
21 35 49.46634
21 36 66.23012
21 37 68.47988
21 38 75.27077
21 39 35.19185
21 40 84.74473
21 41 44.31861
21 42 10.67727
21 43 12.93890
21 44 67.20641
21 45 53.33254
21 46 29.72783
21 47 15.47453
21 48 65.08120
21 49 65.23298
22 23 39.08593
22 24 33.28930
22 25 35.08509
22 26 86.93396
22 27 39.90881
22 28 12.33256
22 29 119.47169
22 30 56.00854
22 31 95.09550
22 32 49.74646
22 33 64.44459
22 34 47.46475
22 35 41.11068
22 36 89.41135
22 37 79.18519
22 38 29.80236
22 39 106.96656
22 40 10.55059
22 41 114.50298
22 42 69.46289
22 43 64.74425
22 44 34.47455
22 45 38.73431
22 46 85.42190
22 47 78.01890
22 48 56.58095
22 49 42.38531
23 24 35.96202
23 25 11.87410
23 26 50.23594
23 27 6.29591
23 28 34.04973
23 29 82.37908
23 30 31.14762
23 31 70.06460
23 32 28.39423
23 33 53.96861
23 34 23.71561
23 35 26.06300
23 36 69.39643
23 37 64.47272
23 38 45.54610
23 39 68.69039
23 40 49.61807
23 41 76.81994
23 42 31.38793
23 43 26.23688
23 44 40.17582
23 45 29.57249
23 46 50.05343
23 47 40.16454
23 48 49.42619
23 49 42.10409
24 25 24.32477
24 26 67.02186
24 27 31.44086
24 28 20.96449
24 29 98.18320
24 30 65.84718
24 31 64.41175
24 32 23.71212
24 33 31.20937
24 34 24.48653
24 35 55.86231
24 36 57.13462
24 37 46.11153
24 38 12.84362
24 39 89.08063
24 40 40.26393
24 41 94.66616
24 42 54.54861
24 43 59.08304
24 44 4.25794
24 45 10.45293
24 46 84.86879
24 47 73.14405
24 48 23.29169
24 49 9.32591
25 26 51.89532
25 27 7.25228
25 28 26.82901
25 29 84.42378
25 30 42.80349
25 31 64.28822
25 32 19.33833
25 33 43.41534
25 34 15.23215
25 35 35.69540
25 36 61.71724
25 37 55.14211
25 38 34.77427
25 39 72.39223
25 40 45.40952
25 41 79.59677
25 42 35.17790
25 43 35.49495
25 44 28.57316
25 45 17.77907
25 46 60.76231
25 47 49.66995
25 48 38.20201
25 49 30.23225
26 27 47.43048
26 28 78.24456
26 29 32.53790
26 30 64.19180
26 31 40.65942
26 32 43.42820
26 33 57.69979
26 34 42.78138
26 35 70.26326
26 36 49.53490
26 37 55.77001
26 38 79.86459
26 39 22.25139
26 40 97.30304
26 41 27.92286
26 42 19.49978
26 43 35.54564
26 44 70.39567
26 45 56.57672
26 46 50.32827
26 47 37.21146
26 48 60.47664
26 49 65.78313
27 28 33.00790
27 29 79.89947
27 30 37.18144
27 31 64.43708
27 32 22.09889
27 33 47.72367
27 34 17.42536
27 35 32.25261
27 36 63.32866
27 37 58.19152
27 38 42.02256
27 39 67.05843
27 40 50.42445
27 41 74.70683
27 42 29.55600
27 43 28.28713
27 44 35.69789
27 45 24.06762
27 46 53.52606
27 47 42.46200
27 48 43.35755
27 49 36.79568
28 29 110.64342
28 30 57.30457
28 31 83.37530
28 32 38.65302
28 33 52.11305
28 34 36.96427
28 35 43.96857
28 36 77.28110
28 37 66.87776
28 38 19.23597
28 39 99.13898
28 40 20.44904
28 41 106.10652
28 42 62.00687
28 43 60.27586
28 44 22.35349
28 45 26.83823
28 46 83.34167
28 47 74.19702
28 48 44.25415
28 49 30.11244
29 30 91.57772
29 31 52.57743
29 32 74.49030
29 33 83.05119
29 34 74.54096
29 35 100.23845
29 36 65.23162
29 37 76.17352
29 38 110.96703
29 39 16.97132
29 40 129.83329
29 41 7.27785
29 42 51.04810
29 43 63.72399
29 44 101.22307
29 45 87.86325
29 46 68.18519
29 47 59.33360
29 48 87.78151
29 49 95.67775
30 31 95.06993
30 32 58.73960
30 33 84.73165
30 34 54.02436
30 35 15.56118
30 36 97.02795
30 37 94.09374
30 38 73.37840
30 39 75.12709
30 40 64.81575
30 41 84.72088
30 42 45.86034
30 43 28.67078
30 44 69.88505
30 45 60.58152
30 46 33.66619
30 47 33.64978
30 48 80.53328
30 49 72.86117
31 32 45.85609
31 33 37.82465
31 34 49.20445
31 35 95.58409
31 36 13.02002
31 37 25.95982
31 38 75.26805
31 39 55.30136
31 40 103.75931
31 41 53.84348
31 42 51.25715
31 43 69.13690
31 44 65.66660
31 45 56.54265
31 46 89.62447
31 47 75.63630
31 48 45.15080
31 49 57.87055
32 33 26.08730
32 34 4.72143
32 35 54.20420
32 36 42.42149
32 37 36.14979
32 38 36.53673
32 39 65.59375
32 40 59.04822
32 41 70.96927
32 42 33.00913
32 43 42.45783
32 44 26.96956
32 45 13.38404
32 46 68.74420
32 47 55.41495
32 48 23.22745
32 49 22.92912
33 34 30.76271
33 35 79.10823
33 36 27.65849
33 37 15.12015
33 38 39.46231
33 39 79.07078
33 40 71.31385
33 41 81.67340
33 42 54.62617
33 43 67.41672
33 44 30.90752
33 45 27.75162
33 46 93.26085
33 47 79.36217
33 48 8.20105
33 49 22.60442
34 35 49.60223
34 36 46.55116
34 37 40.77245
34 38 37.26328
34 39 64.68985
34 40 57.13304
34 41 70.61374
34 42 30.46585
34 43 38.44824
34 44 28.18083
34 45 14.08849
34 46 64.79390
34 47 51.71937
34 48 27.52848
34 49 25.41238
35 36 95.43312
35 37 90.35393
35 38 61.48994
35 39 84.56298
35 40 49.49425
35 41 93.78410
35 42 50.84549
35 43 36.69945
35 44 59.57473
35 45 52.67007
35 46 48.42386
35 47 45.72307
35 48 73.71764
35 49 63.92125
36 37 13.77965
36 38 66.77582
36 39 66.59267
36 40 97.29419
36 41 66.03069
36 42 56.24123
36 43 73.26503
36 44 57.67136
36 45 50.77119
36 46 95.95631
36 47 81.69180
36 48 35.64542
36 49 49.49452
37 38 54.55227
37 39 75.22100
37 40 86.32685
37 41 76.05432
37 42 57.90794
37 43 73.26749
37 44 46.00269
37 45 41.43589
37 46 97.83569
37 47 83.56896
37 48 23.32015
37 49 37.70138
38 39 101.90985
38 40 33.65844
38 41 107.50224
38 42 67.03817
38 43 70.23502
38 44 9.92995
38 45 23.28982
38 46 95.42848
38 47 84.39995
38 48 31.27661
38 49 17.41084
39 40 117.47278
39 41 9.76179
39 42 37.51570
39 43 47.86637
39 44 92.53706
39 45 78.62774
39 46 51.29190
39 47 42.46662
39 48 82.39984
39 49 88.03320
40 41 124.94179
40 42 79.98029
40 43 75.15515
40 44 40.50752
40 45 47.22232
40 46 95.24395
40 47 88.29011
40 48 63.21815
40 49 48.76810
41 42 45.43560
41 43 57.14656
41 44 97.89486
41 45 84.25552
41 46 60.90907
41 47 52.21687
41 48 85.82630
41 49 92.78187
42 43 18.06596
42 44 58.45127
42 45 44.38708
42 46 40.00742
42 47 25.70505
42 48 54.70578
42 49 55.76096
43 44 63.31361
43 45 50.29496
43 46 26.35180
43 47 14.17573
43 48 65.65751
43 49 62.93712
44 45 14.09979
44 46 89.12337
44 47 77.35985
44 48 22.75165
44 49 8.30319
45 46 76.46357
45 47 64.13798
45 48 21.27538
45 49 12.79898
46 47 14.30732
46 48 91.89302
46 49 89.17639
47 48 78.37915
47 49 76.65740
48 49 14.45702
66.4516 55.8939
34.7775 7.1658
47.1378 66.5546
80.9548 50.4416
26.2106 28.9210
97.0327 73.3630
95.1293 29.8044
83.8099 18.2845
6.6447 49.8114
83.5274 22.6540
35.5028 50.6422
1.9508 59.6950
48.7640 96.1297
25.8259 20.7278
48.8564 20.8441
40.9797 20.7672
10.3747 54.5622
83.9478 38.3506
14.1508 29.5963
81.3967 20.8530
35.5131 11.2877
48.7900 22.1542
8.9937 84.7850
29.3433 51.4143
42.2825 84.9679
35.3676 61.6467
72.0129 24.9010
34.8804 54.4108
21.3231 84.5060
95.6864 2.5788
7.9388 28.7864
99.3145 55.0309
54.4744 64.6302
73.4007 82.5841
50.5970 61.9362
4.3767 43.9344
96.7772 67.8013
87.9174 78.3551
36.4376 96.4045
78.7518 3.6946
2.9129 93.4070
88.4138 2.3024
53.7109 31.6299
36.4899 26.1695
43.1937 89.1272
46.5841 75.4411
27.5115 1.3944
37.1067 12.0072
65.5741 85.0339
51.3020 87.3388
