50
0 1 77.95753
0 2 97.49842
0 3 47.02137
0 4 53.21032
0 5 25.89440
0 6 63.20214
0 7 84.51415
0 8 31.76009
0 9 32.09204
0 10 50.76574
0 11 68.56497
0 12 59.83079
0 13 50.77807
0 14 63.45764
0 15 94.69825
0 16 68.36013
0 17 86.60482
0 18 44.86499
0 19 41.85028
0 20 67.81639
0 21 87.71767
0 22 54.39163
0 23 52.44356
0 24 58.20564
0 25 81.45954
0 26 49.32086
0 27 96.62342
0 28 57.45247
0 29 30.65380
0 30 18.74576
0 31 20.15749
0 32 74.84431
0 33 70.56163
0 34 32.82025
0 35 85.12123
0 36 98.98465
0 37 23.89671
0 38 38.69181
0 39 81.61350
0 40 4.00992
0 41 38.25409
0 42 45.06487
0 43 68.86103
0 44 76.54620
0 45 59.99109
0 46 25.48931
0 47 39.36956
0 48 79.11423
0 49 84.48539
1 2 20.50985
1 3 68.49788
1 4 39.59064
1 5 65.23550
1 6 54.29226
1 7 47.06328
1 8 46.19928
1 9 50.91440
1 10 33.83188
1 11 27.22273
1 12 49.38200
1 13 82.56311
1 14 54.49044
1 15 28.48052
1 16 15.29675
1 17 28.07647
1 18 48.62728
1 19 38.56371
1 20 56.26840
1 21 32.43430
1 22 49.23015
1 23 53.63286
1 24 86.16235
1 25 11.27971
1 26 29.05036
1 27 39.16579
1 28 89.20216
1 29 91.85139
1 30 75.55264
1 31 68.93145
1 32 51.21091
1 33 48.91319
1 34 53.00179
1 35 52.36482
1 36 21.81486
1 37 83.05474
1 38 71.48501
1 39 22.16959
1 40 77.17094
1 41 40.02459
1 42 55.81330
1 43 35.35459
1 44 18.04294
1 45 36.57888
1 46 90.39127
1 47 66.28660
1 48 5.91875
1 49 46.21914
2 3 81.60862
2 4 53.23647
2 5 85.73890
2 6 72.25796
2 7 47.67469
2 8 65.88789
2 9 68.63612
2 10 49.91408
2 11 36.83968
2 12 67.88596
2 13 95.40644
2 14 63.40288
2 15 19.15284
2 16 30.08760
2 17 37.93003
2 18 68.81250
2 19 59.02176
2 20 63.80773
2 21 42.20919
2 22 68.48428
2 23 73.02804
2 24 97.76316
2 25 16.99827
2 26 49.28959
2 27 31.69594
2 28 101.21283
2 29 112.35717
2 30 93.30315
2 31 89.36253
2 32 56.14906
2 33 65.44154
2 34 73.51035
2 35 53.26086
2 36 1.57562
2 37 103.53956
2 38 86.23843
2 39 24.10002
2 40 96.97525
2 41 59.25850
2 42 69.76078
2 43 43.30865
2 44 33.57425
2 45 48.21437
2 46 110.84698
2 47 80.97117
2 48 22.37771
2 49 58.81716
3 4 28.96538
3 5 61.75426
3 6 87.61229
3 7 47.83521
3 8 42.14414
3 9 27.77475
3 10 35.38412
3 11 44.81868
3 12 82.22278
3 13 14.06523
3 14 22.89155
3 15 70.03443
3 16 53.49207
3 17 90.57436
3 18 68.13167
3 19 53.79135
3 20 25.99739
3 21 93.71835
3 22 77.48550
3 23 78.40721
3 24 18.63336
3 25 65.01171
3 26 51.89867
3 27 66.04084
3 28 21.04072
3 29 77.26197
3 30 29.33277
3 31 59.01847
3 32 35.56816
3 33 90.50007
3 34 58.50537
3 35 45.98998
3 36 83.16444
3 37 69.35317
3 38 9.20555
3 39 58.58332
3 40 50.06716
3 41 40.33624
3 42 12.89008
3 43 39.52974
3 44 78.00959
3 45 33.39474
3 46 72.34644
3 47 7.86286
3 48 72.86376
3 49 99.07514
4 5 54.83106
4 6 68.46488
4 7 31.98312
4 8 29.36534
4 9 21.17943
4 10 8.81732
4 11 17.33350
4 12 62.68819
4 13 43.01962
4 14 19.22234
4 15 44.20967
4 16 24.52671
4 17 63.12003
4 18 51.61061
4 19 35.22701
4 20 22.97678
4 21 66.64003
4 22 59.02853
4 23 61.40018
4 24 46.63622
4 25 36.37665
4 26 28.74365
4 27 43.84025
4 28 49.61728
4 29 77.97047
4 30 42.97629
4 31 55.00211
4 32 24.96705
4 33 68.79819
4 34 46.29455
4 35 33.75123
4 36 54.80816
4 37 68.81208
4 38 33.00478
4 39 31.57092
4 40 54.38632
4 41 23.07061
4 42 16.57475
4 43 15.67337
4 44 50.54938
4 45 6.82876
4 46 74.36485
4 47 27.73958
4 48 44.16103
4 49 74.45163
5 6 37.75153
5 7 86.31643
5 8 25.55779
5 9 36.58189
5 10 48.59167
5 11 65.38260
5 12 35.01497
5 13 69.88659
5 14 70.89151
5 15 88.00602
5 16 60.33454
5 17 66.45817
5 18 21.43032
5 19 26.83666
5 20 75.33018
5 21 66.66038
5 22 29.75829
5 23 27.11625
5 24 77.14020
5 25 71.91056
5 26 37.05438
5 27 93.22836
5 28 77.40222
5 29 26.62098
5 30 40.17927
5 31 6.03185
5 32 79.61330
5 33 45.83843
5 34 12.26788
5 35 88.54461
5 36 87.04899
5 37 17.92505
5 38 55.68851
5 39 75.65164
5 40 22.33694
5 41 32.56478
5 42 54.49221
5 43 68.72022
5 44 58.54736
5 45 60.55781
5 46 25.46759
5 47 54.04605
5 48 64.56933
5 49 60.61861
6 7 93.52046
6 8 45.58407
6 9 59.88334
6 10 59.75123
6 11 69.80609
6 12 5.79910
6 13 99.03600
6 14 87.62752
6 15 82.56536
6 16 58.94449
6 17 39.65620
6 18 20.01396
6 19 34.18258
6 20 91.43545
6 21 37.66584
6 22 10.15344
6 23 10.76625
6 24 105.54050
6 25 64.87138
6 26 39.93407
6 27 92.06813
6 28 106.84633
6 29 56.65749
6 30 74.23010
6 31 43.78015
6 32 91.70482
6 33 9.87608
6 34 31.79704
6 35 97.59938
6 36 73.06017
6 37 51.28036
6 38 84.44731
6 39 73.57017
6 40 59.90081
6 41 47.81442
6 42 76.60073
6 43 76.51392
6 44 38.75841
6 45 71.27369
6 46 58.44935
6 47 81.06637
6 48 50.32950
6 49 25.44609
7 8 60.76565
7 9 52.90281
7 10 37.80942
7 11 23.71471
7 12 87.80523
7 13 58.85989
7 14 24.94893
7 15 29.72009
7 16 35.50370
7 17 75.13852
7 18 79.79673
7 19 63.78290
7 20 22.44958
7 21 79.47783
7 22 85.32546
7 23 88.58903
7 24 58.39461
7 25 36.96394
7 26 54.72880
7 27 20.47651
7 28 62.31646
7 29 109.94883
7 30 71.78255
7 31 86.85777
7 32 12.51818
7 33 91.21435
7 34 76.79070
7 35 5.60507
7 36 48.88281
7 37 100.77837
7 38 55.90456
7 39 25.59080
7 40 86.00727
7 41 53.84980
7 42 41.29341
7 43 17.82127
7 44 64.30251
7 45 25.78847
7 46 106.33467
7 47 51.51709
7 48 52.98201
7 49 92.18445
8 9 14.37085
8 10 23.12655
8 11 40.41199
8 12 40.34534
8 13 53.51508
8 14 46.38936
8 15 64.73745
8 16 37.46146
8 17 57.30789
8 18 25.98948
8 19 13.09368
8 20 50.72741
8 21 59.19664
8 22 35.43292
8 23 36.27189
8 24 59.95688
8 25 50.22751
8 26 17.78110
8 27 68.63095
8 28 61.32194
8 29 50.11292
8 30 32.80411
8 31 26.46729
8 32 54.27428
8 33 49.34800
8 34 17.50728
8 35 63.01440
8 36 67.35391
8 37 40.85241
8 38 38.99235
8 39 51.88433
8 40 31.08800
8 41 7.38575
8 42 31.97028
8 43 43.22688
8 44 46.13526
8 45 35.00016
8 46 47.26498
8 47 35.48257
8 48 47.46830
8 49 60.07498
9 10 19.33466
9 11 36.74016
9 12 54.55871
9 13 39.48210
9 14 34.49934
9 15 63.35707
9 16 38.58772
9 17 67.43906
9 18 40.36026
9 19 26.42452
9 20 38.96899
9 21 69.93611
9 22 49.74291
9 23 50.64098
9 24 45.72274
9 25 51.84506
9 26 26.87466
9 27 64.58273
9 28 47.26028
9 29 57.50338
9 30 24.71953
9 31 35.46974
9 32 44.29151
9 33 63.19530
9 34 31.18412
9 35 54.07094
9 36 70.18968
9 37 48.51074
9 38 25.19039
9 39 50.28356
9 40 33.20950
9 41 13.75872
9 42 18.13504
9 43 36.78777
9 44 55.37044
9 45 27.91995
9 46 53.59844
9 47 21.28372
9 48 53.67628
9 49 72.91497
10 11 17.88659
10 12 53.96489
10 13 49.34949
10 14 28.03082
10 15 44.08237
10 16 19.90050
10 17 55.37439
10 18 43.34686
10 19 26.95052
10 20 31.70192
10 21 58.70382
10 22 50.42212
10 23 52.95102
10 24 53.71233
10 25 32.95220
10 26 19.94252
10 27 46.18186
10 28 56.39810
10 29 73.02494
10 30 43.59744
10 31 49.52426
10 32 32.70410
10 33 59.98087
10 34 39.05592
10 35 40.46519
10 36 51.48394
10 37 63.77383
10 38 37.67004
10 39 30.99175
10 40 51.31600
10 41 16.05133
10 42 22.49820
10 43 20.12903
10 44 42.78007
10 45 12.34842
10 46 69.85949
10 47 32.49805
10 48 37.72359
10 49 65.84309
11 12 64.09441
11 13 58.56848
11 14 27.59359
11 15 26.96140
11 16 12.84959
11 17 54.32117
11 18 56.58609
11 19 40.99478
11 20 29.07912
11 21 58.41573
11 22 61.69517
11 23 65.06909
11 24 61.05016
11 25 20.67290
11 26 31.40532
11 27 28.33004
11 28 64.43334
11 29 90.52267
11 30 60.00200
11 31 66.86355
11 32 24.42867
11 33 67.65764
11 34 54.84348
11 35 28.00671
11 36 38.38554
11 37 81.26174
11 38 49.96670
11 39 14.24140
11 40 69.19345
11 41 33.06316
11 42 33.35481
11 43 8.20022
11 44 42.51219
11 45 11.47347
11 46 87.54166
11 47 44.74177
11 48 32.82372
11 49 69.61618
12 13 93.85828
12 14 81.86176
12 15 77.46974
12 16 53.38408
12 17 37.13572
12 18 15.44873
12 19 28.60293
12 20 85.65488
12 21 35.73585
12 22 5.46525
12 23 8.35501
12 24 100.26954
12 25 59.74732
12 26 34.13600
12 27 86.72204
12 28 101.66616
12 29 56.07073
12 30 69.85824
12 31 41.01820
12 32 85.90872
12 33 10.82486
12 34 27.61329
12 35 91.84814
12 36 68.76107
12 37 49.91846
12 38 79.30998
12 39 68.17004
12 40 56.72178
12 41 42.24362
12 42 71.05228
12 43 70.74740
12 44 34.66360
12 45 65.47467
12 46 57.32952
12 47 75.80155
12 48 45.71934
12 49 25.96040
13 14 34.39748
13 15 83.10627
13 16 67.54388
13 17 104.34402
13 18 79.18875
13 19 65.90589
13 20 36.41107
13 21 107.38678
13 22 88.88482
13 23 89.33485
13 24 7.43895
13 25 78.92733
13 26 65.07338
13 27 78.12301
13 28 7.81033
13 29 81.38878
13 30 32.03550
13 31 66.21222
13 32 46.34219
13 33 102.67464
13 34 68.63093
13 35 56.10317
13 36 96.95382
13 37 74.44733
13 38 14.63286
13 39 72.09061
13 40 54.40499
13 41 52.85305
13 42 26.86799
13 43 52.80202
13 44 91.81241
13 45 47.23050
13 46 76.10754
13 47 18.26356
13 48 86.91015
13 49 112.04519
14 15 49.25834
14 16 39.35958
14 17 80.38750
14 18 70.31982
14 19 54.05546
14 20 4.47652
14 21 84.19294
14 22 78.09182
14 23 80.28604
14 24 35.07030
14 25 48.09307
14 26 47.96592
14 27 43.72686
14 28 38.80626
14 29 91.50660
14 30 48.55873
14 31 69.96608
14 32 12.74148
14 33 87.99803
14 34 63.85324
14 35 23.31350
14 36 64.88339
14 37 82.70951
14 38 31.17951
14 39 39.37118
14 40 65.61817
14 41 41.14318
14 42 18.41041
14 43 20.14954
14 44 68.02038
14 45 18.46999
14 46 87.24682
14 47 27.13668
14 48 59.82135
14 49 93.16320
15 16 27.67410
15 17 53.74967
15 18 74.65105
15 19 61.55185
15 20 48.67386
15 21 58.21247
15 22 76.79206
15 23 80.98717
15 24 84.32479
15 25 17.72665
15 26 51.16976
15 27 12.61233
15 28 88.03008
15 29 114.20642
15 30 86.95374
15 31 90.51058
15 32 39.85183
15 33 77.39245
15 34 76.34539
15 35 35.16114
15 36 20.06705
15 37 105.02960
15 38 76.16714
15 39 13.09546
15 40 94.96815
15 41 57.43019
15 42 59.62863
15 43 30.52573
15 44 46.05083
15 45 37.86728
15 46 111.81760
15 47 71.04132
15 48 33.39452
15 49 73.69912
16 17 41.53888
16 18 48.01167
16 19 34.01051
16 20 41.38552
16 21 45.59334
16 22 51.65059
16 23 55.44327
16 24 70.94962
16 25 13.27326
16 26 23.64804
16 27 34.13311
16 28 74.04792
16 29 86.55548
16 30 63.22286
16 31 62.88645
16 32 37.27674
16 33 55.88264
16 34 48.74402
16 35 40.26794
16 36 31.65036
16 37 77.39696
16 38 57.03309
16 39 15.65656
16 40 68.23966
16 41 30.32199
16 42 40.97432
16 43 21.00525
16 44 29.66263
16 45 21.28977
16 46 84.26014
16 47 51.78234
16 48 20.46246
16 49 56.93250
17 18 45.35014
17 19 45.07298
17 20 82.75979
17 21 4.47384
17 22 40.11371
17 23 44.61597
17 24 109.04757
17 25 38.73745
17 26 40.63127
17 27 65.72376
17 28 111.61288
17 29 91.14596
17 30 90.01637
17 31 71.76083
17 32 78.70803
17 33 30.77216
17 34 55.15687
17 35 80.41982
17 36 38.18685
17 37 83.72239
17 38 91.46908
17 39 50.06272
17 40 84.58058
17 41 53.95908
17 42 77.71085
17 43 62.51451
17 44 12.59603
17 45 61.93391
17 46 91.37575
17 47 86.64502
17 48 22.15847
17 49 21.01285
18 19 16.40389
18 20 74.39664
18 21 45.32107
18 22 10.04736
18 23 10.29204
18 24 85.80610
18 25 57.30233
18 26 25.18167
18 27 82.14369
18 28 86.99585
18 29 45.96117
18 30 54.41799
18 31 27.13329
18 32 76.03532
18 33 25.86312
18 34 12.23211
18 35 83.20408
18 36 69.95715
18 37 38.37264
18 38 64.57220
18 39 63.61691
18 40 41.97968
18 41 29.34678
18 42 57.67193
18 43 62.10122
18 44 38.60149
18 45 55.54393
18 46 46.02561
18 47 61.35742
18 48 46.64752
18 49 39.69847
19 20 58.07557
19 21 46.62845
19 22 24.26649
19 23 26.23059
19 24 72.05500
19 25 45.12255
19 26 10.38243
19 27 67.72283
19 28 73.67906
19 29 53.43202
19 30 45.66070
19 31 30.37391
19 32 59.64947
19 33 36.78466
19 34 14.82850
19 35 67.00080
19 36 60.36368
19 37 44.52974
19 38 51.56270
19 39 49.59161
19 40 40.22937
19 41 13.64094
19 42 42.44980
19 43 45.99894
19 44 34.69678
19 45 39.18650
19 46 51.82945
19 47 47.68497
19 48 38.43403
19 49 46.99206
20 21 86.66741
20 22 81.99679
20 23 84.29583
20 24 36.20728
20 25 49.13256
20 26 51.62896
20 27 42.09626
20 28 40.07535
20 29 95.97101
20 30 52.63794
20 31 74.43745
20 32 9.93143
20 33 91.52399
20 34 68.16239
20 35 20.02883
20 36 65.24732
20 37 87.18227
20 38 34.66514
20 39 39.70997
20 40 70.02281
20 41 45.33066
20 42 22.75154
20 43 21.14343
20 44 70.52742
20 45 21.22977
20 46 91.69536
20 47 30.92155
20 48 61.76652
20 49 96.20038
21 22 39.21493
21 23 43.57204
21 24 112.25860
21 25 43.17542
21 26 43.06145
21 27 70.19752
21 28 114.73707
21 29 90.73506
21 30 91.99355
21 31 72.13737
21 32 82.83167
21 33 28.34494
21 34 55.73939
21 35 84.73178
21 36 42.41209
21 37 83.60461
21 38 94.28222
21 39 54.47754
21 40 85.52101
21 41 56.31302
21 42 80.89425
21 43 66.59520
21 44 16.17503
21 45 65.72379
21 46 91.23494
21 47 89.54233
21 48 26.52376
21 49 17.09366
22 23 4.64840
22 24 95.38838
22 25 59.09551
22 26 30.92257
22 27 85.45881
22 28 96.69514
22 29 51.73631
22 30 64.46170
22 31 35.73238
22 32 82.75435
22 33 16.18872
22 34 22.16072
22 35 89.15133
22 36 69.46015
22 37 45.18018
22 38 74.29992
22 39 66.83227
22 40 51.31288
22 41 37.84562
22 42 66.57852
22 43 67.98114
22 44 35.99223
22 45 62.23197
22 46 52.68580
22 47 70.91450
22 48 46.12461
22 49 30.92426
23 24 96.01080
23 25 63.32687
23 26 33.91418
23 27 89.40432
23 28 97.13596
23 29 47.74640
23 30 63.68394
23 31 33.14738
23 32 85.51391
23 33 18.95511
23 34 21.28842
23 35 92.25596
23 36 74.02018
23 37 41.57693
23 38 74.70627
23 39 70.77377
23 40 49.16796
23 41 39.50483
23 42 67.94852
23 43 71.08278
23 44 40.63566
23 45 64.97529
23 46 48.97573
23 47 71.58337
23 48 50.65621
23 49 34.29915
24 25 81.66656
24 26 70.52221
24 27 78.30310
24 28 3.97773
24 29 88.80341
24 30 39.46672
24 31 73.56043
24 32 45.98875
24 33 108.83261
24 34 75.50715
24 35 55.02972
24 36 99.28494
24 37 81.88616
24 38 21.56905
24 39 74.01445
24 40 61.84161
24 41 58.75595
24 42 31.36582
24 43 54.59769
24 44 96.46343
24 45 50.03276
24 46 83.50911
24 47 24.47434
24 48 90.79552
24 49 117.68105
25 26 34.86058
25 27 27.89796
25 28 84.99565
25 29 98.41484
25 30 76.44337
25 31 74.94174
25 32 42.74780
25 33 59.95555
25 34 59.93716
25 35 42.44187
25 36 18.57307
25 37 89.36834
25 38 69.34392
25 39 11.43489
25 40 81.20512
25 41 43.26889
25 42 52.94222
25 43 28.03480
25 44 29.31284
25 45 31.71890
25 46 96.43372
25 47 64.07503
25 48 16.87804
25 49 57.45553
26 27 57.50290
26 28 72.64645
26 29 63.56320
26 30 49.70467
26 31 40.19691
26 32 51.85363
26 33 40.11890
26 34 25.18940
26 35 58.34196
26 36 50.68415
26 37 54.55193
26 38 51.47421
26 39 39.26123
26 40 48.28205
26 41 13.33520
26 42 39.50257
26 43 37.16877
26 44 28.83142
26 45 31.36228
26 46 61.71105
26 47 46.93667
26 48 29.79493
26 49 47.20122
27 28 82.16839
27 29 118.72770
27 30 86.59990
27 31 95.01752
27 32 32.39707
27 33 87.69032
27 34 82.18110
27 35 25.26552
27 36 32.52397
27 37 109.47073
27 38 73.24879
27 39 18.63132
27 40 97.40809
27 41 61.25280
27 42 57.29616
27 43 28.36393
27 44 57.15660
27 45 37.02734
27 46 115.83883
27 47 68.40463
27 48 44.57888
27 49 85.18753
28 29 87.90410
28 30 38.81863
28 31 73.57154
28 32 49.88923
28 33 110.45556
28 34 76.39576
28 35 58.99096
28 36 102.74236
28 37 81.27736
28 38 22.42970
28 39 77.55917
28 40 61.19155
28 41 60.56481
28 42 33.92327
28 43 58.14970
28 44 99.05006
28 45 53.30135
28 46 82.54405
28 47 26.00276
28 48 93.72572
28 49 119.69962
29 30 49.38354
29 31 23.74150
29 32 101.79449
29 33 66.21714
29 34 38.85448
29 35 111.48578
29 36 113.66282
29 37 9.26096
29 38 69.22409
29 39 101.62755
29 40 27.25657
29 41 57.47996
29 42 73.55115
29 43 92.88196
29 44 84.37295
29 45 84.28355
29 46 5.52394
29 47 69.47167
29 48 91.06815
29 49 81.82943
30 31 35.58326
30 32 60.83795
30 33 79.98012
30 34 42.43517
30 35 71.43388
30 36 94.86153
30 37 42.46851
30 38 20.47377
30 39 74.03317
30 40 22.39183
30 41 36.52470
30 42 30.56501
30 43 58.23598
30 44 78.52129
30 45 49.68279
30 46 44.15390
30 47 22.22081
30 48 78.06095
30 49 92.15694
31 32 79.40457
31 33 51.84302
31 34 16.76826
31 35 88.72742
31 36 90.71834
31 37 14.52218
31 38 52.34701
31 39 77.89315
31 40 16.46707
31 41 33.80062
31 42 52.84108
31 43 69.53295
31 44 63.36754
31 45 61.08482
31 46 21.51414
31 47 51.19789
31 48 68.67138
31 49 66.54249
32 33 90.72109
32 34 71.25512
32 35 10.63512
32 36 57.51461
32 37 92.78708
32 38 43.91835
32 39 32.33385
32 40 76.70738
32 41 48.01903
32 42 30.31857
32 43 16.30897
32 44 66.93752
32 45 20.53969
32 46 97.81973
32 47 39.79274
32 48 56.97877
32 49 93.80076
33 34 38.09502
33 35 95.66401
33 36 66.10090
33 37 60.44991
33 38 88.26722
33 39 69.55513
33 40 67.50136
33 41 50.17129
33 42 78.79341
33 43 74.93757
33 44 31.97191
33 45 70.70046
33 46 67.76450
33 47 84.46745
33 48 44.28778
33 49 15.64737
34 35 79.50668
34 36 74.81035
34 37 30.18173
34 38 54.01383
34 39 64.24936
34 40 30.13806
34 41 23.24130
34 42 49.21471
34 43 58.99486
34 44 46.60245
34 45 51.35582
34 46 37.67848
34 47 51.29576
34 48 52.30559
34 49 51.67131
35 36 54.45869
35 37 102.39261
35 38 54.48071
35 39 31.11274
35 40 86.85266
35 41 56.34992
35 42 40.88519
35 43 21.17683
35 44 69.40085
35 45 28.15269
35 46 107.66821
35 47 50.41651
35 48 58.28043
35 49 97.13645
36 37 104.86804
36 38 87.81075
36 39 25.55112
36 40 98.43904
36 41 60.75253
36 42 71.32975
36 43 44.80462
36 44 34.32481
36 45 49.76974
36 46 112.19294
36 47 82.54364
36 48 23.41439
36 49 59.13784
37 38 61.66700
37 39 92.41304
37 40 20.08669
37 41 48.22092
37 42 64.93374
37 43 83.65653
37 44 76.31965
37 45 75.08292
37 46 7.65758
37 47 61.50792
37 48 82.48716
37 49 75.87548
38 39 64.10555
38 40 41.96869
38 41 38.81073
38 42 16.61583
38 43 45.75268
38 44 79.07380
38 45 38.54233
38 46 64.16261
38 47 5.26890
38 48 75.33129
38 49 98.06437
39 40 81.92094
39 41 44.53666
39 42 47.49143
39 43 19.41676
39 44 40.07245
39 45 25.56495
39 46 99.08329
39 47 58.90318
39 48 28.00748
39 49 68.27497
40 41 37.94303
40 42 47.30948
40 43 69.95301
40 44 74.86660
40 45 61.09730
40 46 22.28073
40 47 42.32086
40 48 78.03631
40 49 81.67324
41 42 28.81101
41 43 36.17424
41 44 42.12932
41 45 28.20896
41 46 54.64932
41 47 34.59062
41 48 41.87337
41 49 59.25912
42 43 29.35440
42 44 65.13798
42 45 21.92710
42 46 69.13371
42 47 11.42225
42 48 60.05928
42 49 86.69185
43 44 50.64964
43 45 8.86998
43 46 89.50452
43 47 40.69823
43 48 41.00116
43 49 77.53260
44 45 49.55067
44 46 83.94723
44 47 74.19777
44 48 12.65873
44 49 28.20564
45 46 80.80808
45 47 33.33870
45 48 41.67456
45 49 74.97277
46 47 64.59982
46 48 89.95629
46 49 83.26198
47 48 70.19750
47 49 93.80434
48 49 40.62152
68.3488 5.5488
49.3173 81.1476
37.8560 98.1562
22.9825 17.9144
32.8185 45.1586
84.2021 26.0230
99.5380 60.5192
6.0418 62.6494
60.8507 36.4111
47.8657 30.2539
41.0404 48.3438
29.7526 62.2188
93.7974 59.6976
17.5745 4.9304
14.5449 39.1942
21.6577 87.9363
41.1019 68.2442
75.2627 91.8772
84.3781 47.4526
67.9743 47.3974
10.2971 40.6068
79.6886 92.5304
91.0227 54.9891
93.9064 51.3433
10.1545 4.3998
38.0376 81.1589
60.1108 54.1768
10.1824 82.7029
11.1151 0.5398
98.9563 3.8647
49.6031 5.5955
81.9474 20.4284
8.3982 50.3550
96.9553 70.0516
78.3535 36.8070
1.9535 58.8150
37.8923 99.7314
91.8613 9.8167
30.2425 12.2545
27.6822 76.3089
71.9251 7.3625
55.6164 41.6218
29.7840 28.8640
23.0859 57.4440
67.3357 82.0883
28.9336 50.7746
93.6389 2.3683
30.8339 17.4901
54.7544 83.4863
95.3202 85.6133
