100
0 1 60.89527
0 2 79.96262
0 3 56.27752
0 4 102.63849
0 5 92.81515
0 6 73.87469
0 7 66.30111
0 8 74.10812
0 9 74.39766
0 10 10.22893
0 11 75.58487
0 12 45.78780
0 13 61.67272
0 14 66.54134
0 15 83.27600
0 16 78.52628
0 17 20.65011
0 18 31.28440
0 19 78.87377
0 20 43.27539
0 21 45.73547
0 22 80.51571
0 23 61.76945
0 24 24.78107
0 25 62.55911
0 26 13.28040
0 27 103.53525
0 28 67.19545
0 29 48.71772
0 30 84.14970
0 31 68.10727
0 32 54.31901
0 33 73.94547
0 34 92.12740
0 35 41.21172
0 36 59.92401
0 37 86.38383
0 38 44.40813
0 39 74.69315
0 40 87.29310
0 41 43.30835
0 42 74.22667
0 43 83.35963
0 44 34.66746
0 45 4.47497
0 46 88.07959
0 47 41.41766
0 48 7.91242
0 49 39.11038
0 50 70.84001
0 51 80.60445
0 52 59.25470
0 53 81.17558
0 54 65.35242
0 55 47.26707
0 56 67.55215
0 57 39.81458
0 58 63.99905
0 59 46.58406
0 60 100.99997
0 61 42.75928
0 62 70.84545
0 63 23.87135
0 64 68.77722
0 65 22.78852
0 66 44.65405
0 67 78.00595
0 68 33.20055
0 69 81.90724
0 70 40.44619
0 71 33.82433
0 72 82.12459
0 73 62.27197
0 74 43.54774
0 75 88.08319
0 76 51.11369
0 77 23.09484
0 78 8.26880
0 79 62.06524
0 80 73.82539
0 81 77.87018
0 82 55.16834
0 83 100.08624
0 84 13.84581
0 85 29.20886
0 86 17.61175
0 87 67.30926
0 88 15.41081
0 89 70.66019
0 90 72.74896
0 91 83.78117
0 92 74.20538
0 93 16.19374
0 94 34.38533
0 95 7.49485
0 96 20.46380
0 97 95.37163
0 98 65.08042
0 99 9.50322
1 2 83.12209
1 3 22.11952
1 4 62.64041
1 5 55.63543
1 6 26.44736
1 7 69.00037
1 8 89.27284
1 9 67.58996
1 10 51.36892
1 11 68.65539
1 12 18.64805
1 13 66.45090
1 14 36.88411
1 15 29.47040
1 16 18.58801
1 17 40.41973
1 18 66.76262
1 19 43.62225
1 20 37.45097
1 21 26.80263
1 22 19.62171
1 23 6.68280
1 24 43.26215
1 25 77.12625
1 26 67.46057
1 27 53.75843
1 28 27.27604
1 29 32.88517
1 30 44.26973
1 31 23.13922
1 32 16.23296
1 33 26.21401
1 34 46.24005
1 35 67.39557
1 36 74.54614
1 37 97.64590
1 38 33.85260
1 39 30.37478
1 40 46.52220
1 41 17.60179
1 42 70.14642
1 43 73.15134
1 44 38.98544
1 45 63.99470
1 46 34.07250
1 47 61.34369
1 48 53.08153
1 49 68.64073
1 50 37.58957
1 51 86.73236
1 52 11.03229
1 53 21.35193
1 54 73.68218
1 55 15.30271
1 56 9.53242
1 57 26.85698
1 58 64.03094
1 59 43.78386
1 60 69.00162
1 61 18.13600
1 62 89.57024
1 63 52.95662
1 64 16.52493
1 65 64.21796
1 66 19.43860
1 67 18.20787
1 68 40.08003
1 69 37.98323
1 70 50.10750
1 71 33.39380
1 72 26.32013
1 73 81.90652
1 74 20.80093
1 75 30.88297
1 76 65.65673
1 77 47.95261
1 78 53.71267
1 79 53.66706
1 80 12.95143
1 81 30.72920
1 82 25.31798
1 83 52.08613
1 84 69.09229
1 85 40.16272
1 86 76.84137
1 87 71.37212
1 88 63.06160
1 89 90.12686
1 90 35.56123
1 91 95.92773
1 92 76.43263
1 93 44.71949
1 94 26.63778
1 95 53.42256
1 96 80.28739
1 97 45.91741
1 98 12.72628
1 99 64.86382
2 3 61.02421
2 4 61.10463
2 5 54.18582
2 6 109.47239
2 7 15.24030
2 8 16.25235
2 9 16.95750
2 10 74.00327
2 11 16.33494
2 12 68.67768
2 13 19.36919
2 14 48.87837
2 15 75.92106
2 16 97.29884
2 17 73.58021
2 18 50.55518
2 19 51.11187
2 20 49.82780
2 21 58.89021
2 22 92.82469
2 23 77.34914
2 24 61.38258
2 25 19.13746
2 26 93.19633
2 27 76.38857
2 28 108.67114
2 29 102.84537
2 30 56.73752
2 31 64.87004
2 32 93.22718
2 33 66.90929
2 34 66.19042
2 35 39.83479
2 36 21.04716
2 37 16.10458
2 38 100.35576
2 39 62.73768
2 40 58.16033
2 41 76.85612
2 42 13.67668
2 43 17.91670
2 44 54.90327
2 45 84.09425
2 46 77.58704
2 47 38.54505
2 48 76.61942
2 49 42.71102
2 50 50.85135
2 51 4.63898
2 52 92.02523
2 53 99.54988
2 54 14.62135
2 55 72.43019
2 56 79.69404
2 57 63.30199
2 58 19.68494
2 59 42.66236
2 60 49.54932
2 61 77.31609
2 62 21.01976
2 63 56.74913
2 64 99.63046
2 65 58.55017
2 66 68.71045
2 67 85.68599
2 68 55.29058
2 69 121.00694
2 70 42.55943
2 71 61.47499
2 72 78.88809
2 73 23.42821
2 74 86.72435
2 75 83.53506
2 76 28.85089
2 77 92.81817
2 78 74.14594
2 79 29.45522
2 80 89.98336
2 81 66.00937
2 82 57.80497
2 83 72.02262
2 84 71.92205
2 85 91.90823
2 86 93.71882
2 87 13.38906
2 88 65.70273
2 89 22.05320
2 90 54.75162
2 91 15.51527
2 92 6.85898
2 93 75.55876
2 94 74.03055
2 95 77.30949
2 96 94.57142
2 97 72.56293
2 98 73.55716
2 99 72.91810
3 4 49.48181
3 5 40.55617
3 6 48.54485
3 7 47.09017
3 8 67.81307
3 9 45.51646
3 10 46.05450
3 11 46.59968
3 12 13.39390
3 13 44.81053
3 14 16.38406
3 15 27.87922
3 16 37.43417
3 17 36.75493
3 18 51.68795
3 19 26.56350
3 20 19.07498
3 21 10.84645
3 22 34.58031
3 23 16.43993
3 24 32.86050
3 25 56.08183
3 26 66.42229
3 27 47.37491
3 28 48.54617
3 29 48.03175
3 30 29.98526
3 31 11.96127
3 32 34.33763
3 33 17.78234
3 34 36.40040
3 35 49.61665
3 36 53.66038
3 37 75.71552
3 38 47.16283
3 39 18.53444
3 40 32.97662
3 41 21.82924
3 42 48.03256
3 43 51.40231
3 44 24.59997
3 45 60.31967
3 46 32.43022
3 47 43.05902
3 48 48.59484
3 49 51.52403
3 50 18.75764
3 51 64.69016
3 52 31.69798
3 53 39.96235
3 54 52.07470
3 55 15.36228
3 56 19.82378
3 57 16.53281
3 58 42.09249
3 59 23.72999
3 60 52.25991
3 61 22.59718
3 62 68.50877
3 63 40.33547
3 64 38.64386
3 65 51.63741
3 66 14.30338
3 67 28.58728
3 68 26.12763
3 69 60.08597
3 70 31.79498
3 71 22.61849
3 72 27.81250
3 73 61.32848
3 74 31.69238
3 75 34.01068
3 76 45.51475
3 77 52.06768
3 78 48.06940
3 79 31.57686
3 80 30.15174
3 81 21.59330
3 82 3.36941
3 83 44.13523
3 84 60.22649
3 85 46.36408
3 86 73.78518
3 87 49.48741
3 88 52.92958
3 89 69.14021
3 90 18.67222
3 91 74.07333
3 92 54.36348
3 93 41.30162
3 94 25.87121
3 95 49.16644
3 96 76.74123
3 97 39.15172
3 98 14.01556
3 99 56.97399
4 5 9.94810
4 6 84.31661
4 7 57.33032
4 8 76.21375
4 9 46.70548
4 10 92.78718
4 11 46.60588
4 12 62.81757
4 13 59.33255
4 14 36.13122
4 15 35.99097
4 16 64.93375
4 17 85.02097
4 18 87.03902
4 19 23.82018
4 20 59.47909
4 21 58.18833
4 22 57.82727
4 23 56.32070
4 24 77.86644
4 25 71.05564
4 26 114.19350
4 27 19.00580
4 28 88.33315
4 29 94.81293
4 30 19.51489
4 31 40.62324
4 32 78.72364
4 33 36.47764
4 34 17.22409
4 35 79.54160
4 36 70.42531
4 37 76.38292
4 38 94.88099
4 39 32.76772
4 40 16.64215
4 41 70.72097
4 42 49.99050
4 43 43.20825
4 44 68.01053
4 45 106.99836
4 46 33.46932
4 47 73.54207
4 48 95.58385
4 49 82.63446
4 50 31.98569
4 51 65.69403
4 52 73.56627
4 53 65.74941
4 54 63.91345
4 55 64.16838
4 56 53.70469
4 57 64.97550
4 58 54.33804
4 59 57.70010
4 60 13.58142
4 61 71.52083
4 62 79.95541
4 63 81.67005
4 64 75.37103
4 65 90.94730
4 66 63.76804
4 67 51.37576
4 68 69.51577
4 69 94.34251
4 70 66.29482
4 71 69.49993
4 72 40.23386
4 73 77.62350
4 74 79.70254
4 75 40.43167
4 76 68.88964
4 77 101.49512
4 78 94.43018
4 79 47.20352
4 80 59.75085
4 81 31.91162
4 82 49.17803
4 83 16.06382
4 84 102.81129
4 85 95.80772
4 86 120.16986
4 87 59.05840
4 88 95.02686
4 89 80.96208
4 90 30.89491
4 91 76.37959
4 92 58.07021
4 93 89.32692
4 94 75.31808
4 95 96.23721
4 96 122.67274
4 97 20.96322
4 98 50.09890
4 99 100.81491
5 6 78.86270
5 7 48.78507
5 8 68.58348
5 9 38.72735
5 10 83.01675
5 11 38.80605
5 12 53.94982
5 13 50.41103
5 14 26.41798
5 15 31.71371
5 16 60.34154
5 17 75.46830
5 18 77.19640
5 19 14.24419
5 20 49.60336
5 21 48.73914
5 22 53.56633
5 23 49.09435
5 24 68.03500
5 25 62.46817
5 26 104.48719
5 27 22.36067
5 28 82.14604
5 29 87.05667
5 30 11.36884
5 31 32.82865
5 32 71.40418
5 33 29.54965
5 34 14.47587
5 35 69.89055
5 36 61.63328
5 37 69.94317
5 38 86.83692
5 39 25.26497
5 40 9.37161
5 41 62.15223
5 42 42.13641
5 43 36.62802
5 44 58.16202
5 45 97.19081
5 46 30.46440
5 47 63.80114
5 48 85.82885
5 49 72.94937
5 50 22.44948
5 51 58.82319
5 52 66.66329
5 53 61.52134
5 54 55.45164
5 55 55.59233
5 56 47.22410
5 57 55.58083
5 58 45.43216
5 59 47.75248
5 60 13.92517
5 61 62.94272
5 62 72.01633
5 63 71.72578
5 64 69.49846
5 65 81.01436
5 66 54.84999
5 67 46.61249
5 68 59.65645
5 69 89.40009
5 70 56.37134
5 71 59.85929
5 72 35.91978
5 73 69.05592
5 74 71.48666
5 75 37.59424
5 76 59.49278
5 77 92.31903
5 78 84.62546
5 79 37.65465
5 80 54.46341
5 81 25.36387
5 82 39.94855
5 83 18.14771
5 84 92.86457
5 85 86.90150
5 86 110.32122
5 87 50.67097
5 88 85.07999
5 89 72.99882
5 90 21.89278
5 91 69.66901
5 92 50.42897
5 93 79.71797
5 94 66.21963
5 95 86.48838
5 96 112.79430
5 97 20.36571
5 98 42.91796
5 99 90.88599
6 7 95.15835
6 8 114.96078
6 9 94.03678
6 10 66.27841
6 11 95.10271
6 12 42.38003
6 13 92.39369
6 14 63.05714
6 15 48.42714
6 16 20.29585
6 17 56.01894
6 18 87.95200
6 19 68.43253
6 20 62.28450
6 21 51.81702
6 22 27.55065
6 23 32.68734
6 24 63.22362
6 25 102.53202
6 26 76.08775
6 27 71.37870
6 28 8.41350
6 29 28.48518
6 30 67.79116
6 31 48.21493
6 32 20.30848
6 33 49.69425
6 34 67.12697
6 35 90.54889
6 36 99.84878
6 37 123.77268
6 38 32.29413
6 39 54.36979
6 40 69.49406
6 41 36.64763
6 42 96.57703
6 43 99.51508
6 44 61.82663
6 45 75.70403
6 46 51.71724
6 47 85.04670
6 48 67.00839
6 49 91.26936
6 50 63.29502
6 51 113.00141
6 52 18.17611
6 53 20.66072
6 54 99.56466
6 55 38.48939
6 56 32.26473
6 57 49.86525
6 58 90.22630
6 59 69.08868
6 60 92.69357
6 61 36.63158
6 62 114.90547
6 63 73.30795
6 64 9.97593
6 65 83.64987
6 66 42.76009
6 67 33.06764
6 68 62.56884
6 69 11.54162
6 70 74.25265
6 71 55.19972
6 72 44.25542
6 73 106.89638
6 74 31.10446
6 75 45.73268
6 76 90.52429
6 77 54.20696
6 78 68.55925
6 79 80.02592
6 80 24.56623
6 81 53.54640
6 82 51.69369
6 83 71.05727
6 84 85.08137
6 85 46.12660
6 86 86.61102
6 87 97.50113
6 88 80.62836
6 89 115.39383
6 90 60.76415
6 91 121.97537
6 92 102.74466
6 93 59.18453
6 94 44.32733
6 95 67.09175
6 96 90.27016
6 97 64.83630
6 98 37.79144
6 99 80.36797
7 8 21.71404
7 9 11.44548
7 10 59.65269
7 11 12.11327
7 12 53.80045
7 13 4.63014
7 14 36.91797
7 15 65.13864
7 16 84.10209
7 17 58.57954
7 18 38.75194
7 19 42.05198
7 20 34.66152
7 21 44.00138
7 22 80.17243
7 23 63.52811
7 24 46.47004
7 25 13.72562
7 26 79.58148
7 27 69.80437
7 28 93.97548
7 29 87.64153
7 30 48.37622
7 31 52.42090
7 32 78.36739
7 33 55.29053
7 34 58.48293
7 35 28.36323
7 36 13.32204
7 37 28.64581
7 38 85.12303
7 39 51.58086
7 40 50.43327
7 41 61.81029
7 42 9.26903
7 43 19.35499
7 44 39.69085
7 45 70.57330
7 46 67.49960
7 47 25.33975
7 48 62.35705
7 49 31.56470
7 50 39.76713
7 51 18.01859
7 52 77.46783
7 53 86.48036
7 54 6.69359
7 55 57.60528
7 56 66.37366
7 57 48.15974
7 58 5.01287
7 59 27.47598
7 60 48.19977
7 61 62.24749
7 62 23.96981
7 63 42.63361
7 64 85.42168
7 65 46.04014
7 66 53.77392
7 67 73.25512
7 68 40.11630
7 69 106.66006
7 70 27.58571
7 71 46.23537
7 72 67.62601
7 73 20.30074
7 74 71.59080
7 75 72.79956
7 76 16.22417
7 77 77.91153
7 78 59.98513
7 79 15.98235
7 80 76.75994
7 81 55.18256
7 82 43.77691
7 83 65.34424
7 84 59.59903
7 85 76.76429
7 86 81.04583
7 87 2.43211
7 88 52.79604
7 89 24.86615
7 90 43.82326
7 91 26.98923
7 92 8.49561
7 93 60.75298
7 94 58.79825
7 95 63.05979
7 96 82.24810
7 97 64.65936
7 98 60.25595
7 99 59.97704
8 9 29.89239
8 10 69.99773
8 11 29.77804
8 12 72.79161
8 13 23.05089
8 14 58.61005
8 15 86.84939
8 16 105.15705
8 17 71.99340
8 18 42.98155
8 19 63.39144
8 20 52.90158
8 21 63.16867
8 22 101.53880
8 23 84.19110
8 24 59.79782
8 25 12.90717
8 26 86.92395
8 27 90.35333
8 28 113.00644
8 29 104.33911
8 30 69.53501
8 31 73.96232
8 32 97.06875
8 33 76.98058
8 34 79.46099
8 35 32.95759
8 36 15.79251
8 37 12.37279
8 38 101.32163
8 39 73.29489
8 40 71.36942
8 41 80.01833
8 42 26.45462
8 43 33.54404
8 44 55.65321
8 45 77.83729
8 46 89.15445
8 47 34.48829
8 48 72.28890
8 49 35.02583
8 50 61.47216
8 51 12.61550
8 52 96.94874
8 53 107.60811
8 54 15.80602
8 55 76.68458
8 56 87.43124
8 57 66.11586
8 58 26.55357
8 59 45.91350
8 60 65.27505
8 61 80.33537
8 62 5.15186
8 63 52.87631
8 64 105.44919
8 65 51.48189
8 66 72.57147
8 67 94.72869
8 68 55.57849
8 69 126.34523
8 70 42.42305
8 71 62.66204
8 72 89.33163
8 73 11.92042
8 74 89.14347
8 75 94.51127
8 76 25.84506
8 77 90.31079
8 78 69.62664
8 79 37.56660
8 80 97.82850
8 81 76.88988
8 82 64.45033
8 83 85.91633
8 84 63.95261
8 85 90.86100
8 86 85.71153
8 87 19.33224
8 88 58.92508
8 89 6.09851
8 90 65.52475
8 91 9.72952
8 92 18.17297
8 93 73.01589
8 94 75.45277
8 95 72.92421
8 96 86.00144
8 97 85.74131
8 98 81.36501
8 99 65.91432
9 10 66.81068
9 11 1.25148
9 12 54.68085
9 13 14.99728
9 14 32.22852
9 15 58.96429
9 16 80.90905
9 17 64.08500
9 18 48.87341
9 19 34.25419
9 20 37.57666
9 21 45.12410
9 22 76.18489
9 23 61.53786
9 24 52.54339
9 25 24.79157
9 26 87.60034
9 27 60.47828
9 28 93.87076
9 29 89.99737
9 30 40.06418
9 31 48.26545
9 32 78.90572
9 33 50.04938
9 34 49.77290
9 35 38.91105
9 36 24.70994
9 37 33.00549
9 38 87.94563
9 39 45.81759
9 40 41.68921
9 41 63.31251
9 42 3.47601
9 43 8.98318
9 44 44.34072
9 45 78.79108
9 46 60.65873
9 47 34.91105
9 48 69.63151
9 49 42.17003
9 50 33.96023
9 51 21.40332
9 52 77.06033
9 53 83.08265
9 54 17.54087
9 55 58.23338
9 56 63.45936
9 57 50.47640
9 58 10.88996
9 59 30.94162
9 60 36.92334
9 61 63.86419
9 62 33.31752
9 63 50.52826
9 64 84.10329
9 65 55.55512
9 66 54.89258
9 67 68.98432
9 68 45.12484
9 69 105.57301
9 70 34.17241
9 71 50.09602
9 72 61.95514
9 73 31.23695
9 74 73.49041
9 75 66.57765
9 76 26.73067
9 77 83.50755
9 78 67.46335
9 79 14.99335
9 80 73.63609
9 81 49.05821
9 82 42.46461
9 83 56.04897
9 84 69.05149
9 85 81.31989
9 86 90.01659
9 87 12.66091
9 88 61.87117
9 89 34.31083
9 90 37.82567
9 91 32.15362
9 92 11.85125
9 93 66.87155
9 94 61.90611
9 95 70.34611
9 96 91.49334
9 97 56.10683
9 98 57.34944
9 99 68.91839
10 11 68.03059
10 12 35.67586
10 13 55.07904
10 14 56.65731
10 15 73.07630
10 16 69.34079
10 17 10.96425
10 18 28.86857
10 19 68.98300
10 20 33.69719
10 21 35.54978
10 22 70.94558
10 23 51.87020
10 24 15.22611
10 25 57.75740
10 26 21.66227
10 27 93.33771
10 28 60.18564
10 29 43.19545
10 30 74.13356
10 31 57.87837
10 32 46.23659
10 33 63.71654
10 34 81.97896
10 35 37.26283
10 36 54.97024
10 37 82.00120
10 38 39.04426
10 39 64.48779
10 40 77.27405
10 41 33.78079
10 42 66.98704
10 43 75.67949
10 44 25.06853
10 45 14.33146
10 46 77.87112
10 47 35.91197
10 48 2.89537
10 49 35.84785
10 50 60.89411
10 51 75.14433
10 52 50.65005
10 53 72.03290
10 54 59.56874
10 55 37.32672
10 56 57.65209
10 57 29.58566
10 58 56.82394
10 59 37.67621
10 60 91.62742
10 61 33.29332
10 62 67.29961
10 63 17.33299
10 64 60.39181
10 65 21.25530
10 66 34.54690
10 67 68.14359
10 68 23.68857
10 69 75.08214
10 70 32.64474
10 71 23.65913
10 72 71.98025
10 73 58.48481
10 74 35.33043
10 75 77.96829
10 76 45.47697
10 77 21.09034
10 78 2.35856
10 79 53.68850
10 80 64.32028
10 81 67.64776
10 82 44.98783
10 83 89.91671
10 84 18.80622
10 85 24.55243
10 86 27.76263
10 87 60.92753
10 88 15.54499
10 89 67.25882
10 90 62.68800
10 91 79.47221
10 92 67.86942
10 93 7.10125
10 94 24.73247
10 95 3.60343
10 96 30.68876
10 97 85.16313
10 98 54.98705
10 99 14.10121
11 12 55.86416
11 13 15.87196
11 14 33.12793
11 15 59.64216
11 16 81.84367
11 17 65.33391
11 18 49.89322
11 19 34.78358
11 20 38.82096
11 21 46.32413
11 22 77.05888
11 23 62.57401
11 24 53.78335
11 25 25.22104
11 26 88.79421
11 27 60.68288
11 28 94.99078
11 29 91.21130
11 30 40.49220
11 31 49.16267
11 32 80.06106
11 33 50.84289
11 34 50.10962
11 35 39.86328
11 36 25.27242
11 37 32.42863
11 38 89.17141
11 39 46.56662
11 40 42.03858
11 41 64.51082
11 42 3.38819
11 43 7.84413
11 44 45.59189
11 45 79.97379
11 46 61.25394
11 47 35.97075
11 48 70.84868
11 49 43.11657
11 50 34.74290
11 51 20.85106
11 52 78.17327
11 53 83.99972
11 54 17.97585
11 55 59.40462
11 56 64.43075
11 57 51.70332
11 58 11.94150
11 59 32.19266
11 60 36.54850
11 61 65.06575
11 62 33.35308
11 63 51.71400
11 64 85.16270
11 65 56.64201
11 66 56.08387
11 67 69.84069
11 68 46.37459
11 69 106.63637
11 70 35.38905
11 71 51.34505
11 72 62.68423
11 73 31.60297
11 74 74.69626
11 75 67.23960
11 76 27.66666
11 77 84.75720
11 78 68.67323
11 79 16.21684
11 80 74.58181
11 81 49.75993
11 82 43.56765
11 83 56.26569
11 84 70.15058
11 85 82.57026
11 86 91.15870
11 87 13.13369
11 88 62.99668
11 89 34.35737
11 90 38.57266
11 91 31.66533
11 92 11.63179
11 93 68.11406
11 94 63.14344
11 95 71.56311
11 96 92.61587
11 97 56.45959
11 98 58.32899
11 99 70.05633
12 13 50.62013
12 14 29.16209
12 15 37.68724
12 16 37.11318
12 17 25.33067
12 18 48.13888
12 19 39.93284
12 20 19.93565
12 21 9.79950
12 22 36.86816
12 23 16.83132
12 24 25.19228
12 25 60.23263
12 26 54.69340
12 27 59.48859
12 28 40.28207
12 29 35.85203
12 30 43.30452
12 31 23.56858
12 32 24.56771
12 33 29.20082
12 34 49.12782
12 35 48.92152
12 36 57.51786
12 37 82.13397
12 38 34.47831
12 39 31.10049
12 40 46.25202
12 41 8.94574
12 42 56.68076
12 43 61.65286
12 44 20.35193
12 45 49.48747
12 46 42.55196
12 47 43.04161
12 48 37.89252
12 49 50.05881
12 50 32.01364
12 51 71.81550
12 52 24.23481
12 53 39.87103
12 54 57.65141
12 55 3.89973
12 56 22.47659
12 57 8.21461
12 58 49.04110
12 59 26.88901
12 60 65.52233
12 61 9.63184
12 62 72.56541
12 63 34.55437
12 64 33.28583
12 65 45.93662
12 66 1.13819
12 67 32.96805
12 68 21.43198
12 69 53.63296
12 70 31.99568
12 71 14.91524
12 72 36.34559
12 73 64.51635
12 74 19.21762
12 75 42.29776
12 76 48.14466
12 77 38.93445
12 78 37.89966
12 79 39.82324
12 80 30.77042
12 81 33.58858
12 82 14.53495
12 83 56.58321
12 84 52.03712
12 85 32.99239
12 86 62.87036
12 87 56.04431
12 88 45.45641
12 89 73.03734
12 90 32.06271
12 91 80.19529
12 92 61.83116
12 93 29.94079
12 94 12.86775
12 95 38.37489
12 96 66.05306
12 97 51.19667
12 98 19.31289
12 99 48.16583
13 14 36.05795
13 15 64.50736
13 16 82.11323
13 17 54.22824
13 18 34.30762
13 19 42.47469
13 20 31.11005
13 21 40.85299
13 22 78.51113
13 23 61.22127
13 24 42.06152
13 25 12.64455
13 26 74.95312
13 27 70.79767
13 28 90.89078
13 29 83.88630
13 30 48.96575
13 31 51.05393
13 32 75.14252
13 33 54.34129
13 34 59.18497
13 35 24.06038
13 36 11.29662
13 37 31.51391
13 38 81.25947
13 39 50.90433
13 40 51.23271
13 41 58.38590
13 42 13.42964
13 43 23.46571
13 44 35.60857
13 45 65.94328
13 46 67.16174
13 47 20.75252
13 48 57.77123
13 49 27.29721
13 50 39.31306
13 51 21.61420
13 52 74.53925
13 53 84.55865
13 54 7.26517
13 55 54.47104
13 56 64.38419
13 57 44.60618
13 58 4.99458
13 59 23.91992
13 60 50.96718
13 61 58.78780
13 62 24.36198
13 63 38.02225
13 64 82.75743
13 65 41.47782
13 66 50.52104
13 67 71.74737
13 68 35.94863
13 69 103.85174
13 70 23.20450
13 71 42.28850
13 72 66.74947
13 73 19.07741
13 74 68.00638
13 75 72.13529
13 76 11.85621
13 77 73.50851
13 78 55.38595
13 79 14.99053
13 80 74.78222
13 81 54.62339
13 82 41.45535
13 83 66.34383
13 84 55.03829
13 85 72.54358
13 86 76.44272
13 87 5.98302
13 88 48.19076
13 89 25.14306
13 90 43.37080
13 91 29.60624
13 92 12.85683
13 93 56.29990
13 94 54.95869
13 95 58.47249
13 96 77.67112
13 97 65.22539
13 98 58.31445
13 99 55.36546
14 15 28.47061
14 16 48.74646
14 17 49.09242
14 18 54.00541
14 19 12.33261
14 20 23.60857
14 21 22.57077
14 22 43.96897
14 23 30.39759
14 24 41.79588
14 25 48.54338
14 26 78.07948
14 27 39.45493
14 28 64.03926
14 29 64.40463
14 30 17.97425
14 31 16.03710
14 32 50.50317
14 33 18.37264
14 34 27.29407
14 35 48.70667
14 36 46.67314
14 37 64.53756
14 38 63.44129
14 39 14.87706
14 40 21.08603
14 41 37.95484
14 42 35.26092
14 43 36.60820
14 44 31.99466
14 45 70.88466
14 46 31.38613
14 47 42.07837
14 48 59.45268
14 49 51.36582
14 50 4.54610
14 51 53.03472
14 52 47.29796
14 53 50.87598
14 54 42.99864
14 55 31.62593
14 56 31.51818
14 57 29.45575
14 58 32.06501
14 59 23.32214
14 60 36.62443
14 61 38.69407
14 62 60.39718
14 63 46.35561
14 64 53.08591
14 65 56.47748
14 66 29.88653
14 67 36.80774
14 68 33.52816
14 69 74.49225
14 70 32.54880
14 71 33.44580
14 72 30.73274
14 73 54.66117
14 74 47.99401
14 75 36.08236
14 76 40.88928
14 77 66.38177
14 78 58.31698
14 79 21.10929
14 80 41.51992
14 81 18.67246
14 82 14.62720
14 83 35.37319
14 84 67.47686
14 85 61.48705
14 86 84.10344
14 87 39.32918
14 88 59.73739
14 89 61.19517
14 90 7.95507
14 91 63.28545
14 92 42.73594
14 93 53.30985
14 94 40.58876
14 95 60.10652
14 96 86.67461
14 97 32.19400
14 98 25.51359
14 99 65.13338
15 16 28.96694
15 17 62.99409
15 18 78.88787
15 19 25.53347
15 20 46.13725
15 21 38.69106
15 22 21.96286
15 23 24.43772
15 24 60.63304
15 25 77.01386
15 26 92.34261
15 27 24.33018
15 28 52.95495
15 29 62.31834
15 30 21.92400
15 31 16.13448
15 32 45.54494
15 33 10.84196
15 34 18.76689
15 35 75.43275
15 36 75.12772
15 37 91.92149
15 38 63.29720
15 39 13.60306
15 40 22.60010
15 41 42.80695
15 42 62.28208
15 43 61.09647
15 44 52.44433
15 45 87.09578
15 46 4.90089
15 47 68.73074
15 48 75.42910
15 49 77.74098
15 50 25.38410
15 51 80.31726
15 52 39.59549
15 53 29.92534
15 54 71.37276
15 55 37.06650
15 56 19.93800
15 57 43.64529
15 58 60.38811
15 59 49.01320
15 60 45.59507
15 61 43.57724
15 62 88.81456
15 63 68.17732
15 64 39.81150
15 65 79.40891
15 66 38.82396
15 67 15.39484
15 68 53.98512
15 69 58.35306
15 70 58.02045
15 71 50.21168
15 72 4.26051
15 73 83.11397
15 74 49.43134
15 75 7.66459
15 76 68.91152
15 77 75.17235
15 78 75.21552
15 79 49.52837
15 80 23.91708
15 81 9.97149
15 82 30.09173
15 83 23.05309
15 84 88.04573
15 85 68.03278
15 86 100.51671
15 87 67.51814
15 88 80.79986
15 89 89.62704
15 90 21.34619
15 91 90.90018
15 92 70.26487
15 93 67.60820
15 94 50.19787
15 95 75.94198
15 96 103.64932
15 97 16.77879
15 98 19.09881
15 99 84.66930
16 17 58.38366
16 18 85.24746
16 19 51.51280
16 20 54.98027
16 21 44.48851
16 22 7.29853
16 23 21.47934
16 24 61.84554
16 25 93.51599
16 26 83.88814
16 27 51.18121
16 28 26.59381
16 29 42.01038
16 30 49.73441
16 31 32.77960
16 32 26.72503
16 33 32.51177
16 34 47.71694
16 35 85.41884
16 36 91.08480
16 37 112.54734
16 38 44.59967
16 39 37.28620
16 40 51.02181
16 41 35.69001
16 42 83.82687
16 43 85.13076
16 44 57.34395
16 45 81.32549
16 46 31.78536
16 47 79.18722
16 48 70.85060
16 49 86.82771
16 50 47.85223
16 51 101.25333
16 52 20.36844
16 53 2.76408
16 54 89.37457
16 55 33.88267
16 56 17.73588
16 57 45.32331
16 58 79.08986
16 59 60.76420
16 60 74.26651
16 61 36.10879
16 62 105.94132
16 63 71.53780
16 64 14.15380
16 65 82.80578
16 66 37.95877
16 67 13.72906
16 68 58.50122
16 69 29.43973
16 70 67.85129
16 71 51.95031
16 72 24.71069
16 73 98.70770
16 74 35.89842
16 75 25.52141
16 76 82.72021
16 77 63.09668
16 78 71.69795
16 79 68.23643
16 80 7.34217
16 81 35.60903
16 82 40.80261
16 83 51.06208
16 84 87.40133
16 85 54.89077
16 86 93.74437
16 87 86.52572
16 88 81.54506
16 89 106.57438
16 90 44.64136
16 91 111.05141
16 92 90.87928
16 93 62.49285
16 94 44.75358
16 95 71.13349
16 96 97.28653
16 97 44.90817
16 98 23.84628
16 99 83.07028
17 18 34.51657
17 19 61.25185
17 20 27.84001
17 21 26.88588
17 22 60.01175
17 23 41.11941
17 24 12.28809
17 25 59.24027
17 26 29.66988
17 27 84.10115
17 28 50.38377
17 29 35.04547
17 30 65.90686
17 31 48.27992
17 32 35.79239
17 33 54.07429
17 34 73.10362
17 35 40.69577
17 36 56.35533
17 37 83.45415
17 38 31.22725
17 39 55.28747
17 40 69.01577
17 41 22.82378
17 42 64.82219
17 43 72.63514
17 44 19.87127
17 45 24.17988
17 46 67.84271
17 47 37.56579
17 48 12.74881
17 49 40.11141
17 50 53.05199
17 51 75.36867
17 52 39.88642
17 53 61.08002
17 54 59.72650
17 55 26.62748
17 56 46.90205
17 57 20.29725
17 58 55.02243
17 59 33.39414
17 60 85.13480
17 61 22.33001
17 62 69.99843
17 63 20.23669
17 64 49.70109
17 65 28.48540
17 66 24.19249
17 67 57.35922
17 68 18.96998
17 69 65.30767
17 70 31.02390
17 71 15.75417
17 72 61.65511
17 73 61.14260
17 74 24.91776
17 75 67.55325
17 76 46.36917
17 77 19.43697
17 78 13.31830
17 79 49.87593
17 80 53.37075
17 81 58.21671
17 82 36.18364
17 83 80.88808
17 84 29.34461
17 85 18.88659
17 86 37.53987
17 87 60.20980
17 88 24.64015
17 89 70.11852
17 90 54.36347
17 91 81.05423
17 92 67.04539
17 93 4.61453
17 94 13.79688
17 95 13.16201
17 96 40.74214
17 97 75.84976
17 98 44.54023
17 99 24.81484
18 19 65.15198
18 20 32.78314
18 21 41.75201
18 22 84.50922
18 23 64.39255
18 24 24.77099
18 25 32.07494
18 26 43.94876
18 27 93.44563
18 28 83.45962
18 29 69.53593
18 30 71.54165
18 31 62.80513
18 32 67.81820
18 33 68.12988
18 34 81.26517
18 35 10.72061
18 36 29.68618
18 37 55.32378
18 38 65.74347
18 39 66.82089
18 40 74.50558
18 41 51.50611
18 42 47.71436
18 43 57.65923
18 44 28.01823
18 45 34.88121
18 46 83.00534
18 47 14.14760
18 48 30.64572
18 49 8.02202
18 50 58.51021
18 51 50.49936
18 52 70.28052
18 53 88.00266
18 54 36.11439
18 55 51.51620
18 56 69.57340
18 57 39.92547
18 58 37.98688
18 59 30.71272
18 60 81.72731
18 61 51.42683
18 62 39.57389
18 63 14.75637
18 64 80.08778
18 65 8.51802
18 66 47.32402
18 67 79.56770
18 68 26.77509
18 69 98.20003
18 70 21.45884
18 71 33.44100
18 72 79.36807
18 73 31.08464
18 74 57.59657
18 75 85.53927
18 76 22.53339
18 77 49.95277
18 78 27.91646
18 79 40.52077
18 80 78.74961
18 81 70.65093
18 82 48.99514
18 83 89.30308
18 84 21.39852
18 85 52.54804
18 86 43.25554
18 87 39.11116
18 88 15.96301
18 89 39.37713
18 90 61.77867
18 91 52.69726
18 92 45.61819
18 93 33.75066
18 94 43.69539
18 95 31.19312
18 96 44.01676
18 97 86.14036
18 98 64.81304
18 99 22.94365
19 20 35.85822
19 21 34.49566
19 22 45.48870
19 23 36.94518
19 24 54.12388
19 25 55.08367
19 26 90.37333
19 27 28.87385
19 28 70.74762
19 29 73.86504
19 30 6.62317
19 31 20.49911
19 32 58.77973
19 33 19.02624
19 34 16.86283
19 35 58.86900
19 36 53.69674
19 37 67.21155
19 38 73.37497
19 39 14.24712
19 40 9.38585
19 41 48.33267
19 42 37.68558
19 43 35.61177
19 44 44.30633
19 45 83.21677
19 46 26.57700
19 47 52.43887
19 48 71.77254
19 49 61.74345
19 50 8.20750
19 51 55.63124
19 52 54.58633
19 53 53.16908
19 54 48.64992
19 55 41.79976
19 56 36.17994
19 57 41.33703
19 58 37.78726
19 59 34.83935
19 60 25.88111
19 61 49.11208
19 62 66.01682
19 63 58.41788
19 64 58.68286
19 65 68.22472
19 66 40.79575
19 67 38.16063
19 68 45.83155
19 69 79.48050
19 70 43.85333
19 71 45.68732
19 72 29.09487
19 73 61.55185
19 74 57.93230
19 75 32.90553
19 76 49.65595
19 77 78.10504
19 78 70.64928
19 79 28.00170
19 80 44.85557
19 81 16.26337
19 82 25.75777
19 83 24.52219
19 84 79.57470
19 85 72.80020
19 86 96.43306
19 87 44.28289
19 88 71.81031
19 89 66.91803
19 90 8.22274
19 91 66.40780
19 92 45.94378
19 93 65.52841
19 94 52.04677
19 95 72.42374
19 96 98.99138
19 97 22.75947
19 98 31.03109
19 99 77.35132
20 21 10.65109
20 22 53.07888
20 23 33.51213
20 24 18.52437
20 25 40.29938
20 26 55.34344
20 27 62.35698
20 28 60.10563
20 29 53.03378
20 30 41.54111
20 31 30.03046
20 32 44.19818
20 33 35.43346
20 34 50.39272
20 35 30.70166
20 36 37.58250
20 37 62.54473
20 38 50.66747
20 39 34.50186
20 40 44.66940
20 41 27.29136
20 42 38.93998
20 43 45.64170
20 44 8.63267
20 45 47.68735
20 46 50.34329
20 47 24.27977
20 48 36.56483
20 49 32.48581
20 50 28.07461
20 51 52.61306
20 52 44.16384
20 53 57.65192
20 54 37.96329
20 55 23.83537
20 56 38.05964
20 57 13.50699
20 58 30.18641
20 59 7.19739
20 60 57.94734
20 61 27.68084
20 62 52.63214
20 63 22.95276
20 64 53.02618
20 65 33.65106
20 66 19.67383
20 67 47.49460
20 68 10.07487
20 69 73.56719
20 70 12.92237
20 71 12.67477
20 72 46.59549
20 73 44.64657
20 74 36.93422
20 75 52.76016
20 76 28.30149
20 77 46.83147
20 78 35.15671
20 79 22.73799
20 80 47.96607
20 81 38.23141
20 82 16.23493
20 83 58.49835
20 84 43.95537
20 85 43.89751
20 86 60.72873
20 87 36.77592
20 88 36.26146
20 89 53.11091
20 90 30.59210
20 91 60.51982
20 92 42.98031
20 93 31.46863
20 94 24.41825
20 95 37.24981
20 96 63.19429
20 97 54.59397
20 98 32.73497
20 99 41.52541
21 22 42.96617
21 23 23.08966
21 24 22.01903
21 25 50.71933
21 26 56.37357
21 27 57.80161
21 28 50.03820
21 29 44.96233
21 30 39.02099
21 31 22.80054
21 32 34.36721
21 33 28.60532
21 34 46.45512
21 35 40.95162
21 36 48.05292
21 37 72.36328
21 38 43.17221
21 39 28.97675
21 40 42.13112
21 41 18.18948
21 42 47.01623
21 43 52.37073
21 44 14.02145
21 45 49.87162
21 46 43.27206
21 47 34.70249
21 48 38.17940
21 49 42.48031
21 50 26.28976
21 51 62.01604
21 52 33.78169
21 53 47.18484
21 54 47.91921
21 55 13.62078
21 56 27.94651
21 57 6.88531
21 58 39.24460
21 59 17.27179
21 60 59.12096
21 61 18.74243
21 62 63.11096
21 63 29.68143
21 64 42.44809
21 65 41.07266
21 66 9.83665
21 67 37.81676
21 68 15.49057
21 69 63.17716
21 70 23.38433
21 71 11.92092
21 72 38.42083
21 73 55.23807
21 74 28.38633
21 75 44.61355
21 76 38.92141
21 77 43.82015
21 78 37.48587
21 79 30.18752
21 80 37.58117
21 81 32.26104
21 82 9.43907
21 83 54.36954
21 84 49.38150
21 85 39.20474
21 86 63.31212
21 87 46.24870
21 88 42.11008
21 89 63.61867
21 90 27.47806
21 91 70.44537
21 92 52.04077
21 93 31.29310
21 94 18.33046
21 95 38.78010
21 96 66.18371
21 97 49.65612
21 98 23.06548
21 99 46.14175
22 23 20.15197
22 24 62.04155
22 25 90.29182
22 26 86.86974
22 27 43.88322
22 28 33.50590
22 29 47.52226
22 30 43.21644
22 31 27.95467
22 32 31.37917
22 33 26.72063
22 34 40.63642
22 35 83.76998
22 36 87.98090
22 37 108.34482
22 38 49.71926
22 39 31.41832
22 40 44.31296
22 41 37.21294
22 42 79.22807
22 43 79.87342
22 44 56.49370
22 45 83.60518
22 46 24.54923
22 47 77.34693
22 48 72.69449
22 49 85.42035
22 50 42.56657
22 51 96.91745
22 52 24.79778
22 53 7.96434
22 54 85.73392
22 55 34.15309
22 56 15.03293
22 57 44.89929
22 58 75.18140
22 59 58.29418
22 60 67.48183
22 61 37.75679
22 62 102.63658
22 63 71.36956
22 64 20.60607
22 65 82.78563
22 66 37.84545
22 67 7.34830
22 68 57.77762
22 69 36.66214
22 70 65.99612
22 71 51.75249
22 72 17.70658
22 73 95.75436
22 74 39.31654
22 75 18.22303
22 76 80.08108
22 77 66.75926
22 78 73.28285
22 79 64.20158
22 80 6.77993
22 81 29.32641
22 82 37.88086
22 83 43.78808
22 84 88.45205
22 85 58.70278
22 86 96.39062
22 87 82.60443
22 88 82.17925
22 89 103.31998
22 90 39.09606
22 91 106.97111
22 92 86.57135
22 93 64.33598
22 94 46.21712
22 95 73.04043
22 96 99.85807
22 97 37.65479
22 98 20.56584
22 99 84.31498
23 24 42.01701
23 25 72.30671
23 26 69.46252
23 27 48.40671
23 28 33.93416
23 29 38.67785
23 30 37.72571
23 31 16.47543
23 32 22.40567
23 33 19.84334
23 34 40.20308
23 35 64.03998
23 36 69.81541
23 37 92.14659
23 38 39.21170
23 39 23.83346
23 40 40.05618
23 41 19.09001
23 42 64.19697
23 43 66.83198
23 44 36.37489
23 45 65.18995
23 46 29.24488
23 47 57.75033
23 48 53.86408
23 49 65.54651
23 50 30.94689
23 51 81.07928
23 52 17.66010
23 53 24.14030
23 54 68.48211
23 55 14.54990
23 56 5.78369
23 57 24.76342
23 58 58.52816
23 59 39.32458
23 60 62.38177
23 61 19.79857
23 62 84.75363
23 63 51.23462
23 64 22.71141
23 65 62.66445
23 66 17.85850
23 67 16.28307
23 68 37.63942
23 69 44.16837
23 70 46.40243
23 71 31.64197
23 72 21.87060
23 73 77.35786
23 74 24.99632
23 75 27.17898
23 76 61.28964
23 77 51.11670
23 78 54.16198
23 79 47.94180
23 80 14.49177
23 81 24.44929
23 82 19.77443
23 83 46.42719
23 84 68.77893
23 85 43.74010
23 86 78.35490
23 87 65.92677
23 88 62.28099
23 89 85.35638
23 90 28.87847
23 91 90.51278
23 92 70.73401
23 93 45.62599
23 94 27.48520
23 95 54.28015
23 96 81.68694
23 97 40.36998
23 98 6.22270
23 99 64.80367
24 25 47.00349
24 26 36.88765
24 27 79.45280
24 28 58.70820
24 29 45.75894
24 30 59.51285
24 31 44.81894
24 32 43.05179
24 33 50.62299
24 34 67.79933
24 35 29.19829
24 36 44.11409
24 37 71.18531
24 38 42.28566
24 39 50.79201
24 40 62.65680
24 41 27.00559
24 42 53.05328
24 43 61.26840
24 44 9.89662
24 45 29.17372
24 46 65.26283
24 47 25.48513
24 48 18.11324
24 49 29.07576
24 50 46.13698
24 51 63.10147
24 52 45.71508
24 53 64.60839
24 54 47.45098
24 55 28.01820
24 56 47.60852
24 57 17.45996
24 58 43.09398
24 59 22.59448
24 60 76.41358
24 61 26.85378
24 62 57.94739
24 63 10.08663
24 64 55.58652
24 65 20.98676
24 66 24.19721
24 67 58.04222
24 68 8.47201
24 69 73.42995
24 70 18.88557
24 71 10.56539
24 72 60.11629
24 73 49.11976
24 74 32.87082
24 75 66.26988
24 76 34.10499
24 77 31.44742
24 78 16.63250
24 79 38.85660
24 80 55.83034
24 81 54.19899
24 82 31.22362
24 83 75.83625
24 84 27.42266
24 85 31.07677
24 86 42.30991
24 87 48.03532
24 88 20.39920
24 89 58.10796
24 90 48.21123
24 91 68.79714
24 92 54.90538
24 93 14.36152
24 94 18.92690
24 95 18.81033
24 96 44.90018
24 97 71.41167
24 98 43.82214
24 99 24.13102
25 26 75.61385
25 27 83.25327
25 28 100.34956
25 29 91.43374
25 30 61.54468
25 31 63.19130
25 32 84.36735
25 33 66.72595
25 34 71.74076
25 35 21.48802
25 36 2.89487
25 37 24.30384
25 38 88.41603
25 39 63.41580
25 40 63.75111
25 41 67.26649
25 42 21.96386
25 43 31.46972
25 44 42.75863
25 45 66.48501
25 46 79.75406
25 47 21.92285
25 48 60.15987
25 49 24.07918
25 50 51.90963
25 51 18.46859
25 52 84.44796
25 53 96.03499
25 54 7.25144
25 55 64.13192
25 56 75.86275
25 57 53.37070
25 58 17.32949
25 59 33.45434
25 60 61.71462
25 61 67.56396
25 62 12.45069
25 63 40.48737
25 64 93.13283
25 65 40.37182
25 66 59.96418
25 67 83.69329
25 68 42.67222
25 69 113.85547
25 70 29.52415
25 71 49.77446
25 72 79.14448
25 73 6.58786
25 74 76.29201
25 75 84.61968
25 76 12.95397
25 77 77.76843
25 78 57.54568
25 79 27.57950
25 80 86.22642
25 81 67.16811
25 82 52.71362
25 83 78.79421
25 84 53.45137
25 85 78.08009
25 86 75.31935
25 87 12.13371
25 88 47.72112
25 89 13.05840
25 90 55.96111
25 91 21.84199
25 92 15.99117
25 93 60.42743
25 94 62.55887
25 95 60.81585
25 96 75.96492
25 97 77.81967
25 98 69.88285
25 99 54.87212
26 27 113.76942
26 28 68.58254
26 29 48.62392
26 30 95.31420
26 31 77.91836
26 32 58.00946
26 33 83.69321
26 34 102.74166
26 35 54.17519
26 36 73.02148
26 37 99.25092
26 38 44.38437
26 39 84.95605
26 40 98.44202
26 41 50.40424
26 42 87.47888
26 43 96.55015
26 44 46.72139
26 45 9.13011
26 46 97.22267
26 47 54.65811
26 48 18.78197
26 49 51.90411
26 50 82.22698
26 51 93.76046
26 52 63.76355
26 53 86.39237
26 54 78.57934
26 55 55.42108
26 56 75.15532
26 57 49.93309
26 58 77.25204
26 59 59.24076
26 60 113.28466
26 61 49.72942
26 62 83.47233
26 63 37.10296
26 64 72.58845
26 65 35.44208
26 66 53.56223
26 67 85.33295
26 68 45.35043
26 69 82.61883
26 70 53.54972
26 71 44.72830
26 72 90.73214
26 73 75.03327
26 74 47.99995
26 75 96.45623
26 76 64.34570
26 77 21.90710
26 78 20.44267
26 79 75.02340
26 80 80.09079
26 81 87.87527
26 82 65.75741
26 83 110.55097
26 84 24.00353
26 85 29.98111
26 86 10.68294
26 87 80.58437
26 88 27.99995
26 89 83.23129
26 90 83.79816
26 91 96.63126
26 92 87.47576
26 93 25.12908
26 94 42.21074
26 95 18.09392
26 96 14.33039
26 97 105.51427
26 98 73.55476
26 99 21.09813
27 28 76.66316
27 29 86.63232
27 30 22.25700
27 31 35.94279
27 32 69.87261
27 33 30.30547
27 34 12.18983
27 35 87.64473
27 36 82.09076
27 37 92.23934
27 38 87.52084
27 39 28.85925
27 40 19.64842
27 41 65.87401
27 42 63.93854
27 43 58.96270
27 44 70.14962
27 45 107.64275
27 46 20.05204
27 47 81.14364
27 48 95.92763
27 49 90.46001
27 50 34.93686
27 51 81.02713
27 52 63.90772
27 53 51.39693
27 54 76.49423
27 55 59.68409
27 56 44.23420
27 57 63.90571
27 58 65.94351
27 59 62.77704
27 60 32.37405
27 61 66.67005
27 62 93.50828
27 63 85.30945
27 64 63.46806
27 65 95.78726
27 66 60.58320
27 67 38.69093
27 68 71.73058
27 69 80.34228
27 70 71.99647
27 71 69.71994
27 72 27.93128
27 73 89.80535
27 74 73.31960
27 75 25.66070
27 76 78.50914
27 77 98.11798
27 78 95.28745
27 79 56.73616
27 80 47.44687
27 81 25.92934
27 82 48.37764
27 83 4.46045
27 84 106.21359
27 85 91.38571
27 86 121.09767
27 87 71.86624
27 88 98.58014
27 89 94.46179
27 90 31.84644
27 91 91.89736
27 92 72.30204
27 93 88.66494
27 94 72.34580
27 95 96.51065
27 96 123.98522
27 97 8.29237
27 98 42.61107
27 99 103.45542
28 29 20.38357
28 30 70.86569
28 31 50.25595
28 32 16.06366
28 33 52.61866
28 34 71.32445
28 35 86.92528
28 36 97.58710
28 37 122.40138
28 38 24.37556
28 39 57.09568
28 40 72.85033
28 41 33.24580
28 42 96.19163
28 43 99.94650
28 44 58.52416
28 45 68.73877
28 46 56.69651
28 47 81.78646
28 48 60.66284
28 49 87.37380
28 50 64.86551
28 51 111.96292
28 52 16.84820
28 53 27.55245
28 54 97.93344
28 55 36.42014
28 56 34.92499
28 57 47.04013
28 58 89.14472
28 59 67.15141
28 60 95.77706
28 61 33.05434
28 62 112.58334
28 63 68.71111
28 64 13.19570
28 65 78.56292
28 66 40.44571
28 67 37.97394
28 68 59.08282
28 69 14.92599
28 70 71.40208
28 71 51.63856
28 72 48.95213
28 73 104.31620
28 74 25.87713
28 75 51.25926
28 76 87.97303
28 77 46.67748
28 78 62.40345
28 79 79.40817
28 80 29.21919
28 81 56.82067
28 82 51.44963
28 83 75.93895
28 84 78.95599
28 85 38.77592
28 86 79.18483
28 87 96.25265
28 88 74.99633
28 89 113.00527
28 90 62.77078
28 91 120.47584
28 92 101.85879
28 93 53.15754
28 94 39.84765
28 95 60.68477
28 96 82.84872
28 97 69.66529
28 98 39.71657
28 99 74.18023
29 30 75.77957
29 31 54.28881
29 32 16.82728
29 33 58.42200
29 34 78.88093
29 35 74.95578
29 36 88.55616
29 37 114.92957
29 38 4.32582
29 39 62.07262
29 40 78.33490
29 41 26.93064
29 42 91.71229
29 43 97.32806
29 44 48.71769
29 45 49.67303
29 46 66.83235
29 47 70.85645
29 48 43.06254
29 49 74.74692
29 50 66.57385
29 51 105.49285
29 52 23.17592
29 53 43.85719
29 54 90.40074
29 55 32.86407
29 56 42.39904
29 57 39.64447
29 58 83.22016
29 59 60.18349
29 60 99.74204
29 61 26.29877
29 62 103.05914
29 63 55.03683
29 64 28.17811
29 65 63.38279
29 66 35.42492
29 67 49.48183
29 68 48.76231
29 69 33.99598
29 70 61.92330
29 71 41.76488
29 72 58.98853
29 73 94.36169
29 74 16.64059
29 75 62.95657
29 76 78.53863
29 77 26.85370
29 78 45.19276
29 79 75.01046
29 80 41.46285
29 81 63.07417
29 82 50.00119
29 83 84.95097
29 84 61.44421
29 85 19.53233
29 86 59.29086
29 87 89.68935
29 88 58.65211
29 89 103.31696
29 90 65.65337
29 91 112.73632
29 92 96.00547
29 93 36.62397
29 94 28.97604
29 95 42.94245
29 96 62.94850
29 97 78.79833
29 98 44.84559
29 99 56.61865
30 31 21.50299
30 32 60.04626
30 33 18.24716
30 34 10.25672
30 35 65.43471
30 36 60.21607
30 37 72.83369
30 38 75.65258
30 39 13.89668
30 40 3.14424
30 41 51.24182
30 42 43.52933
30 43 40.50453
30 44 49.81241
30 45 88.43549
30 46 21.91601
30 47 58.97405
30 48 76.87386
30 49 68.28550
30 50 13.46811
30 51 61.31269
30 52 55.29912
30 53 51.10553
30 54 55.01343
30 55 44.68347
30 56 35.94320
30 57 45.71563
30 58 44.22344
30 59 41.05701
30 60 24.93634
30 61 52.03974
30 62 72.30773
30 63 64.32983
30 64 58.31557
30 65 74.37306
30 66 44.25951
30 67 36.05917
30 68 51.36544
30 69 78.49582
30 70 50.16813
30 71 50.59753
30 72 25.91516
30 73 68.03958
30 74 60.36833
30 75 28.73610
30 76 56.27887
30 77 82.03492
30 78 75.89184
30 79 34.59717
30 80 43.55967
30 81 14.26140
30 82 29.83009
30 83 17.92460
30 84 85.44795
30 85 76.29334
30 86 101.75189
30 87 50.56227
30 88 77.71121
30 89 73.22396
30 90 11.54548
30 91 72.15430
30 92 51.86418
30 93 70.29549
30 94 55.84411
30 95 77.50716
30 96 104.40965
30 97 16.28753
30 98 31.55010
30 99 83.05705
31 32 38.60344
31 33 5.84122
31 34 25.72111
31 35 59.71870
31 36 61.05958
31 37 80.42301
31 38 54.25961
31 39 7.88851
31 40 24.05986
31 41 30.51855
31 42 51.28066
31 43 52.36815
31 44 36.37126
31 45 72.08888
31 46 20.53551
31 47 53.03720
31 48 60.36525
31 49 61.90928
31 50 15.22811
31 51 68.97222
31 52 34.13493
31 53 34.85888
31 54 58.19734
31 55 24.08670
31 56 16.02423
31 57 28.29328
31 58 47.46404
31 59 33.29151
31 60 45.94027
31 61 31.32384
31 62 75.36749
31 63 52.09032
31 64 38.35910
31 65 63.28756
31 66 24.65349
31 67 20.86937
31 68 37.92309
31 69 59.44738
31 70 42.12123
31 71 34.56074
31 72 16.74795
31 73 68.97878
31 74 39.11030
31 75 22.82674
31 76 54.01359
31 77 62.38488
31 78 59.93123
31 79 36.44227
31 80 25.62790
31 81 10.02172
31 82 13.96360
31 83 33.02643
31 84 72.16666
31 85 55.99373
31 86 85.55501
31 87 54.85095
31 88 64.82848
31 89 76.10501
31 90 12.56868
31 91 79.09114
31 92 58.63567
31 93 52.87077
31 94 36.43587
31 95 60.91918
31 96 88.56304
31 97 27.65599
31 98 10.54585
31 99 68.93518
32 33 42.24629
32 34 62.45507
32 35 70.93705
32 36 81.59057
32 37 106.65129
32 38 18.43139
32 39 46.18327
32 40 62.43951
32 41 17.18415
32 42 81.05536
32 43 85.43840
32 44 42.46670
32 45 56.52562
32 46 50.02201
32 47 65.73611
32 48 47.15453
32 49 71.46283
32 50 52.02910
32 51 96.38307
32 52 6.58687
32 53 28.96930
32 54 82.11890
32 55 20.79868
32 56 25.67277
32 57 31.01351
32 58 73.60517
32 59 51.30187
32 60 84.49976
32 61 16.99303
32 62 96.56631
32 63 53.11951
32 64 14.60565
32 65 63.35301
32 66 24.62172
32 67 32.74602
32 68 43.04545
32 69 30.43833
32 70 55.34426
32 71 35.60396
32 72 42.16835
32 73 88.26844
32 74 10.90813
32 75 46.16228
32 76 71.93555
32 77 36.67131
32 78 48.54920
32 79 64.20117
32 80 25.00561
32 81 46.83276
32 82 36.90992
32 83 68.29688
32 84 64.99962
32 85 28.40746
32 86 68.22084
32 87 80.60597
32 88 60.35867
32 89 96.97772
32 90 50.57674
32 91 104.67758
32 92 86.38583
32 93 39.13644
32 94 24.12500
32 95 47.29315
32 96 71.83789
32 97 62.10831
32 98 28.62835
32 99 60.33666
33 34 20.65595
33 35 64.59241
33 36 64.74044
33 37 82.72859
33 38 58.69699
33 39 4.77976
33 40 20.33353
33 41 35.73092
33 42 53.23520
33 43 53.23564
33 44 42.05850
33 45 77.91950
33 46 14.91525
33 47 57.89090
33 48 66.19721
33 49 66.90030
33 50 16.10235
33 51 71.17171
33 52 37.20511
33 53 34.24512
33 54 61.34271
33 55 29.43139
33 56 17.69652
33 57 34.13092
33 58 50.43133
33 59 38.17125
33 60 43.17094
33 61 36.53317
33 62 78.70136
33 63 57.74820
33 64 40.11653
33 65 68.87761
33 66 30.30347
33 67 19.37471
33 68 43.61967
33 69 60.58643
33 70 47.19009
33 71 40.39420
33 72 12.41858
33 73 72.71235
33 74 43.82650
33 75 18.09702
33 76 58.23205
33 77 67.84710
33 78 65.77191
33 79 39.45004
33 80 25.83848
33 81 4.68501
33 82 19.60573
33 83 27.59032
33 84 77.94255
33 85 61.26530
33 86 91.38471
33 87 57.70092
33 88 70.56951
33 89 79.48293
33 90 12.42154
33 91 81.55072
33 92 60.94500
33 93 58.67098
33 94 42.04701
33 95 66.74863
33 96 94.39968
33 97 22.01426
33 98 13.62250
33 99 74.74685
34 35 75.48306
34 36 70.44799
34 37 82.22819
34 38 79.29510
34 39 18.02749
34 40 8.09235
34 41 56.22350
34 42 53.24880
34 43 49.35538
34 44 58.34412
34 45 96.30911
34 46 16.50526
34 47 68.96749
34 48 84.63117
34 49 78.28408
34 50 22.76494
34 51 70.80428
34 52 56.99795
34 53 48.57512
34 54 65.14299
34 55 49.80781
34 56 37.02344
34 57 52.81212
34 58 54.41228
34 59 50.61269
34 60 27.70677
34 61 57.02845
34 62 82.36432
34 63 73.33544
34 64 58.28621
34 65 83.70317
34 66 50.17852
34 67 34.15368
34 68 59.92023
34 69 77.11904
34 70 59.82112
34 71 58.31984
34 72 23.01148
34 73 78.25136
34 74 64.48240
34 75 23.60876
34 76 66.50504
34 77 88.04293
34 78 83.86131
34 79 44.85351
34 80 42.56825
34 81 15.97524
34 82 37.02299
34 83 8.10947
34 84 94.32337
34 85 81.71456
34 86 109.72904
34 87 60.63136
34 88 86.65143
34 89 83.29295
34 90 19.80492
34 91 81.68136
34 92 61.61931
34 93 77.61393
34 94 61.96747
34 95 85.23459
34 96 112.53182
34 97 6.38160
34 98 34.05623
34 99 91.68376
35 36 19.01414
35 37 45.18348
35 38 71.46580
35 39 62.59936
35 40 68.24404
35 41 53.94198
35 42 37.48284
35 43 47.52411
35 44 28.76428
35 45 45.05315
35 46 79.17853
35 47 6.70387
35 48 39.43954
35 49 3.26883
35 50 53.03811
35 51 39.84325
35 52 72.47317
35 53 88.12565
35 54 25.41136
35 55 52.63448
35 56 68.74235
35 57 40.91361
35 58 28.11735
35 59 26.43976
35 60 73.15015
35 61 54.02192
35 62 30.04179
35 63 20.63389
35 64 81.98929
35 65 18.88643
35 66 48.30188
35 67 78.16018
35 68 27.98034
35 69 101.31603
35 70 17.82547
35 71 35.37654
35 72 76.46665
35 73 21.25830
35 74 61.44201
35 75 82.51304
35 76 12.20662
35 77 57.98060
35 78 36.75144
35 79 32.37069
35 80 78.53023
35 81 66.50129
35 82 46.55584
35 83 83.35588
35 84 32.10139
35 85 59.45473
35 86 53.93788
35 87 28.55781
35 88 26.23849
35 89 29.99685
35 90 56.65407
35 91 42.59097
35 92 34.95887
35 93 40.96205
35 94 47.26986
35 95 40.05840
35 96 54.73672
35 97 80.79294
35 98 63.42437
35 99 33.38421
36 37 27.15549
36 38 85.52916
36 39 61.54840
36 40 62.51432
36 41 64.47266
36 42 22.15386
36 43 31.97093
36 44 39.89422
36 45 63.89139
36 46 77.98449
36 47 19.09471
36 48 57.39553
36 49 21.74718
36 50 50.17622
36 51 20.82949
36 52 81.74478
36 53 93.62272
36 54 7.60467
36 55 61.41758
36 56 73.46777
36 57 50.58376
36 58 16.22041
36 59 30.80919
36 60 61.52085
36 61 64.76170
36 62 15.05824
36 63 37.67902
36 64 90.48956
36 65 37.88800
36 66 57.23099
36 67 81.45119
36 68 39.79387
36 69 111.14953
36 70 26.65748
36 71 46.91484
36 72 77.15463
36 73 7.98819
36 74 73.45143
36 75 82.70475
36 76 10.05979
36 77 74.91556
36 78 54.79364
36 79 25.91118
36 80 83.81209
36 81 65.33612
36 82 50.29638
36 83 77.63782
36 84 51.08450
36 85 75.19086
36 86 72.93878
36 87 12.18226
36 88 45.19232
36 89 15.58218
36 90 54.21039
36 91 24.71181
36 92 17.11009
36 93 57.56917
36 94 59.69353
36 95 58.05563
36 96 73.66673
36 97 76.45579
36 98 67.52142
36 99 52.36856
37 38 112.09611
37 39 78.64886
37 40 74.21889
37 41 89.83591
37 42 29.64432
37 43 33.34129
37 44 66.25528
37 45 90.15367
37 46 93.66328
37 47 46.22492
37 48 84.35672
37 49 47.34698
37 50 66.73692
37 51 11.60694
37 52 106.00469
37 53 114.87263
37 54 24.59990
37 55 85.98288
37 56 94.85001
37 57 75.99769
37 58 33.62719
37 59 55.38026
37 60 64.20276
37 61 90.21689
37 62 16.59128
37 63 64.76967
37 64 114.05823
37 65 63.81300
37 66 82.03116
37 67 101.28744
37 68 66.34316
37 69 135.26106
37 70 53.16506
37 71 73.16688
37 72 94.81135
37 73 24.29110
37 74 99.31835
37 75 99.55163
37 76 37.08515
37 77 102.07001
37 78 81.71707
37 79 44.31846
37 80 105.20932
37 81 81.98599
37 82 72.41246
37 83 87.90662
37 84 76.32538
37 85 102.24670
37 86 98.07911
37 87 26.27872
37 88 71.25131
37 89 17.18720
37 90 70.68124
37 91 2.65306
37 92 21.80162
37 93 84.72465
37 94 85.95491
37 95 85.00303
37 96 98.34496
37 97 88.60595
37 98 88.71647
37 99 78.26408
38 39 62.11720
38 40 78.30674
38 41 25.54940
38 42 89.53202
38 43 95.48647
38 44 45.84304
38 45 45.34731
38 46 67.92496
38 47 67.56958
38 48 38.83592
38 49 71.14646
38 50 65.86639
38 51 102.87249
38 52 24.99897
38 53 46.59925
38 54 87.64185
38 55 31.82112
38 56 43.37353
38 57 37.47000
38 58 80.80532
38 59 57.74821
38 60 99.24251
38 61 24.84684
38 62 99.89443
38 63 51.35343
38 64 31.10588
38 65 59.41857
38 66 33.93101
38 67 51.11811
38 68 45.78104
38 69 38.24418
38 70 58.97040
38 71 38.99048
38 72 60.15719
38 73 91.14858
38 74 15.47374
38 75 64.43461
38 76 75.48408
38 77 22.56701
38 78 41.00642
38 79 72.95461
38 80 43.42724
38 81 63.37671
38 82 48.88778
38 83 85.63769
38 84 57.19555
38 85 15.21207
38 86 55.04048
38 87 87.11669
38 88 54.53940
38 89 100.12299
38 90 65.20548
38 91 109.86061
38 92 93.53880
38 93 32.57507
38 94 26.32521
38 95 38.70057
38 96 58.70073
38 97 79.55809
38 98 45.26235
38 99 52.37123
39 40 16.27603
39 41 38.34764
39 42 49.06405
39 43 48.68669
39 44 41.76010
39 45 78.78656
39 46 16.67055
39 47 55.90249
39 48 67.06953
39 49 65.05837
39 50 11.91863
39 51 67.06272
39 52 41.40551
39 53 38.99711
39 54 57.78111
39 55 31.87283
39 56 22.23538
39 57 35.05486
39 58 46.80451
39 59 36.37486
39 60 38.69921
39 61 39.15280
39 62 75.21589
39 63 57.25835
39 64 44.72789
39 65 68.14927
39 66 32.15145
39 67 24.07038
39 68 43.34033
39 69 65.31683
39 70 45.56913
39 71 40.89711
39 72 16.16302
39 73 69.53613
39 74 46.99653
39 75 21.24047
39 76 55.53393
39 77 70.02094
39 78 66.45385
39 79 35.92671
39 80 30.61212
39 81 3.90686
39 82 19.58955
39 83 25.61708
39 84 77.85202
39 85 63.77010
39 86 92.24423
39 87 53.96979
39 88 70.33326
39 89 76.02605
39 90 7.99397
39 91 77.54730
39 92 56.91244
39 93 59.83601
39 94 43.94183
39 95 67.65161
39 96 95.15023
39 97 20.68039
39 98 17.65348
39 99 74.88887
40 41 54.08293
40 42 45.16478
40 43 41.50335
40 44 52.95293
40 45 91.57748
40 46 21.90006
40 47 61.82349
40 48 80.01226
40 49 71.12658
40 50 16.59485
40 51 62.76639
40 52 57.53010
40 53 52.25443
40 54 57.10272
40 55 47.53307
40 56 37.94700
40 57 48.80616
40 58 46.42272
40 59 44.08849
40 60 23.26726
40 61 54.88335
40 62 74.29138
40 63 67.43695
40 64 60.15343
40 65 77.43267
40 66 47.22145
40 67 37.29594
40 68 54.50500
40 69 80.03400
40 70 53.16600
40 71 53.73000
40 72 26.74714
40 73 70.27956
40 74 63.08408
40 75 28.92977
40 76 58.88436
40 77 85.04267
40 78 79.03482
40 79 37.08794
40 80 45.09406
40 81 16.03297
40 82 32.90800
40 83 15.23740
40 84 88.56287
40 85 79.22578
40 86 104.89567
40 87 52.56615
40 88 80.82161
40 89 75.22349
40 90 14.65369
40 91 73.63799
40 92 53.53307
40 93 73.41329
40 94 58.84690
40 95 80.64471
40 96 107.55381
40 97 14.42107
40 98 33.84596
40 99 86.18918
41 42 65.18905
41 43 70.45953
41 44 25.32551
41 45 46.48334
41 46 47.70150
41 47 48.60473
41 48 35.48188
41 49 54.62178
41 50 40.58595
41 51 79.81401
41 52 18.77525
41 53 38.41549
41 54 65.25008
41 55 6.56216
41 56 24.75261
41 57 13.90247
41 58 57.17234
41 59 34.46790
41 60 74.08685
41 61 0.80532
41 62 79.42017
41 63 37.04571
41 64 28.60034
41 65 47.89017
41 66 8.49822
41 67 34.97946
41 68 25.97436
41 69 47.39420
41 70 38.16104
41 71 18.56729
41 72 40.71404
41 73 71.09172
41 74 10.29008
41 75 46.22493
41 76 54.77054
41 77 32.37681
41 78 36.12877
41 79 48.37415
41 80 30.55019
41 81 40.33679
41 82 23.35927
41 83 63.31864
41 84 51.71318
41 85 25.53573
41 86 59.47548
41 87 63.98415
41 88 46.00410
41 89 79.82012
41 90 40.29232
41 91 87.80137
41 92 69.99734
41 93 27.12354
41 94 9.07517
41 95 35.82870
41 96 62.87024
41 97 57.62035
41 98 23.71094
41 99 47.38947
42 43 10.09076
42 44 45.25775
42 45 78.57698
42 46 64.04459
42 47 33.98351
42 48 69.77103
42 49 40.71138
42 50 37.17477
42 51 18.03765
42 52 79.42225
42 53 86.03798
42 54 14.74258
42 55 60.30786
42 56 66.29882
42 57 52.09106
42 58 10.22763
42 59 32.07355
42 60 39.88981
42 61 65.71348
42 62 29.97327
42 63 50.37836
42 64 86.67096
42 65 54.72293
42 66 56.83481
42 67 72.06192
42 68 45.93730
42 69 108.11836
42 70 34.38744
42 71 51.28034
42 72 65.21777
42 73 28.29181
42 74 75.29306
42 75 69.90846
42 76 25.28366
42 77 84.25859
42 78 67.52170
42 79 16.86173
42 80 76.53166
42 81 52.35587
42 82 44.90820
42 83 59.51206
42 84 68.27126
42 85 82.39542
42 86 89.48708
42 87 9.97192
42 88 61.25830
42 89 30.97560
42 90 41.08052
42 91 28.73168
42 92 8.37659
42 93 67.41402
42 94 63.35318
42 95 70.48270
42 96 90.83583
42 97 59.58197
42 98 60.17279
42 99 68.37804
43 44 52.80317
43 45 87.75894
43 46 62.10793
43 47 43.78730
43 48 78.51231
43 49 50.76292
43 50 37.32621
43 51 22.48799
43 52 83.09889
43 53 87.13272
43 54 24.41206
43 55 65.03382
43 56 68.11359
43 57 58.12048
43 58 19.76855
43 59 39.30247
43 60 31.74538
43 61 71.05672
43 62 37.78456
43 63 59.49392
43 64 89.54017
43 65 64.47605
43 66 61.97106
43 67 72.55498
43 68 53.66746
43 69 110.99862
43 70 43.06855
43 71 58.28011
43 72 64.48397
43 73 37.51186
43 74 80.72245
43 75 68.51666
43 76 35.31770
43 77 92.01755
43 78 76.37292
43 79 22.91474
43 80 77.99378
43 81 51.49414
43 82 48.58453
43 83 54.66694
43 84 77.99031
43 85 89.53050
43 86 98.99685
43 87 19.85601
43 88 70.84040
43 89 38.82244
43 90 40.81459
43 91 33.19815
43 92 16.02846
43 93 75.55356
43 94 69.72565
43 95 79.22754
43 96 100.45994
43 97 55.72953
43 98 62.12151
43 99 77.89649
44 45 39.06855
44 46 56.90554
44 47 23.27922
44 48 27.94018
44 49 29.74004
44 50 36.38573
44 51 57.16861
44 52 43.71952
44 53 60.08978
44 54 41.81690
44 55 23.95376
44 56 41.58167
44 57 12.20502
44 58 35.74019
44 59 13.52486
44 60 66.56347
44 61 25.47477
44 62 54.59721
44 63 15.73652
44 64 53.22987
44 65 27.06798
44 66 19.64578
44 67 51.67982
44 68 1.58238
44 69 72.70724
44 70 13.23716
44 71 7.03561
44 72 52.37060
44 73 46.06916
44 74 33.65516
44 75 58.56893
44 76 29.94009
44 77 39.21473
44 78 26.52838
44 79 30.00610
44 80 50.75431
44 81 45.32222
44 82 22.45350
44 83 66.42138
44 84 36.10520
44 85 37.18431
44 86 52.16105
44 87 41.54506
44 88 28.57841
44 89 54.92564
44 90 38.63082
44 91 64.03400
44 92 48.18129
44 93 23.15711
44 94 19.80026
44 95 28.62768
44 96 54.68523
44 97 62.21962
44 98 37.00001
44 99 33.34028
45 46 91.92335
45 47 45.56719
45 48 11.72614
45 49 42.81184
45 50 75.15930
45 51 84.63355
45 52 61.73756
45 53 83.93831
45 54 69.47472
45 55 50.76615
45 56 70.96251
45 57 43.80926
45 58 68.35032
45 59 51.05668
45 60 105.45369
45 61 45.89376
45 62 74.43855
45 63 28.26547
45 64 71.08441
45 65 26.36525
45 66 48.34996
45 67 81.36216
45 68 37.61468
45 69 83.28492
45 70 44.88916
45 71 37.98970
45 72 85.82732
45 73 65.95796
45 74 45.91941
45 75 91.73313
45 76 55.24633
45 77 23.21640
45 78 12.56829
45 79 66.52962
45 80 76.87511
45 81 81.90841
45 82 59.31063
45 83 104.24104
45 84 15.71073
45 85 30.18246
45 86 13.46730
45 87 71.53625
45 88 18.91881
45 89 74.21534
45 90 77.00608
45 91 87.53769
45 92 78.41456
45 93 19.59893
45 94 37.71287
45 95 11.17254
45 96 16.56573
45 97 99.45452
45 98 68.72008
45 99 12.20344
46 47 72.47591
46 48 80.24492
46 49 81.57656
46 50 27.84874
46 51 82.06197
46 52 43.94459
46 53 32.38777
46 54 73.87140
46 55 41.96590
46 56 24.55765
46 57 48.38775
46 58 62.86628
46 59 52.84268
46 60 44.09674
46 61 48.47043
46 62 91.34532
46 63 72.61889
46 64 43.50403
46 65 83.78138
46 66 43.68771
46 67 18.74865
46 68 58.45841
46 69 61.20856
46 70 61.95417
46 71 54.89151
46 72 7.89480
46 73 85.96965
46 74 54.21964
46 75 7.13807
46 76 72.18769
46 77 80.06233
46 78 79.99656
46 79 52.17889
46 80 27.48600
46 81 12.77481
46 82 34.47426
46 83 19.34056
46 84 92.65297
46 85 72.89672
46 86 105.35331
46 87 69.84217
46 88 85.35123
46 89 92.18713
46 90 23.79328
46 91 92.76407
46 92 72.18090
46 93 72.45722
46 94 55.09073
46 95 80.76348
46 96 108.47062
46 97 13.13205
46 98 23.99109
46 99 89.33854
47 48 38.38790
47 49 9.31659
47 50 46.44058
47 51 39.33303
47 52 66.89992
47 53 81.87646
47 54 23.93967
47 55 46.82780
47 56 62.33540
47 57 35.20760
47 58 24.02977
47 59 19.74896
47 60 67.72554
47 61 48.74842
47 62 32.46350
47 63 18.59499
47 64 76.27001
47 65 20.74399
47 66 42.49228
47 67 71.63300
47 68 22.71987
47 69 95.98041
47 70 11.35791
47 71 30.16059
47 72 69.78449
47 73 23.63666
47 74 56.64151
47 75 75.82215
47 76 9.70090
47 77 55.86237
47 78 35.82477
47 79 26.59725
47 80 72.22509
47 81 59.80343
47 82 39.95872
47 83 76.88085
47 84 34.30060
47 85 56.45161
47 86 55.71221
47 87 26.07359
47 88 27.47051
47 89 32.62528
47 90 50.01726
47 91 43.74484
47 92 32.89100
47 93 38.53969
47 94 42.52602
47 95 39.05846
47 96 56.91903
47 97 74.20913
47 98 56.93069
47 99 34.66759
48 49 37.87042
48 50 63.66737
48 51 77.68220
48 52 51.83089
48 53 73.51935
48 54 62.14334
48 55 39.35614
48 56 59.64729
48 57 32.08320
48 58 59.59389
48 59 40.57080
48 60 94.50295
48 61 34.95159
48 62 69.47589
48 63 19.87917
48 64 61.47467
48 65 22.70762
48 66 36.75761
48 67 70.10791
48 68 26.57013
48 69 75.50619
48 70 35.45964
48 71 26.33013
48 72 74.23544
48 73 60.69404
48 74 36.28677
48 75 80.18289
48 76 48.00367
48 77 19.62713
48 78 2.72938
48 79 56.56695
48 80 66.02410
48 81 70.18261
48 82 47.61745
48 83 92.54558
48 84 18.41391
48 85 23.97599
48 86 25.19338
48 87 63.59540
48 88 16.37824
48 89 69.40577
48 90 65.40841
48 91 81.81167
48 92 70.53674
48 93 8.36960
48 94 26.51498
48 95 0.71580
48 96 28.22879
48 97 87.73369
48 98 57.17659
48 99 13.59314
49 50 55.74391
49 51 42.52671
49 52 73.28190
49 53 89.55183
49 54 28.40431
49 55 53.69353
49 56 70.38821
49 57 41.94482
49 58 31.38416
49 59 28.73938
49 60 76.36901
49 61 54.65435
49 62 31.77171
49 63 19.87861
49 64 82.90277
49 65 16.46816
49 66 49.38069
49 67 79.97459
49 68 28.81113
49 69 101.89197
49 70 19.80655
49 71 36.08619
49 72 78.64697
49 73 23.16302
49 74 61.71618
49 75 84.73170
49 76 15.45191
49 77 56.77932
49 78 35.15397
49 79 35.50523
49 80 80.03339
49 81 68.95175
49 82 48.54302
49 83 86.19507
49 84 29.37219
49 85 58.68674
49 86 51.24037
49 87 31.69546
49 88 23.90434
49 89 31.63246
49 90 59.29579
49 91 44.72750
49 92 38.00831
49 93 40.01519
49 94 47.57156
49 95 38.46121
49 96 51.92033
49 97 83.51482
49 98 65.20245
49 99 30.94762
50 51 55.15593
50 52 48.32981
50 53 49.81462
50 54 46.06033
50 55 34.11047
50 56 31.22647
50 57 33.13685
50 58 35.05898
50 59 27.84824
50 60 33.51616
50 61 41.35175
50 62 63.52716
50 63 50.87556
50 64 53.37829
50 65 61.02346
50 66 32.83264
50 67 35.26861
50 68 37.93130
50 69 74.60158
50 70 37.05963
50 71 37.51697
50 72 28.07999
50 73 58.15477
50 74 50.39340
50 75 33.04850
50 76 44.86458
50 77 69.94331
50 78 62.59790
50 79 24.33146
50 80 40.79212
50 81 15.41840
50 82 17.66290
50 83 30.83538
50 84 71.98371
50 85 64.74886
50 86 88.42386
50 87 42.13993
50 88 64.25176
50 89 64.35931
50 90 4.06322
50 91 65.62867
50 92 44.99405
50 93 57.34228
50 94 43.93740
50 95 64.31289
50 96 91.03500
50 97 27.77171
50 98 25.50361
50 99 69.59514
51 52 95.40786
51 53 103.54198
51 54 15.66666
51 55 75.61382
51 56 83.59616
51 57 66.11985
51 58 22.82225
51 59 45.41657
51 60 54.02101
51 61 80.24333
51 62 17.65907
51 63 57.81741
51 64 103.20910
51 65 58.71555
51 66 71.79249
51 67 89.82166
51 68 57.44360
51 69 124.52167
51 70 44.46748
51 71 63.89500
51 72 83.22352
51 73 21.57984
51 74 89.54549
51 75 87.94574
51 76 29.67881
51 77 94.43764
51 78 75.14437
51 79 33.14057
51 80 93.92428
51 81 70.38512
51 82 61.42782
51 83 76.66011
51 84 71.89242
51 85 93.90500
51 86 93.75479
51 87 15.83759
51 88 66.00257
51 89 18.65757
51 90 59.08936
51 91 10.88313
51 92 10.37475
51 93 77.10470
51 94 76.57269
51 95 78.36002
51 96 94.43078
51 97 77.17428
51 98 77.45769
51 99 73.18841
52 53 22.73252
52 54 81.66103
52 55 20.33746
52 56 19.98111
52 57 31.70163
52 58 72.58832
52 59 51.03946
52 60 80.02903
52 61 18.86893
52 62 96.79597
52 63 55.78267
52 64 9.91079
52 65 66.47860
52 66 24.58961
52 67 26.30628
52 68 44.50987
52 69 29.40768
52 70 56.07696
52 71 37.19821
52 72 36.05732
52 73 88.74166
52 74 15.84768
52 75 39.80350
52 76 72.36719
52 77 42.75226
52 78 52.99700
52 79 62.68096
52 80 18.42832
52 81 41.67376
52 82 34.61508
52 83 62.52189
52 84 69.23071
52 85 34.53058
52 86 73.80145
52 87 79.77724
52 88 64.09832
52 89 97.27144
52 90 46.47803
52 91 104.14514
52 92 85.23767
52 93 43.60551
52 94 27.09543
52 95 52.03416
52 96 77.38594
52 97 56.28807
52 98 23.75856
52 99 64.67764
53 54 91.81569
53 55 36.64667
53 56 20.18466
53 57 48.07982
53 58 81.47021
53 59 63.37690
53 60 75.43951
53 61 38.82527
53 62 108.45046
53 63 74.30171
53 64 15.73981
53 65 85.56954
53 66 40.71971
53 67 15.06829
53 68 61.25236
53 69 28.95151
53 70 70.53481
53 71 54.71279
53 72 25.67025
53 73 101.27160
53 74 38.39243
53 75 25.82731
53 76 85.32298
53 77 65.48436
53 78 74.39068
53 79 70.58148
53 80 9.81068
53 81 37.11000
53 82 43.32723
53 83 51.51641
53 84 90.12866
53 85 57.25665
53 86 96.29885
53 87 88.90696
53 88 84.29440
53 89 109.09233
53 90 46.50125
53 91 113.40537
53 92 93.17116
53 93 65.16673
53 94 47.47316
53 95 73.79558
53 96 99.85090
53 97 45.44246
53 98 26.24791
53 99 85.78581
54 55 61.52007
54 56 71.64397
54 57 51.40071
54 58 11.00515
54 59 30.81912
54 60 54.46420
54 61 65.62441
54 62 17.47468
54 63 42.26441
54 64 89.95920
54 65 43.98916
54 66 57.51241
54 67 78.93723
54 68 41.99987
54 69 111.00526
54 70 28.91525
54 71 48.66315
54 72 73.72910
54 73 13.73479
54 74 74.72142
54 75 79.02113
54 76 14.23955
54 77 78.77123
54 78 59.63789
54 79 21.89339
54 80 82.04235
54 81 61.44500
54 82 48.71859
54 83 72.03395
54 84 57.41860
54 85 78.31924
54 86 79.17041
54 87 4.88932
54 88 51.10070
54 89 18.32973
54 90 50.12341
54 91 22.56004
54 92 9.68211
54 93 61.43843
54 94 61.42677
54 95 62.82753
54 96 80.09514
54 97 71.30033
54 98 65.56963
54 99 58.31804
55 56 20.32811
55 57 11.74875
55 58 52.81973
55 59 30.77700
55 60 67.58598
55 61 7.35730
55 62 76.46494
55 63 37.65554
55 64 29.45294
55 65 48.93924
55 66 4.33696
55 67 30.83217
55 68 24.94983
55 69 49.73349
55 70 35.83841
55 71 18.10283
55 72 35.31158
55 73 68.40835
55 74 16.36846
55 75 41.06886
55 76 52.03529
55 77 38.43411
55 78 39.61423
55 79 43.44652
55 80 27.82993
55 81 33.98812
55 82 17.13860
55 83 57.01122
55 84 54.34608
55 85 31.90766
55 86 64.02128
55 87 59.86253
55 88 48.03103
55 89 76.93608
55 90 33.73948
55 91 84.05701
55 92 65.59098
55 93 31.17169
55 94 13.21218
55 95 39.78710
55 96 67.30230
55 97 51.40662
55 98 18.13560
55 99 50.30205
56 57 30.24747
56 58 61.36099
56 59 43.41984
56 60 60.86545
56 61 25.43878
56 62 88.27180
56 63 56.67704
56 64 22.51433
56 65 68.12852
56 66 23.53121
56 67 10.51875
56 68 42.90287
56 69 43.43239
56 70 50.98059
56 71 37.16037
56 72 16.86430
56 73 81.15171
56 74 29.88742
56 75 21.77073
56 76 65.30280
56 77 56.51684
56 78 59.94214
56 79 50.53194
56 80 10.39863
56 81 21.93772
56 82 23.17808
56 83 42.63174
56 84 74.49083
56 85 48.97828
56 86 84.10924
56 87 68.79593
56 88 67.92552
56 89 88.91849
56 90 28.52282
56 91 93.33320
56 92 73.22171
56 93 51.40487
56 94 33.25235
56 95 60.06230
56 96 87.45094
56 97 36.43574
56 98 6.13867
56 99 70.54710
57 58 43.63456
57 59 20.70421
57 60 65.99767
57 61 14.23571
57 62 65.55284
57 63 26.47187
57 64 41.09063
57 65 37.90297
57 66 7.44866
57 67 40.62628
57 68 13.23022
57 69 60.91047
57 70 24.42981
57 71 6.92381
57 72 42.85419
57 73 57.28471
57 74 23.43107
57 75 48.96666
57 76 40.93351
57 77 36.93720
57 78 31.65372
57 79 35.48715
57 80 38.91600
57 81 38.10427
57 82 15.91221
57 83 60.62439
57 84 44.73817
57 85 32.46905
57 86 57.27655
57 87 50.28252
57 88 37.85677
57 89 65.96711
57 90 34.17340
57 91 73.93849
57 92 56.44828
57 93 24.80402
57 94 11.75116
57 95 32.64662
57 96 60.26989
57 97 55.68427
57 98 26.36860
57 99 41.13025
58 59 23.05796
58 60 46.08291
58 61 57.63116
58 62 28.47932
58 63 40.15284
58 64 80.46935
58 65 44.70770
58 66 49.05062
58 67 68.28274
58 68 36.29124
58 69 101.73648
58 70 24.30027
58 71 42.08099
58 72 62.79528
58 73 23.86313
58 74 67.04828
58 75 68.04117
58 76 16.01394
58 77 74.43545
58 78 57.32301
58 79 11.02573
58 80 71.74774
58 81 50.45171
58 82 38.78550
58 83 61.48607
58 84 58.22680
58 85 72.91856
58 86 79.32544
58 87 7.43676
58 88 51.12274
58 89 29.32773
58 90 39.12173
58 91 31.99743
58 92 12.82597
58 93 57.44817
58 94 54.49327
58 95 60.30427
58 96 80.72867
58 97 60.50413
58 98 55.24383
58 99 58.21565
59 60 54.60203
59 61 34.86798
59 62 45.86240
59 63 24.08972
59 64 59.68301
59 65 33.39389
59 66 26.70906
59 67 52.26766
59 68 14.49782
59 69 80.44235
59 70 9.26486
59 71 19.20737
59 72 50.03750
59 73 38.12734
59 74 44.12932
59 75 56.07391
59 76 21.96545
59 77 52.72895
59 78 38.80449
59 79 16.48179
59 80 53.59744
59 81 40.25533
59 82 20.49210
59 83 58.68034
59 84 45.15151
59 85 50.38410
59 86 63.61620
59 87 29.57988
59 88 37.36854
59 89 46.38752
59 90 31.06596
59 91 53.37909
59 92 35.82252
59 93 36.55370
59 94 31.44313
59 95 41.27953
59 96 65.78358
59 97 55.42764
59 98 37.73911
59 99 43.42482
60 61 74.85677
60 62 69.39696
60 63 78.57663
60 64 83.25078
60 65 86.70210
60 66 66.32410
60 67 60.53748
60 68 67.94268
60 69 103.29558
60 70 62.24178
60 71 69.38080
60 72 49.81669
60 73 68.14487
60 74 83.78857
60 75 51.23301
60 76 61.65631
60 77 102.93070
60 78 93.00758
60 79 41.21364
60 80 68.35070
60 81 39.14873
60 82 51.08546
60 83 28.98527
60 84 99.35470
60 85 98.10466
60 86 118.19546
60 87 49.58205
60 88 91.62942
60 89 70.42780
60 90 34.08872
60 91 64.43531
60 92 47.43824
60 93 89.13061
60 94 77.21253
60 95 95.19113
60 96 120.38502
60 97 32.88018
60 98 56.28254
60 99 97.95347
61 62 79.68917
61 63 36.91504
61 64 28.73287
61 65 47.68805
61 66 9.13166
61 67 35.62723
61 68 26.07867
61 69 47.29497
61 70 38.38751
61 71 18.64939
61 72 41.46071
61 73 71.33018
61 74 9.66726
61 75 46.95031
61 76 55.02654
61 77 31.59999
61 78 35.64503
61 79 48.91301
61 80 31.07280
61 81 41.14041
61 82 24.08884
61 83 64.12028
61 84 51.31496
61 85 24.73472
61 86 58.84942
61 87 64.40948
61 88 45.68501
61 89 80.07992
61 90 41.07905
61 91 88.16877
61 92 70.45712
61 93 26.58634
61 94 8.65031
61 95 35.28772
61 96 62.25570
61 97 58.41791
61 98 24.47934
61 99 46.96163
62 63 50.42854
62 64 105.54498
62 65 48.09003
62 66 72.26668
62 67 95.97559
62 68 54.37861
62 69 126.19836
62 70 41.39482
62 71 61.63282
62 72 91.10652
62 73 8.86934
62 74 88.24039
62 75 96.45549
62 76 24.68236
62 77 87.90386
62 78 66.78149
62 79 39.29317
62 80 98.64426
62 81 78.89958
62 82 65.13968
62 83 89.05509
62 84 60.17887
62 85 88.88298
62 86 81.80858
62 87 21.74562
62 88 55.52960
62 89 1.04218
62 90 67.59038
62 91 13.96510
62 92 21.97939
62 93 70.72376
62 94 74.34903
62 95 70.09008
62 96 81.95556
62 97 88.57882
62 98 82.27273
62 99 62.39134
63 64 65.64205
63 65 11.46156
63 66 33.63666
63 67 66.97056
63 68 14.21197
63 69 83.47042
63 70 16.76600
63 71 19.63914
63 72 68.08738
63 73 41.56585
63 74 42.84318
63 75 74.28387
63 76 28.14515
63 77 37.48089
63 78 17.40161
63 79 38.55093
63 80 65.32382
63 81 60.89515
63 82 38.14745
63 83 81.44314
63 84 21.16182
63 85 38.85580
63 86 39.99903
63 87 43.78742
63 88 13.39251
63 89 50.46155
63 90 53.53086
63 91 62.26373
63 92 50.72309
63 93 20.33755
63 94 28.99715
63 95 20.56492
63 96 41.92748
63 97 77.52148
63 98 52.44098
63 99 19.37723
64 65 76.38145
64 66 33.78333
64 67 24.77828
64 68 54.09387
64 69 21.47926
64 70 65.28111
64 71 46.86494
64 72 35.77766
64 73 97.67070
64 74 25.22962
64 75 38.10274
64 76 81.32560
64 77 51.11680
64 78 62.72986
64 79 70.17581
64 80 16.02355
64 81 44.13491
64 82 41.82728
64 83 62.76244
64 84 79.04001
64 85 42.84863
64 86 82.82461
64 87 87.77955
64 88 73.99086
64 89 106.06220
64 90 50.92443
64 91 112.30017
64 92 92.92611
64 93 53.31916
64 94 37.00622
64 95 61.64932
64 96 86.44301
64 97 56.49178
64 98 27.88433
64 99 74.45403
65 66 44.99489
65 67 78.43154
65 68 25.58209
65 69 93.44335
65 70 24.67245
65 71 31.03343
65 72 79.43239
65 73 39.59428
65 74 52.75220
65 75 85.63136
65 76 30.00924
65 77 42.26602
65 78 20.00273
65 79 45.67552
65 80 76.68860
65 81 71.85758
65 82 49.32410
65 83 91.80660
65 84 13.56047
65 85 45.55942
65 86 35.18200
65 87 46.63533
65 88 7.44646
65 89 47.88671
65 90 63.94082
65 91 61.19098
65 92 53.32077
65 93 26.91216
65 94 39.42188
65 95 23.19938
65 96 36.22004
65 97 88.15655
65 98 63.89660
65 99 14.50533
66 67 34.03282
66 68 20.67571
66 69 53.95207
66 70 31.52350
66 71 14.00619
66 72 37.48194
66 73 64.15916
66 74 18.78579
66 75 43.43020
66 76 47.78385
66 77 37.90840
66 78 36.77408
66 79 39.99094
66 80 31.69453
66 81 34.67500
66 82 15.27029
66 83 57.65804
66 84 50.96590
66 85 32.06071
66 86 61.73221
66 87 55.99786
66 88 44.42270
66 89 72.72453
66 90 32.97399
66 91 80.06737
66 92 61.85777
66 93 28.80260
66 94 11.79468
66 95 37.23887
66 96 64.91560
66 97 52.29190
66 98 20.44028
66 99 47.07414
67 68 53.05143
67 69 42.98967
67 70 60.33562
67 71 47.54956
67 72 11.19133
67 73 89.29016
67 74 38.97349
67 75 13.58662
67 76 73.83928
67 77 66.14936
67 78 70.43978
67 79 57.27279
67 80 8.75595
67 81 22.04565
67 82 31.77607
67 83 38.06350
67 84 84.99826
67 85 58.36750
67 86 94.44295
67 87 75.68662
67 88 78.39079
67 89 96.68337
67 90 31.76131
67 91 99.96035
67 92 79.49513
67 93 61.83773
67 94 43.65485
67 95 70.51249
67 96 97.81506
67 97 31.81350
67 98 14.78714
67 99 81.06527
68 69 73.36601
68 70 13.18969
68 71 7.44451
68 72 53.87759
68 73 45.77866
68 74 33.98473
68 75 60.07480
68 76 29.78367
68 77 38.38276
68 78 25.09446
68 79 30.95680
68 80 51.97474
68 81 46.89843
68 82 24.01665
68 83 67.99897
68 84 34.52303
68 85 36.65597
68 86 50.66550
68 87 41.91012
68 88 27.00111
68 89 54.67859
68 90 40.20030
68 91 64.08735
68 92 48.61191
68 93 22.06086
68 94 19.97543
68 95 27.26310
68 96 53.16543
68 97 63.80197
68 98 38.40417
68 99 31.76588
69 70 85.33920
69 71 65.94388
69 72 54.10895
69 73 118.10725
69 74 40.70511
69 75 54.77116
69 76 101.73227
69 77 60.80400
69 78 77.28764
69 79 91.56326
69 80 34.94750
69 81 64.23671
69 82 63.23444
69 83 80.43357
69 84 93.83440
69 85 53.15313
69 86 93.28196
69 87 108.99635
69 88 89.92232
69 89 126.66811
69 90 71.95095
69 91 133.44570
69 92 114.27362
69 93 68.06762
69 94 54.51569
69 95 75.51070
69 96 96.94101
69 97 74.31635
69 98 49.11845
69 99 89.04882
70 71 20.26330
70 72 58.85025
70 73 32.94757
70 74 46.84761
70 75 64.94771
70 76 16.71788
70 77 50.32619
70 78 33.30502
70 79 21.79285
70 80 60.87200
70 81 49.43534
70 82 28.76069
70 83 67.87215
70 84 37.11911
70 85 49.43841
70 86 56.75883
70 87 29.18590
70 88 29.42155
70 89 41.74587
70 90 40.32520
70 91 50.89981
70 92 36.03176
70 93 33.19694
70 94 33.03606
70 95 36.17409
70 96 58.62303
70 97 64.68583
70 98 45.60751
70 99 35.97296
71 72 49.59212
71 73 53.09790
71 74 26.62433
71 75 55.73382
71 76 36.97335
71 77 34.26736
71 78 25.56889
71 79 35.36558
71 80 45.68497
71 81 44.15358
71 82 21.34532
71 83 66.26392
71 84 37.93515
71 85 31.25241
71 86 51.41379
71 87 48.17534
71 88 30.96253
71 89 61.96036
71 90 39.10186
71 91 70.97224
71 92 54.69600
71 93 19.86749
71 94 12.80197
71 95 26.94699
71 96 54.26580
71 97 61.57687
71 98 33.26137
71 99 34.45779
72 73 85.12387
72 74 46.70222
72 75 6.19918
72 76 70.52930
72 77 72.95199
72 78 74.17174
72 79 51.83643
72 80 19.80974
72 81 12.99567
72 82 30.37320
72 83 26.98685
72 84 87.52566
72 85 65.60980
72 86 99.18671
72 87 70.02809
72 88 80.43232
72 89 91.89235
72 90 24.13728
72 91 93.70708
72 92 73.07379
72 93 66.25627
72 94 48.52154
72 95 74.72039
72 96 102.39286
72 97 20.71431
72 98 17.17779
72 99 83.98432
73 74 79.72223
73 75 90.68774
73 76 16.37533
73 77 79.04445
73 78 58.00892
73 79 33.86717
73 80 91.46328
73 81 73.32425
73 82 57.97477
73 83 85.34734
73 84 52.03785
73 85 80.02502
73 86 73.81392
73 87 18.62001
73 88 47.04027
73 89 8.98863
73 90 62.19197
73 91 21.64985
73 92 21.64872
73 93 61.85531
73 94 65.75201
73 95 61.31526
73 96 74.15007
73 97 84.30253
73 98 75.25090
73 99 54.00562
74 75 51.59235
74 76 63.56527
74 77 27.44297
74 78 37.64598
74 79 58.52315
74 80 32.57401
74 81 48.50891
74 82 33.48140
74 83 71.14581
74 84 54.09177
74 85 19.44745
74 86 57.96688
74 87 73.70919
74 88 49.52578
74 89 88.57818
74 90 49.78113
74 91 97.21140
74 92 79.86837
74 93 28.23121
74 94 14.17217
74 95 36.44280
74 96 61.54500
74 97 65.19994
74 98 30.72096
74 99 49.42970
75 76 76.32807
75 77 78.25991
75 78 80.17733
75 79 57.16422
75 80 22.20048
75 81 17.63534
75 82 36.54900
75 83 25.70851
75 84 93.66881
75 85 70.74880
75 86 105.05503
75 87 75.18055
75 88 86.60217
75 89 97.26353
75 90 29.01041
75 91 98.54649
75 92 77.91373
75 93 72.14238
75 94 54.27348
75 95 80.65568
75 96 108.29394
75 97 19.72321
75 98 23.01317
75 99 90.09278
76 77 65.08383
76 78 45.46791
76 79 21.92700
76 80 75.53279
76 81 59.41574
76 82 42.20049
76 83 74.11972
76 84 43.53632
76 85 65.17644
76 86 65.15617
76 87 16.63725
76 88 36.98237
76 89 25.05407
76 90 48.75591
76 91 34.69280
76 92 23.32696
76 93 47.72355
76 94 49.72294
76 95 48.68121
76 96 66.22053
76 97 72.18645
76 98 59.51830
76 99 44.19850
77 78 22.28770
77 79 69.19721
77 80 60.01546
77 81 72.36246
77 82 52.37373
77 83 95.39601
77 84 36.73627
77 85 8.26960
77 86 32.51620
77 87 79.48080
77 88 35.96964
77 89 87.92218
77 90 70.60343
77 91 99.60406
77 92 86.35254
77 93 17.36056
77 94 26.19652
77 95 19.21315
77 96 36.17983
77 97 89.83878
77 98 56.07362
77 99 32.05899
78 79 54.61727
78 80 66.66372
78 81 69.65676
78 82 46.91419
78 83 91.82487
78 84 16.55462
78 85 26.32083
78 86 25.88010
78 87 61.17882
78 88 13.82395
78 89 66.70503
78 90 64.48321
78 91 79.16586
78 92 68.11711
78 93 9.41748
78 94 27.07498
78 95 3.30949
78 96 28.69788
78 97 87.13400
78 98 57.21239
78 99 11.80897
79 80 60.89647
79 81 39.63439
79 82 28.34975
79 83 52.31954
79 84 58.65933
79 85 66.61680
79 86 78.54911
79 87 18.41384
79 88 51.06075
79 89 40.09948
79 90 28.38583
79 91 42.82430
79 92 22.79291
79 93 52.98173
79 94 46.95908
79 95 57.28152
79 96 80.40521
79 97 50.72212
79 98 44.39949
79 99 57.73841
80 81 29.30875
80 82 33.51691
80 83 46.77134
80 84 81.97886
80 85 51.98524
80 86 89.62814
80 87 79.18364
80 88 75.83206
80 89 99.28409
80 90 37.71589
80 91 103.70989
80 92 83.54977
80 93 57.65908
80 94 39.58874
80 95 66.35932
80 96 93.10214
80 97 40.50849
80 98 16.50412
80 99 77.78542
81 82 22.98217
81 83 23.03369
81 84 81.37253
81 85 65.86236
81 86 95.37492
81 87 57.55776
81 88 73.89937
81 89 79.72051
81 90 11.37517
81 91 80.94469
81 92 60.30734
81 93 62.79479
81 94 46.45498
81 95 70.75001
81 96 98.33397
81 97 17.64957
81 98 18.24120
81 99 78.32338
82 83 44.93048
82 84 58.41238
82 85 47.08650
82 86 72.74969
82 87 46.16869
82 88 50.98806
82 89 65.77196
82 90 18.30403
82 91 70.75272
82 92 51.11743
82 93 40.64612
82 94 26.28965
82 95 48.21651
82 96 75.61061
82 97 40.25502
82 98 17.31835
82 99 55.34277
83 84 102.42174
83 85 88.85410
83 86 117.67681
83 87 67.40791
83 88 94.75499
83 89 90.00748
83 90 27.91357
83 91 87.53549
83 92 67.87926
83 93 85.42405
83 94 69.44998
83 95 93.14113
83 96 120.51074
83 97 6.27797
83 98 40.45295
83 99 99.75750
84 85 42.18194
84 86 21.86912
84 87 60.17131
84 88 7.78495
84 89 59.85796
84 90 74.53619
84 91 73.68005
84 92 66.82080
84 93 25.89686
84 94 42.66485
84 95 18.50338
84 96 22.68874
84 97 98.31923
84 98 71.07102
84 99 4.82583
85 86 40.48530
85 87 78.51963
85 88 40.08313
85 89 88.99781
85 90 65.03389
85 91 99.86910
85 92 85.25920
85 93 18.79747
85 94 20.91379
85 95 23.77017
85 96 44.14544
85 97 83.14322
85 98 48.98298
85 99 37.37093
86 87 81.74975
86 88 28.25246
86 89 81.44019
86 90 90.35952
86 91 95.42933
86 92 88.48169
86 93 32.93253
86 94 50.87924
86 95 24.63608
86 96 3.66393
86 97 112.91543
86 98 82.04968
86 99 21.11013
87 88 53.53129
87 89 22.66414
87 90 46.19271
87 91 24.58603
87 92 6.94194
87 93 62.25701
87 94 60.79974
87 95 64.29325
87 96 82.85264
87 97 66.83538
87 98 62.67989
87 99 60.73619
88 89 55.31847
88 90 66.85330
88 91 68.63131
88 92 60.30292
88 93 22.08711
88 94 37.10799
88 95 16.75882
88 96 29.62372
88 97 90.72892
88 98 64.22132
88 99 7.21820
89 90 68.42231
89 91 14.58544
89 92 23.00466
89 93 70.77655
89 94 74.65356
89 95 70.01441
89 96 81.54384
89 97 89.49922
89 98 82.93205
89 99 62.14044
90 91 69.60513
90 92 48.96694
90 93 58.76010
90 94 44.43774
90 95 66.03537
90 96 93.06911
90 97 24.36174
90 98 23.09951
90 99 71.96176
91 92 20.63836
91 93 82.26755
91 94 83.76936
91 95 82.45521
91 96 95.69209
91 97 88.04939
91 98 87.20743
91 99 75.63497
92 93 69.15588
92 94 67.21484
92 95 71.23435
92 96 89.50952
92 97 67.94748
92 98 67.08319
92 99 67.51652
93 94 18.19582
93 95 8.70587
93 96 36.15248
93 97 80.42042
93 98 49.13086
93 99 21.20246
94 95 26.89157
94 96 54.20183
94 97 64.05345
94 98 31.34403
94 99 38.31826
95 96 27.70757
95 97 88.31099
95 98 57.64564
95 99 13.67755
96 97 115.82991
96 98 85.28148
96 99 22.68374
97 98 34.47918
97 99 95.46816
98 99 67.34060
13.8444 83.2815
31.0583 24.8699
93.7170 79.4883
48.2710 38.7622
93.3621 18.3847
86.6866 25.7605
9.5113 9.5340
79.4944 74.0125
87.1224 94.3426
85.8267 64.4783
19.8499 75.0011
87.0752 64.5646
35.5545 42.9678
74.9285 74.7811
64.5885 40.2375
57.8427 12.5776
29.5547 6.3428
21.7423 64.2014
44.3314 90.2998
74.0404 32.3157
48.8431 57.8286
43.6058 48.5541
36.8499 6.1224
37.5948 26.2606
33.4061 68.0683
76.2708 87.3542
0.6903 85.1087
80.6918 4.2184
5.0457 16.6646
0.2932 36.4864
75.3179 25.8169
53.9514 28.2358
15.3552 28.9835
57.2312 23.4023
76.3624 15.6135
54.7910 87.9486
73.7062 86.0114
99.4939 94.5211
1.1491 40.7267
61.4217 25.7014
77.5636 23.6162
26.6708 41.9161
86.4591 67.8963
94.3302 61.5821
41.5337 62.4216
9.8195 85.2374
61.2261 9.0320
55.2126 81.2580
17.1724 76.1030
52.3515 90.1244
66.8668 36.3035
94.4450 84.0698
20.0382 24.3514
29.2987 3.5906
79.1457 80.6970
32.9631 40.0536
39.7154 20.8797
37.1774 51.0205
76.4556 70.0257
55.0278 61.5099
99.8444 30.3193
25.9479 42.2710
83.2086 97.6928
37.0030 77.4918
18.0844 14.6351
35.9287 88.9029
34.9296 43.9191
42.5565 10.7519
40.7074 63.7711
0.3681 2.4905
52.1571 70.3188
36.1684 57.8704
53.7235 11.4894
75.2119 93.8564
16.5963 39.8208
55.0600 5.4360
64.9126 81.1255
2.3280 63.2629
19.6020 77.3466
71.4573 60.1980
33.9280 12.2404
61.6338 21.8003
50.0284 41.6370
80.5634 8.6770
23.1752 93.5110
5.0106 55.4405
1.4227 95.7665
80.7678 76.0846
28.5526 87.8817
82.8116 98.6564
65.8179 32.3780
96.8459 94.6848
87.7091 76.1791
19.0451 67.9456
25.4268 50.9056
16.4748 76.2634
1.2714 99.4273
74.3476 9.5583
43.7695 25.4892
21.4238 89.0142
