25
0 1 55.74531
0 2 47.53752
0 3 56.09818
0 4 32.17461
0 5 22.95717
0 6 68.52160
0 7 88.46661
0 8 48.15349
0 9 51.70253
0 10 10.63315
0 11 41.19294
0 12 64.11709
0 13 37.49480
0 14 26.50029
0 15 53.51820
0 16 45.39132
0 17 39.62357
0 18 82.94953
0 19 31.19288
0 20 73.33131
0 21 69.08395
0 22 64.10140
0 23 50.10627
0 24 17.75060
1 2 81.67847
1 3 87.10251
1 4 84.67542
1 5 34.15961
1 6 67.94450
1 7 106.42989
1 8 27.72907
1 9 90.53910
1 10 55.76079
1 11 42.06243
1 12 14.49156
1 13 19.53263
1 14 30.02064
1 15 81.19757
1 16 79.42087
1 17 87.15659
1 18 99.56230
1 19 69.07241
1 20 67.82136
1 21 40.69754
1 22 64.88083
1 23 26.44782
1 24 38.62450
2 3 8.73814
2 4 32.69754
2 5 62.17846
2 6 43.41161
2 7 43.10091
2 8 57.86647
2 9 10.01676
2 10 58.06702
2 11 41.76829
2 12 94.89264
2 13 63.30967
2 14 63.25696
2 15 9.41462
2 16 2.36576
2 17 21.82881
2 18 38.89144
2 19 16.45197
2 20 50.06650
2 21 67.73402
2 22 40.50868
2 23 60.11178
2 24 51.19562
3 4 40.50917
3 5 69.79279
3 6 41.21097
3 7 34.62518
3 8 61.95561
3 9 12.51183
3 10 66.66636
3 11 45.88615
3 12 100.71852
3 13 69.38792
3 14 70.59187
3 15 6.57079
3 16 10.72543
3 17 28.82383
3 18 30.83972
3 19 24.91299
3 20 47.79540
3 21 69.22767
3 22 39.06393
3 23 64.09394
3 24 58.72743
4 5 54.53952
4 6 71.64003
4 7 74.95402
4 8 69.24968
4 9 30.17841
4 10 39.59769
4 11 56.06313
4 12 94.84555
4 13 65.24632
4 14 57.57522
4 15 41.94227
4 16 31.83701
4 17 12.51953
4 18 71.33680
4 19 24.82793
4 20 77.95853
4 21 86.22180
4 22 67.83212
4 23 71.56454
4 24 46.43500
5 6 68.67410
5 7 97.91282
5 8 35.89556
5 9 68.78796
5 10 21.60717
5 11 37.35727
5 12 41.24862
5 13 19.01840
5 14 4.20748
5 15 65.47235
5 16 59.82425
5 17 60.15340
5 18 91.58925
5 19 46.33326
5 20 71.75114
5 21 57.65808
5 22 64.42679
5 23 37.07044
5 24 11.08986
6 7 41.38989
6 8 40.53295
6 9 52.54315
6 10 77.90857
6 11 31.39132
6 12 82.37393
6 13 57.21770
6 14 66.97996
6 15 35.33050
6 16 42.79568
6 17 63.69347
6 18 34.72374
6 19 47.05655
6 20 6.65920
6 21 34.75583
6 22 4.42833
6 23 41.53834
6 24 59.45750
7 8 78.77431
7 9 45.25443
7 10 99.08584
7 11 65.19029
7 12 120.88333
7 13 92.12786
7 14 97.65220
7 15 35.22826
7 16 44.67541
7 17 62.87393
7 18 6.88394
7 19 57.88561
7 20 45.19753
7 21 76.14412
7 22 42.95350
7 23 80.30392
7 24 87.03385
8 9 67.48535
8 10 53.43696
8 11 16.13079
8 12 42.21961
8 13 18.85904
8 14 32.62656
8 15 55.66634
8 16 55.80922
8 17 68.19918
8 18 71.89788
8 19 48.42154
8 20 41.15658
8 21 21.85891
8 22 37.26535
8 23 2.35194
8 24 31.62833
9 10 61.83304
9 11 51.45773
9 12 103.41377
9 13 71.77262
9 14 70.31009
9 15 17.28704
9 16 11.77001
9 17 17.77561
9 18 42.38137
9 19 22.53022
9 20 59.19566
9 21 77.75057
9 22 49.92190
9 23 69.75878
9 24 58.07965
10 11 49.09272
10 12 61.89703
10 13 39.56524
10 14 25.78056
10 15 64.15089
10 16 55.94820
10 17 48.63251
10 18 93.53347
10 19 41.78165
10 20 82.38336
10 21 75.07210
10 22 73.48047
10 23 55.12284
10 24 21.81843
11 12 56.26497
11 13 27.07388
11 14 35.58970
11 15 39.66630
11 16 39.74145
11 17 53.41514
11 18 58.41218
11 19 33.41814
11 20 34.46083
11 21 30.22721
11 22 27.23718
11 23 18.34901
11 24 28.77781
12 13 31.64143
12 14 37.62729
12 15 94.97196
12 16 92.59163
12 17 98.60681
12 18 114.02041
12 19 81.45224
12 20 82.07423
12 21 53.78361
12 22 79.35522
12 23 40.92355
12 24 48.44770
13 14 15.08219
13 15 63.85311
13 16 60.99625
13 17 67.65876
13 18 85.39373
13 19 49.89871
13 20 58.87179
13 21 39.71758
13 22 53.42102
13 23 19.39274
13 24 19.82400
14 15 65.97670
14 16 60.89246
14 17 62.57158
14 18 91.21415
14 19 47.78179
14 20 69.73072
14 21 54.23283
14 22 62.81380
14 23 33.64894
14 24 12.24982
15 16 10.13227
15 17 31.24245
15 18 30.36957
15 19 22.66385
15 20 41.96958
15 21 62.66214
15 22 32.91406
15 23 57.77335
15 24 54.38349
16 17 21.54771
16 18 40.22660
16 19 14.23555
16 20 49.43069
16 21 66.14100
16 22 39.71547
16 23 58.06832
16 24 48.83588
17 18 59.59712
17 19 20.00306
17 20 70.24146
17 21 82.73118
17 22 60.26515
17 23 70.55112
17 24 50.59721
18 19 52.82353
18 20 38.82207
18 21 69.47051
18 22 36.14107
18 23 73.42183
18 24 80.78335
19 20 53.26352
19 21 62.83808
19 22 43.13307
19 23 50.77033
19 24 35.55798
20 21 31.74216
20 22 10.13121
20 23 41.80762
20 24 63.10966
21 22 33.72129
21 23 20.59368
21 24 53.26423
22 23 38.43343
22 24 55.10735
23 24 33.35559
89.5717 70.4837
83.6980 15.0487
44.9844 86.9697
36.3253 88.1423
75.2666 99.3033
93.2994 47.8312
24.6299 48.6257
2.0394 83.3070
61.3514 31.4661
45.1774 96.9846
99.9937 68.3752
55.9602 46.6693
95.5015 6.6414
80.0069 34.2294
91.4534 44.0503
37.2279 81.6338
46.6699 85.3096
62.7519 99.6509
7.0153 78.5500
59.8225 79.8635
21.7372 42.6276
43.2188 19.2587
28.9024 49.7901
61.3008 29.1147
83.8728 53.6728
