100
0 1 54.88239
0 2 73.81842
0 3 51.00940
0 4 67.93857
0 5 21.42690
0 6 56.64919
0 7 50.81252
0 8 26.42685
0 9 25.94825
0 10 49.29692
0 11 96.38898
0 12 76.68656
0 13 96.45762
0 14 38.20729
0 15 80.55983
0 16 79.65629
0 17 60.41420
0 18 61.22264
0 19 83.57037
0 20 65.27755
0 21 50.11179
0 22 25.76277
0 23 60.28464
0 24 71.74781
0 25 83.78009
0 26 16.91013
0 27 68.52272
0 28 60.66746
0 29 90.97720
0 30 38.50624
0 31 51.43635
0 32 38.59426
0 33 37.66977
0 34 82.17274
0 35 49.26366
0 36 37.04556
0 37 11.78353
0 38 77.87556
0 39 70.29209
0 40 57.46357
0 41 42.35566
0 42 49.67803
0 43 54.50471
0 44 7.79769
0 45 85.05989
0 46 97.95722
0 47 69.42322
0 48 53.59570
0 49 56.53321
0 50 62.46279
0 51 37.35350
0 52 43.80216
0 53 29.92586
0 54 24.51627
0 55 54.75445
0 56 70.14277
0 57 28.16952
0 58 28.23967
0 59 53.73141
0 60 69.17969
0 61 14.22990
0 62 22.21305
0 63 33.25319
0 64 58.45359
0 65 80.37627
0 66 53.77277
0 67 60.27474
0 68 91.35431
0 69 79.61523
0 70 58.41239
0 71 57.00218
0 72 87.54870
0 73 61.91501
0 74 32.23519
0 75 96.68578
0 76 30.96572
0 77 67.64064
0 78 32.58526
0 79 25.99868
0 80 34.93290
0 81 33.83682
0 82 76.74854
0 83 27.61080
0 84 97.40913
0 85 36.33930
0 86 79.44262
0 87 99.47848
0 88 34.06146
0 89 84.68977
0 90 70.43891
0 91 45.28853
0 92 88.40968
0 93 57.91434
0 94 43.69114
0 95 58.22649
0 96 77.13788
0 97 24.96808
0 98 27.81951
0 99 32.20794
1 2 57.78282
1 3 36.52525
1 4 30.01654
1 5 54.59204
1 6 90.26006
1 7 57.54001
1 8 51.87570
1 9 80.76194
1 10 94.79217
1 11 78.28002
1 12 66.61216
1 13 109.88156
1 14 57.11636
1 15 46.07680
1 16 64.94186
1 17 76.92628
1 18 61.52129
1 19 102.04350
1 20 64.84641
1 21 86.46230
1 22 79.96420
1 23 88.23421
1 24 53.29839
1 25 110.24479
1 26 38.87905
1 27 50.77644
1 28 94.58913
1 29 101.53054
1 30 74.39649
1 31 71.80636
1 32 16.78896
1 33 83.44472
1 34 109.26393
1 35 86.91622
1 36 18.04724
1 37 61.03358
1 38 45.99463
1 39 60.19461
1 40 10.16200
1 41 86.37977
1 42 5.63519
1 43 53.84548
1 44 52.02463
1 45 56.75864
1 46 71.16176
1 47 102.51813
1 48 20.26071
1 49 95.48311
1 50 13.36129
1 51 89.55019
1 52 42.52188
1 53 47.62450
1 54 71.43063
1 55 80.46528
1 56 91.98877
1 57 27.18102
1 58 79.96386
1 59 83.69922
1 60 66.79132
1 61 62.91277
1 62 76.19273
1 63 26.05459
1 64 64.56058
1 65 84.09317
1 66 81.37823
1 67 16.99747
1 68 79.05513
1 69 89.23829
1 70 83.75250
1 71 57.21253
1 72 93.16596
1 73 79.82327
1 74 84.14430
1 75 71.57430
1 76 43.38562
1 77 88.65750
1 78 24.47028
1 79 29.39309
1 80 77.44683
1 81 63.30397
1 82 106.47342
1 83 66.81415
1 84 99.29533
1 85 87.41424
1 86 95.10501
1 87 116.14905
1 88 58.90830
1 89 71.88049
1 90 76.33313
1 91 46.96654
1 92 59.23947
1 93 16.25836
1 94 25.28182
1 95 97.44137
1 96 89.60163
1 97 64.16342
1 98 54.18250
1 99 69.56606
2 3 25.49115
2 4 31.46988
2 5 55.62180
2 6 64.29688
2 7 28.04452
2 8 49.50316
2 9 90.95641
2 10 81.42641
2 11 23.15220
2 12 9.93767
2 13 59.29788
2 14 41.17733
2 15 24.21835
2 16 7.24603
2 17 39.98679
2 18 19.69458
2 19 56.90073
2 20 18.80041
2 21 65.27986
2 22 87.25104
2 23 57.08528
2 24 4.64552
2 25 70.34428
2 26 60.75372
2 27 7.07853
2 28 67.20624
2 29 50.35435
2 30 59.55567
2 31 42.51715
2 32 61.16097
2 33 74.92899
2 34 70.19638
2 35 66.99724
2 36 60.23679
2 37 69.77383
2 38 20.60681
2 39 7.28892
2 40 48.20815
2 41 74.32338
2 42 55.22011
2 43 21.33144
2 44 66.27452
2 45 17.37993
2 46 25.40723
2 47 71.49387
2 48 37.70105
2 49 73.52772
2 50 47.82270
2 51 88.84509
2 52 30.04355
2 53 44.54488
2 54 70.57350
2 55 50.96562
2 56 53.05639
2 57 56.78166
2 58 81.61612
2 59 56.91855
2 60 17.00259
2 61 69.65807
2 62 83.98994
2 63 48.53951
2 64 26.18862
2 65 31.94855
2 66 53.35288
2 67 42.00177
2 68 21.41786
2 69 40.20404
2 70 52.05465
2 71 20.70507
2 72 40.24541
2 73 42.59618
2 74 84.60569
2 75 23.53822
2 76 42.86635
2 77 50.24042
2 78 51.70890
2 79 64.43310
2 80 67.99717
2 81 50.98397
2 82 70.74171
2 83 61.01147
2 84 43.52570
2 85 85.21325
2 86 49.40400
2 87 66.91177
2 88 46.74755
2 89 14.12965
2 90 29.05995
2 91 28.83220
2 92 20.03070
2 93 41.91367
2 94 38.29174
2 95 75.09966
2 96 42.83969
2 97 60.58247
2 98 49.43317
2 99 59.72530
3 4 22.57392
3 5 36.52386
3 6 60.30167
3 7 22.63734
3 8 30.80184
3 9 71.69649
3 10 71.40657
3 11 48.55411
3 12 32.21388
3 13 73.42427
3 14 28.21519
3 15 30.48704
3 16 32.51041
3 17 42.12366
3 18 25.01111
3 19 66.26400
3 20 28.34109
3 21 58.47084
3 22 68.77750
3 23 56.02986
3 24 22.14781
3 25 75.94322
3 26 36.28762
3 27 18.88745
3 28 64.26098
3 29 65.01619
3 30 48.66949
3 31 39.00548
3 32 36.30142
3 33 62.13652
3 34 75.18942
3 35 59.57976
3 36 35.20169
3 37 49.54017
3 38 27.35266
3 39 25.29796
3 40 28.85217
3 41 63.21151
3 42 32.61739
3 43 17.60135
3 44 44.03364
3 45 34.07177
3 46 47.40056
3 47 71.05920
3 48 17.14889
3 49 67.67627
3 50 30.81917
3 51 73.48870
3 52 10.55220
3 53 25.04060
3 54 54.01770
3 55 48.36676
3 56 57.40821
3 57 31.31170
3 58 64.88765
3 59 52.94956
3 60 30.49060
3 61 50.09487
3 62 65.14694
3 63 23.05492
3 64 28.53689
3 65 47.63826
3 66 49.93591
3 67 24.87951
3 68 46.34386
3 69 52.77026
3 70 51.06535
3 71 20.83676
3 72 56.70239
3 73 45.12499
3 74 68.53677
3 75 46.44249
3 76 21.68142
3 77 54.08313
3 78 26.22099
3 79 38.95529
3 80 55.10951
3 81 37.64018
3 82 73.40900
3 83 45.67135
3 84 63.28963
3 85 70.27202
3 86 59.09932
3 87 79.86198
3 88 32.60074
3 89 38.98928
3 90 39.84149
3 91 13.61615
3 92 37.41509
3 93 23.50602
3 94 13.20990
3 95 69.55322
3 96 53.34733
3 97 44.16662
3 98 31.84876
3 99 46.21339
4 5 57.42433
4 6 82.55772
4 7 43.92064
4 8 52.19807
4 9 91.22887
4 10 93.89952
4 11 49.19909
4 12 41.29267
4 13 89.40527
4 14 50.78452
4 15 16.19604
4 16 37.97398
4 17 62.55701
4 18 42.68180
4 19 84.66715
4 20 44.61943
4 21 80.98911
4 22 88.87474
4 23 77.70856
4 24 26.84493
4 25 96.04096
4 26 51.35743
4 27 25.37927
4 28 86.40285
4 29 80.54461
4 30 71.20862
4 31 60.79716
4 32 39.91615
4 33 84.35129
4 34 95.48948
4 35 82.13147
4 36 39.85300
4 37 69.11102
4 38 16.01243
4 39 36.18749
4 40 19.87128
4 41 85.64779
4 42 29.65391
4 43 37.46700
4 44 62.08110
4 45 26.83286
4 46 41.15469
4 47 92.81090
4 48 14.97433
4 49 90.17183
4 50 17.64015
4 51 94.90629
4 52 33.07549
4 53 46.47045
4 54 75.37845
4 55 70.21783
4 56 77.60812
4 57 42.11976
4 58 85.93559
4 59 75.11758
4 60 45.06320
4 61 70.10197
4 62 85.11443
4 63 35.03977
4 64 47.95228
4 65 62.11993
4 66 71.96808
4 67 13.04439
4 68 51.44618
4 69 69.24486
4 70 72.63225
4 71 39.88661
4 72 70.90650
4 73 65.55492
4 74 89.77720
4 75 41.65022
4 76 42.53761
4 77 74.37031
4 78 36.67034
4 79 48.55447
4 80 77.38702
4 81 60.08760
4 82 94.41707
4 83 67.61062
4 84 74.95922
4 85 91.87088
4 86 77.19434
4 87 96.62187
4 88 55.04213
4 89 44.76244
4 90 56.66567
4 91 36.09069
4 92 29.22925
4 93 14.26826
4 94 24.27405
4 95 92.03434
4 96 70.89710
4 97 65.84078
4 98 53.60041
4 99 68.51165
5 6 39.59441
5 7 30.19976
5 8 6.12507
5 9 35.60468
5 10 40.20654
5 11 77.24339
5 12 57.00988
5 13 75.51142
5 14 16.94477
5 15 66.98653
5 16 60.70195
5 17 39.14562
5 18 40.79504
5 19 63.07353
5 20 44.69878
5 21 34.14652
5 22 32.35708
5 23 41.19883
5 24 54.36878
5 25 65.07533
5 26 20.17720
5 27 51.34279
5 28 43.94251
5 29 69.72546
5 30 21.50391
5 31 30.27812
5 32 41.80519
5 33 28.91905
5 34 63.61080
5 35 34.03407
5 36 39.94137
5 37 14.22079
5 38 63.73633
5 39 51.07733
5 40 53.24641
5 41 31.81823
5 42 48.95818
5 43 34.94410
5 44 13.95376
5 45 69.09393
5 46 80.71307
5 47 52.65983
5 48 45.41802
5 49 42.41838
5 50 57.63774
5 51 37.52125
5 52 26.97043
5 53 11.58768
5 54 18.04750
5 55 34.74371
5 56 49.89576
5 57 29.19275
5 58 28.52882
5 59 34.99195
5 60 48.66872
5 61 14.06054
5 62 28.82330
5 63 28.59469
5 64 37.40374
5 65 59.01166
5 66 34.23975
5 67 53.60233
5 68 71.37090
5 69 58.22623
5 70 38.49118
5 71 36.95864
5 72 66.12182
5 73 40.80969
5 74 32.35467
5 75 79.08097
5 76 14.96499
5 77 47.15612
5 78 30.24063
5 79 32.58324
5 80 22.88469
5 81 13.22508
5 82 58.89381
5 83 12.28275
5 84 76.00347
5 85 34.62143
5 86 58.47930
5 87 78.98957
5 88 12.64774
5 89 65.07456
5 90 49.08978
5 91 26.90995
5 92 72.42908
5 93 51.33434
5 94 34.56041
5 95 44.33774
5 96 55.85826
5 97 9.57151
5 98 6.62920
5 99 15.65699
6 7 39.07126
6 8 39.59817
6 9 52.23961
6 10 22.20267
6 11 77.73175
6 12 59.20551
6 13 46.92670
6 14 33.38403
6 15 85.29565
6 16 65.23183
6 17 25.09436
6 18 44.66273
6 19 32.65426
6 20 45.78376
6 21 7.01988
6 22 47.32306
6 23 9.04695
6 24 66.00965
6 25 27.71154
6 26 59.76332
6 27 64.38167
6 28 4.39845
6 29 45.23190
6 30 18.40479
6 31 22.26957
6 32 80.09274
6 33 24.70809
6 34 25.98434
6 35 8.70034
6 36 78.24322
6 37 45.02174
6 38 81.42537
6 39 57.15183
6 40 86.12352
6 41 20.22094
6 42 84.83612
6 43 46.19327
6 44 51.26229
6 45 81.57914
6 46 87.72954
6 47 13.07231
6 48 75.60841
6 49 9.78118
6 50 89.46925
6 51 39.31212
6 52 50.37704
6 53 42.83937
6 54 33.67977
6 55 13.33133
6 56 20.52594
6 57 67.79453
6 58 38.74360
6 59 7.54242
6 60 48.65284
6 61 42.72932
6 62 46.61228
6 63 64.91398
6 64 38.14991
6 65 45.87856
6 66 11.00579
6 67 84.09586
6 68 68.69254
6 69 39.02647
6 70 12.90249
6 71 44.92543
6 72 47.81896
6 73 23.24378
6 74 38.53813
6 75 85.16248
6 76 46.94583
6 77 20.37843
6 78 67.46034
6 79 72.04666
6 80 22.90160
6 81 27.56191
6 82 20.15039
6 83 29.23350
6 84 58.08049
6 85 35.85426
6 86 32.48591
6 87 47.09016
6 88 31.45833
6 89 65.61336
6 90 39.58817
6 91 46.70241
6 92 84.32697
6 93 82.24274
6 94 66.08275
6 95 11.01999
6 96 34.62174
6 97 32.10440
6 98 37.10012
6 99 24.73823
7 8 24.49350
7 9 64.17371
7 10 53.85581
7 11 47.70075
7 12 27.23071
7 13 53.41310
7 14 13.82882
7 15 46.46597
7 16 31.68883
7 17 19.58255
7 18 10.61197
7 19 44.53334
7 20 14.51437
7 21 38.59104
7 22 60.15000
7 23 33.78799
7 24 28.42382
7 25 53.35915
7 26 42.01443
7 27 26.19952
7 28 42.70801
7 29 45.74378
7 30 31.59555
7 31 16.94599
7 32 52.80456
7 33 46.89544
7 34 52.57242
7 35 40.08583
7 36 51.23722
7 37 44.26458
7 38 42.63465
7 39 22.07637
7 40 51.00141
7 41 46.46139
7 42 52.86176
7 43 7.29994
7 44 43.01677
7 45 44.27354
7 46 53.35177
7 47 48.89087
7 48 39.49109
7 49 47.43688
7 50 53.36072
7 51 60.88507
7 52 15.12881
7 53 21.25334
7 54 43.05833
7 55 26.35071
7 56 34.84960
7 57 43.36067
7 58 53.97770
7 59 31.53992
7 60 18.47247
7 61 43.65560
7 62 57.12259
7 63 36.75807
7 64 8.34686
7 65 31.00157
7 66 28.23376
7 67 47.48816
7 68 41.26226
7 69 33.26271
7 70 28.71718
7 71 7.42254
7 72 39.36385
7 73 22.56119
7 74 56.78283
7 75 51.28683
7 76 22.00214
7 77 31.51419
7 78 40.14409
7 79 50.34211
7 80 39.95270
7 81 23.13714
7 82 50.81525
7 83 33.35797
7 84 48.14114
7 85 57.22337
7 86 37.75446
7 87 59.06043
7 88 19.33926
7 89 35.24600
7 90 21.34468
7 91 10.67010
7 92 47.34559
7 93 46.01481
7 94 32.30353
7 95 49.18867
7 96 32.70506
7 97 33.29785
7 98 23.58327
7 99 31.74687
8 9 41.69548
8 10 43.41113
8 11 71.21370
8 12 51.04725
8 13 72.03985
8 14 11.96841
8 15 61.17983
8 16 54.63626
8 17 35.37999
8 18 35.02545
8 19 60.18222
8 20 39.00482
8 21 34.95369
8 22 38.35352
8 23 39.83492
8 24 48.24873
8 25 63.58438
8 26 21.32863
8 27 45.23123
8 28 43.99657
8 29 65.79725
8 30 22.58960
8 31 26.90825
8 32 40.52883
8 33 32.74394
8 34 62.22868
8 35 35.21128
8 36 38.67316
8 37 20.29550
8 38 57.86765
8 39 45.03054
8 40 49.53514
8 41 34.94749
8 42 46.28885
8 43 28.91630
8 44 18.66736
8 45 63.02920
8 46 74.58889
8 47 52.48903
8 48 40.90462
8 49 43.76776
8 50 53.68462
8 51 42.77959
8 52 20.98854
8 53 5.77404
8 54 23.25909
8 55 32.76802
8 56 47.38589
8 57 28.20024
8 58 34.08595
8 59 34.07484
8 60 42.94881
8 61 20.18452
8 62 34.87034
8 63 25.90086
8 64 32.02676
8 65 54.08639
8 66 32.71868
8 67 49.27693
8 68 65.49549
8 69 53.96860
8 70 36.49889
8 71 31.04553
8 72 61.54404
8 73 37.35519
8 74 37.75783
8 75 72.95657
8 76 9.74649
8 77 44.44122
8 78 28.11593
8 79 32.88643
8 80 26.13508
8 81 12.04224
8 82 58.00760
8 83 15.71731
8 84 71.19911
8 85 39.67946
8 86 55.07628
8 87 76.00970
8 88 9.18114
8 89 59.10930
8 90 44.13949
8 91 20.78732
8 92 66.35930
8 93 47.07649
8 94 30.15050
8 95 45.72202
8 96 51.93176
8 97 13.67410
8 98 2.50720
8 99 17.77576
9 10 35.55591
9 11 111.86641
9 12 91.40442
9 13 98.23456
9 14 50.35189
9 15 102.15240
9 16 95.62455
9 17 66.32435
9 18 74.64270
9 19 84.13608
9 20 78.16276
9 21 45.28281
9 22 4.92684
9 23 59.15502
9 24 89.91064
9 25 79.49565
9 26 42.18518
9 27 86.91881
9 28 55.05258
9 29 94.85509
9 30 38.67032
9 31 57.62580
9 32 64.54250
9 33 27.63285
9 34 77.69609
9 35 43.54780
9 36 62.98809
9 37 22.21312
9 38 99.04256
9 39 85.94789
9 40 82.79222
9 41 32.52076
9 42 75.48295
9 43 69.87462
9 44 29.56984
9 45 104.69412
9 46 116.19875
9 47 62.72182
9 48 77.67877
9 49 47.65240
9 50 87.71186
9 51 16.93064
9 52 62.53064
9 53 47.14146
9 54 21.89831
9 55 56.59239
9 56 70.87644
9 57 53.80254
9 58 13.49724
9 59 52.89343
9 60 82.13513
9 61 21.64221
9 62 7.06016
9 63 57.85929
9 64 70.03194
9 65 88.93969
9 66 54.60746
9 67 84.98987
9 68 105.18886
9 69 85.47153
9 70 59.50650
9 71 71.41812
9 72 94.26854
9 73 66.68724
9 74 14.47753
9 75 114.48235
9 76 50.04016
9 77 69.35898
9 78 57.76168
9 79 51.92653
9 80 30.33390
9 81 41.64063
9 82 71.28068
9 83 31.42897
9 84 104.75493
9 85 18.51312
9 86 82.17068
9 87 99.19782
9 88 44.84414
9 89 99.41027
9 90 79.60103
9 91 62.45291
9 92 108.03138
9 93 82.62389
9 94 67.14684
9 95 48.72363
9 96 81.92946
9 97 30.94280
9 98 41.53749
9 99 34.56734
10 11 97.57539
10 12 77.99805
10 13 68.49093
10 14 43.30590
10 15 99.76084
10 16 83.64588
10 17 45.21612
10 18 61.95152
10 19 54.29723
10 20 64.03372
10 21 17.37910
10 22 31.08410
10 23 31.13541
10 24 82.24307
10 25 46.11312
10 26 58.52232
10 27 80.04942
10 28 23.04295
10 29 67.35934
10 30 22.80578
10 31 39.41170
10 32 81.58275
10 33 11.86556
10 34 44.28489
10 35 15.31323
10 36 79.73693
10 37 38.00691
10 38 96.02840
10 39 74.71529
10 40 92.94526
10 41 8.46384
10 42 89.15977
10 43 61.10780
10 44 46.70448
10 45 98.09881
10 46 106.12030
10 47 28.83388
10 48 84.02148
10 49 13.93390
10 50 97.06943
10 51 19.58986
10 52 60.85723
10 53 48.55704
10 54 25.17347
10 55 32.97208
10 56 42.71087
10 57 68.99226
10 58 23.36290
10 59 27.08764
10 60 67.43960
10 61 35.53679
10 62 31.95631
10 63 68.76347
10 64 55.68171
10 65 67.37470
10 66 30.36147
10 67 92.49582
10 68 89.00733
10 69 61.05196
10 70 34.07052
10 71 60.86933
10 72 69.91574
10 73 44.04462
10 74 21.12352
10 75 103.75822
10 76 52.88845
10 77 42.52182
10 78 70.43614
10 79 71.03433
10 80 17.35888
10 81 33.82007
10 82 37.60025
10 83 27.98978
10 84 80.24073
10 85 17.09537
10 86 54.66520
10 87 67.68586
10 88 38.86336
10 89 85.09625
10 90 60.10213
10 91 58.31196
10 92 101.12135
10 93 90.34863
10 94 73.42548
10 95 14.30165
10 96 56.71713
10 97 30.64035
10 98 41.39100
10 99 25.75986
11 12 20.48877
11 13 57.02210
11 14 61.51483
11 15 35.60580
11 16 16.73880
11 17 52.73068
11 18 37.36423
11 19 60.28129
11 20 34.24691
11 21 80.43598
11 22 107.84460
11 23 69.25832
11 24 26.53020
11 25 75.66679
11 26 83.82749
11 27 29.71949
11 28 79.66522
11 29 48.89018
11 30 77.44280
11 31 58.33137
11 32 83.59792
11 33 92.96985
11 34 76.08001
11 35 82.39713
11 36 82.80064
11 37 91.46261
11 38 33.83882
11 39 26.19446
11 40 68.25009
11 41 91.45736
11 42 76.49958
11 43 42.30106
11 44 88.72972
11 45 23.55844
11 46 15.07048
11 47 81.74343
11 48 58.98361
11 49 87.47469
11 50 66.77695
11 51 107.80219
11 52 52.86687
11 53 66.68232
11 54 90.67504
11 55 64.95899
11 56 61.64532
11 57 79.86574
11 58 101.47704
11 59 71.06677
11 60 30.47426
11 61 91.08473
11 62 104.81896
11 63 71.60422
11 64 42.74273
11 65 34.39860
11 66 67.56096
11 67 61.56393
11 68 9.72853
11 69 43.62151
11 70 64.83249
11 71 40.46637
11 72 38.77184
11 73 54.50046
11 74 104.05298
11 75 12.27509
11 76 65.45710
11 77 59.70523
11 78 74.72044
11 79 87.50659
11 80 86.41178
11 81 70.64011
11 82 78.58063
11 83 80.94135
11 84 36.00821
11 85 104.04710
11 86 53.73510
11 87 65.07068
11 88 67.03998
11 89 12.64334
11 90 38.19828
11 91 51.10552
11 92 22.74304
11 93 62.02857
11 94 61.07662
11 95 88.73851
11 96 47.77687
11 97 80.99478
11 98 70.78601
11 99 78.89103
12 13 49.57506
12 14 41.05589
12 15 33.71062
12 16 6.26269
12 17 34.18451
12 18 16.88920
12 19 48.06152
12 20 14.02356
12 21 61.15607
12 22 87.36104
12 23 51.28492
12 24 14.47521
12 25 62.15051
12 26 65.17799
12 27 16.15451
12 28 61.65086
12 29 40.63794
12 30 57.23914
12 31 38.58651
12 32 68.50507
12 33 72.78272
12 34 62.16122
12 35 63.03152
12 36 67.41509
12 37 71.20682
12 38 30.26001
12 39 6.97534
12 40 57.31846
12 41 71.51809
12 42 63.65151
12 43 22.20701
12 44 68.94674
12 45 25.09862
12 46 28.52927
12 47 64.99386
12 48 46.36803
12 49 68.77865
12 50 57.27284
12 51 87.44894
12 52 33.99822
12 53 46.79115
12 54 70.18725
12 55 46.03221
12 56 45.68568
12 57 62.75917
12 58 81.00371
12 59 52.14099
12 60 10.60335
12 61 70.74440
12 62 84.35297
12 63 54.70865
12 64 22.51938
12 65 22.39049
12 66 48.56977
12 67 51.34291
12 68 14.79727
12 69 31.06381
12 70 46.48668
12 71 20.07926
12 72 30.41624
12 73 36.42651
12 74 83.62113
12 75 25.96468
12 76 46.00020
12 77 43.15332
12 78 58.04062
12 79 70.38930
12 80 66.12167
12 81 50.15695
12 82 63.33100
12 83 60.45480
12 84 33.66778
12 85 83.71097
12 86 40.67066
12 87 57.28587
12 88 46.56600
12 89 8.06469
12 90 21.19464
12 91 31.56189
12 92 27.01095
12 93 51.07004
12 94 45.41158
12 95 70.19817
12 96 34.11987
12 97 60.51403
12 98 50.48828
12 99 58.45930
13 14 60.49425
13 15 83.27933
13 16 54.90297
13 17 36.68624
13 18 48.42976
13 19 14.27244
13 20 45.43980
13 21 53.46326
13 22 93.31986
13 23 39.12599
13 24 63.50995
13 25 26.20415
13 26 92.91361
13 27 64.24419
13 28 45.44884
13 29 8.94360
13 30 60.25331
13 31 45.26121
13 32 106.21473
13 33 71.28184
13 34 27.62114
13 35 55.42605
13 36 104.63490
13 37 86.19500
13 38 79.82602
13 39 53.38390
13 40 102.09896
13 41 67.07784
13 42 105.62433
13 43 56.05893
13 44 89.39210
13 45 73.84063
13 46 71.65207
13 47 41.18624
13 48 90.38991
13 49 54.64437
13 50 103.34915
13 51 86.22722
13 52 68.36280
13 53 71.64094
13 54 77.63180
13 55 42.33422
13 56 27.37492
13 57 96.34144
13 58 84.84676
13 59 45.35094
13 60 44.39216
13 61 84.39686
13 62 92.01762
13 63 90.12517
13 64 45.60075
13 65 27.40668
13 66 43.94097
13 67 97.24042
13 68 47.77652
13 69 20.65432
13 70 39.01266
13 71 52.67032
13 72 19.28987
13 73 34.73217
13 74 85.15742
13 75 68.72164
13 76 73.94184
13 77 29.21663
13 78 93.48082
13 79 102.89714
13 80 67.93238
13 81 62.62871
13 82 33.48981
13 83 70.06233
13 84 21.94972
13 85 82.72329
13 86 17.03338
13 87 8.05562
13 88 63.11606
13 89 50.24699
13 90 33.59291
13 91 63.97405
13 92 75.03145
13 93 96.33346
13 94 85.12184
13 95 54.68957
13 96 20.74536
13 97 72.15443
13 98 69.93283
13 99 65.71522
14 15 56.74464
14 16 45.36523
14 17 23.82894
14 18 24.37402
14 19 49.18535
14 20 28.08481
14 21 30.58180
14 22 46.37024
14 23 31.26821
14 24 40.84417
14 25 54.22838
14 26 32.42227
14 27 38.18775
14 28 37.63350
14 29 53.99439
14 30 20.50827
14 31 16.00639
14 32 48.49243
14 33 34.75887
14 34 53.04382
14 35 31.53188
14 36 46.71520
14 37 30.68184
14 38 53.10209
14 39 35.69941
14 40 52.74218
14 41 35.25831
14 42 51.80106
14 43 19.84821
14 44 30.51895
14 45 56.43958
14 46 66.58436
14 47 45.40641
14 48 42.38860
14 49 39.82671
14 50 56.16045
14 51 47.82128
14 52 17.73357
14 53 11.34935
14 54 29.42434
14 55 23.59824
14 56 36.96231
14 57 37.07793
14 58 40.44353
14 59 26.59779
14 60 32.07546
14 61 29.93172
14 62 43.30436
14 63 32.55407
14 64 20.49609
14 65 42.17948
14 66 24.30075
14 67 50.91926
14 68 55.02601
14 69 42.05333
14 70 27.10422
14 71 21.08843
14 72 49.57564
14 73 26.05777
14 74 43.45266
14 75 64.65811
14 76 14.55535
14 77 33.82455
14 78 35.48970
14 79 42.92254
14 80 27.67273
14 81 10.04744
14 82 49.62810
14 83 19.83535
14 84 59.25989
14 85 44.26784
14 86 43.65118
14 87 64.84245
14 88 5.58245
14 89 49.07482
14 90 32.23685
14 91 15.01853
14 92 59.65651
14 93 48.99211
14 94 32.69873
14 95 41.74547
14 96 40.16228
14 97 19.53055
14 98 10.39332
14 99 18.94210
15 16 28.60104
15 17 62.43424
15 18 41.46905
15 19 81.06906
15 20 41.89730
15 21 85.04773
15 22 99.26447
15 23 79.03585
15 24 20.60774
15 25 94.18848
15 26 64.65377
15 27 21.28005
15 28 88.67678
15 29 74.34572
15 30 77.02488
15 31 63.02685
15 32 55.79848
15 33 91.46612
15 34 93.93980
15 35 86.50226
15 36 55.59772
15 37 79.96593
15 38 3.88926
15 39 31.01335
15 40 35.98381
15 41 91.92156
15 42 45.84583
15 43 39.20104
15 44 74.00188
15 45 12.06432
15 46 25.45349
15 47 93.91237
15 48 30.23736
15 49 93.88998
15 50 33.22853
15 51 103.63277
15 52 40.33019
15 53 55.45115
15 54 84.27357
15 55 72.18065
15 56 76.45888
15 57 56.64001
15 58 95.23249
15 59 77.75783
15 60 40.87916
15 61 80.57229
15 62 95.63152
15 63 48.92803
15 64 47.75409
15 65 56.05871
15 66 74.31785
15 67 29.19362
15 68 39.98819
15 69 64.42223
15 70 73.89781
15 71 40.40475
15 72 64.07183
15 73 65.26254
15 74 98.79305
15 75 26.35431
15 76 52.16726
15 77 73.46987
15 78 51.09146
15 79 63.55121
15 80 84.37836
15 81 66.70649
15 82 94.01203
15 83 75.56395
15 84 66.05193
15 85 100.30486
15 86 73.55536
15 87 90.99283
15 88 61.80393
15 89 34.44393
15 90 53.04427
15 91 41.84131
15 92 13.67082
15 93 30.45970
15 94 37.50957
15 95 95.62327
15 96 67.00195
15 97 74.30131
15 98 62.04869
15 99 75.54868
16 17 40.28618
16 18 21.90698
16 19 54.08598
16 20 19.64404
16 21 66.96481
16 22 91.72646
16 23 57.42451
16 24 11.64538
16 25 68.33250
16 26 67.19616
16 27 14.32288
16 28 67.76479
16 29 46.01015
16 30 62.49076
16 31 44.27113
16 32 68.36565
16 33 78.01366
16 34 68.36889
16 35 68.80277
16 36 67.41975
16 37 74.92013
16 38 25.41082
16 39 9.67675
16 40 55.28944
16 41 76.96661
16 42 62.44783
16 43 25.79484
16 44 72.00773
16 45 19.13394
16 46 22.54772
16 47 71.22776
16 48 44.91235
16 49 74.74736
16 50 54.71961
16 51 92.43217
16 52 36.15255
16 53 49.99771
16 54 74.73301
16 55 51.99863
16 56 51.94817
16 57 63.71221
16 58 85.66653
16 59 58.08792
16 60 16.58532
16 61 74.62598
16 62 88.60039
16 63 55.50395
16 64 27.97672
16 65 28.09194
16 66 54.50941
16 67 48.98412
16 68 14.17612
16 69 37.00596
16 70 52.57981
16 71 24.29879
16 72 35.62487
16 73 42.59290
16 74 88.43891
16 75 20.11386
16 76 48.71875
16 77 49.41150
16 78 58.71974
16 79 71.36971
16 80 71.24180
16 81 54.81832
16 82 69.59042
16 83 65.04467
16 84 37.61975
16 85 88.72844
16 86 46.74924
16 87 62.73420
16 88 50.93673
16 89 6.94281
16 90 27.45595
16 91 34.38128
16 92 20.85616
16 93 48.98760
16 94 45.43977
16 95 76.20072
16 96 40.22077
16 97 64.89578
16 98 54.31414
16 99 63.32857
17 18 20.96569
17 19 25.72687
17 20 21.19710
17 21 27.88239
17 22 61.62417
17 23 17.16945
17 24 42.28250
17 25 33.82089
17 26 56.24944
17 27 41.16012
17 28 27.47865
17 29 30.58096
17 30 27.92859
17 31 9.07301
17 32 70.90437
17 33 42.49725
17 34 33.10157
17 35 29.91193
17 36 69.22212
17 37 50.91089
17 38 58.54926
17 39 32.71648
17 40 70.58105
17 41 39.97023
17 42 72.09605
17 43 25.13387
17 44 53.09679
17 45 57.36665
17 46 62.71088
17 47 31.57352
17 48 59.06797
17 49 34.77998
17 50 72.91250
17 51 58.04245
17 52 34.40543
17 53 35.06264
17 54 44.53307
17 55 12.28406
17 56 15.28492
17 57 60.27689
17 58 53.80568
17 59 18.35538
17 60 23.71300
17 61 49.41313
17 62 59.51267
17 63 54.70741
17 64 14.80791
17 65 22.96519
17 66 14.90083
17 67 67.00281
17 68 43.88268
17 69 19.47494
17 70 12.30227
17 71 22.73472
17 72 28.03317
17 73 3.01213
17 74 55.34367
17 75 60.11108
17 76 37.65068
17 77 11.96063
17 78 57.93360
17 79 66.52785
17 80 36.94900
17 81 26.77692
17 82 31.92511
17 83 35.62780
17 84 38.45900
17 85 54.24300
17 86 19.82963
17 87 41.12124
17 88 26.57970
17 89 40.52755
17 90 14.88666
17 91 29.97157
17 92 59.93110
17 93 65.57319
17 94 51.64467
17 95 36.11301
17 96 16.72422
17 97 37.16984
17 98 33.32712
17 99 31.86816
18 19 42.10038
18 20 4.18181
18 21 45.61022
18 22 70.53800
18 23 37.75163
18 24 21.44394
18 25 53.53533
18 26 51.45745
18 27 20.19483
18 28 47.69680
18 29 40.00938
18 30 40.58385
18 31 22.83278
18 32 59.39612
18 33 56.10806
18 34 53.09216
18 35 47.35421
18 36 57.99693
18 37 54.87629
18 38 37.58478
18 39 12.76801
18 40 53.69074
18 41 55.10604
18 42 57.44110
18 43 8.24586
18 44 53.42615
18 45 36.91697
18 46 44.20819
18 47 52.48843
18 48 41.97254
18 49 53.83761
18 50 55.13806
18 51 70.61601
18 52 21.62942
18 53 31.41607
18 54 53.31896
18 55 31.34080
18 56 35.31669
18 57 51.31003
18 58 64.11581
18 59 37.24735
18 60 7.96072
18 61 54.25806
18 62 67.58453
18 63 43.95518
18 64 6.51296
18 65 23.05105
18 66 33.69045
18 67 49.04576
18 68 30.66009
18 69 27.77746
18 70 32.65011
18 71 4.81404
18 72 32.00931
18 73 23.80369
18 74 66.74065
18 75 41.92737
18 76 31.51807
18 77 32.20296
18 78 47.40097
18 79 58.65095
18 80 49.35719
18 81 33.27683
18 82 52.66965
18 83 43.58204
18 84 39.61348
18 85 66.89242
18 86 34.70481
18 87 55.00745
18 88 29.80905
18 89 24.80069
18 90 14.83728
18 91 17.86696
18 92 39.69787
18 93 48.01256
18 94 37.17372
18 95 55.42046
18 96 28.63535
18 97 43.71301
18 98 34.18615
18 99 41.58245
19 20 40.09967
19 21 39.21599
19 22 79.21431
19 23 24.98109
19 24 60.54335
19 25 15.66571
19 26 81.40737
19 27 60.54924
19 28 31.26046
19 29 14.55326
19 30 46.50965
19 31 33.31882
19 32 96.61676
19 33 57.05525
19 34 16.44013
19 35 41.16620
19 36 94.94182
19 37 72.93930
19 38 77.35648
19 39 50.10092
19 40 95.09464
19 41 52.81338
19 42 97.39429
19 43 48.67664
19 44 76.76885
19 45 73.15504
19 46 73.80248
19 47 27.68360
19 48 83.41141
19 49 40.50828
19 50 96.95553
19 51 71.95664
19 52 59.64496
19 53 60.52478
19 54 63.81640
19 55 28.89668
19 56 13.54679
19 57 85.96560
19 58 70.70970
19 59 31.34276
19 60 40.30999
19 61 71.03184
19 62 78.01684
19 63 80.41912
19 64 37.72717
19 65 26.39335
19 66 30.23702
19 67 90.90705
19 68 50.56791
19 69 17.14370
19 70 25.36918
19 71 45.58414
19 72 22.09538
19 73 23.18567
19 74 70.93527
19 75 70.89144
19 76 63.31231
19 77 15.94314
19 78 83.65686
19 79 92.08594
19 80 53.89461
19 81 49.94200
19 82 20.92789
19 83 56.65230
19 84 29.91711
19 85 68.45989
19 86 7.53371
19 87 15.92451
19 88 51.05641
19 89 50.98852
19 90 28.20760
19 91 55.18062
19 92 74.92438
19 93 89.71169
19 94 76.83512
19 95 40.64740
19 96 14.06718
19 97 58.90723
19 98 57.92654
19 99 52.20144
20 21 47.32403
20 22 73.97497
20 23 38.33073
20 24 21.38921
20 25 52.38272
20 26 55.63912
20 27 20.76737
20 28 48.52897
20 29 36.83749
20 30 43.24698
20 31 24.63548
20 32 63.27560
20 33 58.78866
20 34 52.07655
20 35 49.15873
20 36 61.90782
20 37 58.70867
20 38 38.05492
20 39 11.52103
20 40 56.72694
20 41 57.49547
20 42 60.92372
20 43 12.28318
20 44 57.47986
20 45 36.17682
20 46 42.18293
20 47 52.69586
20 48 45.05056
20 49 55.20139
20 50 57.91135
20 51 73.55530
20 52 25.68814
20 53 35.52836
20 54 56.67035
20 55 32.48370
20 56 34.57156
20 57 55.39881
20 58 67.34906
20 59 38.53629
20 60 3.99095
20 61 58.01573
20 62 71.10279
20 63 47.96646
20 64 8.51268
20 65 19.33413
20 66 34.95546
20 67 51.80307
20 68 27.02610
20 69 24.88593
20 70 33.34128
20 71 8.93805
20 72 28.37836
20 73 23.79815
20 74 69.83866
20 75 39.75141
20 76 35.69415
20 77 31.63074
20 78 51.41124
20 79 62.76968
20 80 52.17537
20 81 36.62044
20 82 52.17933
20 83 46.93329
20 84 35.61387
20 85 69.80142
20 86 32.59905
20 87 52.28827
20 88 33.41676
20 89 21.60541
20 90 12.07288
20 91 22.01405
20 92 38.73828
20 93 50.90335
20 94 40.83774
20 95 56.69745
20 96 26.27859
20 97 47.22133
20 98 38.07477
20 99 44.68855
21 22 40.36090
21 23 14.56322
21 24 66.52355
21 25 34.70365
21 26 54.27766
21 27 64.59940
21 28 10.59963
21 29 51.21233
21 30 12.64316
21 31 22.78349
21 32 75.41771
21 33 17.86504
21 34 32.96310
21 35 2.11859
21 36 73.55577
21 37 38.40074
21 38 81.22352
21 39 58.34386
21 40 82.99106
21 41 13.67357
21 42 80.94628
21 43 45.87984
21 44 45.05991
21 45 82.30735
21 46 89.50696
21 47 19.31269
21 48 72.92795
21 49 9.24492
21 50 86.60677
21 51 32.85547
21 52 48.17809
21 53 38.83834
21 54 26.76345
21 55 15.61070
21 56 26.51181
21 57 62.94590
21 58 31.78614
21 59 9.72429
21 60 50.55626
21 61 36.05750
21 62 39.59850
21 63 60.72500
21 64 39.18041
21 65 50.02801
21 66 12.99515
21 67 81.46859
21 68 71.73901
21 69 43.97992
21 70 16.79363
21 71 45.12599
21 72 52.90744
21 73 26.66594
21 74 31.74177
21 75 87.05818
21 76 43.10495
21 77 25.77925
21 78 63.06053
21 79 66.72976
21 80 15.93070
21 81 23.16834
21 82 26.98550
21 83 23.03995
21 84 63.33696
21 85 29.28583
21 86 38.37636
21 87 53.95158
21 88 27.64475
21 89 68.04280
21 90 42.75873
21 91 44.89857
21 92 85.20683
21 93 79.50456
21 94 62.96137
21 95 11.16850
21 96 39.75697
21 97 25.99031
21 98 32.51409
21 99 18.73544
22 23 54.23325
22 24 86.37667
22 25 74.61959
22 26 41.11803
22 27 83.44141
22 28 50.16766
22 29 89.98993
22 30 33.87444
22 31 52.99741
22 32 64.07675
22 33 22.74935
22 34 72.82318
22 35 38.63440
22 36 62.44739
22 37 19.84008
22 38 96.06385
22 39 82.05395
22 40 81.40234
22 41 27.67772
22 42 74.57236
22 43 66.05390
22 44 28.10372
22 45 101.36249
22 46 112.57420
22 47 57.89944
22 48 75.68274
22 49 42.87619
22 50 86.24849
22 51 13.35032
22 52 59.31947
22 53 43.94476
22 54 17.40571
22 55 51.74396
22 56 65.96650
22 57 52.82240
22 58 8.58006
22 59 47.98464
22 60 77.93241
22 61 18.79156
22 62 3.82431
22 63 56.24289
22 64 65.76054
22 65 84.31992
22 66 49.73361
22 67 83.23293
22 68 100.98888
22 69 80.70182
22 70 54.62495
22 71 67.45846
22 72 89.52290
22 73 61.92321
22 74 9.97446
22 75 110.78926
22 76 47.10031
22 77 64.47179
22 78 56.42909
22 79 51.64417
22 80 25.44035
22 81 37.36806
22 82 66.42976
22 83 27.07939
22 84 100.02276
22 85 14.25388
22 86 77.28908
22 87 94.27139
22 88 40.81604
22 89 95.33421
22 90 75.05937
22 91 58.97649
22 92 104.68505
22 93 80.87524
22 94 65.00472
22 95 43.99334
22 96 77.11938
22 97 26.85226
22 98 37.97574
22 99 29.98432
23 24 59.19075
23 25 23.87845
23 26 60.93261
23 27 57.85243
23 28 10.41989
23 29 36.65140
23 30 22.08102
23 31 17.02493
23 32 79.53954
23 33 32.20899
23 34 22.44265
23 35 16.62752
23 36 77.73018
23 37 49.09644
23 38 75.14718
23 39 49.83585
23 40 83.19047
23 41 28.22916
23 42 82.99446
23 43 40.50337
23 44 54.10431
23 45 74.45947
23 46 79.78542
23 47 15.10410
23 48 72.18108
23 49 18.68937
23 50 86.14674
23 51 47.40300
23 52 46.76977
23 53 41.95098
23 54 39.09536
23 55 7.79342
23 56 11.95724
23 57 67.68347
23 58 45.73390
23 59 6.61411
23 60 40.86931
23 61 47.00863
23 62 53.07262
23 63 63.77140
23 64 31.32507
23 65 36.91137
23 66 7.12737
23 67 80.51377
23 68 60.07252
23 69 29.98494
23 70 5.14457
23 71 38.73253
23 72 38.79964
23 73 14.88423
23 74 46.06426
23 75 77.14797
23 76 45.67845
23 77 11.38732
23 78 66.61101
23 79 72.72087
23 80 28.94448
23 81 28.14113
23 82 18.37833
23 83 32.75530
23 84 49.10541
23 85 43.80198
23 86 23.81999
23 87 40.27218
23 88 30.88124
23 89 57.33914
23 90 31.06111
23 91 42.70701
23 92 77.06715
23 93 78.82118
23 94 63.36871
23 95 19.69157
23 96 25.59881
23 97 35.31683
23 98 37.35597
23 99 28.17139
24 25 73.58652
24 26 58.05695
24 27 3.28496
24 28 69.12458
24 29 54.57286
24 30 59.99456
24 31 43.92120
24 32 57.20337
24 33 75.17249
24 34 73.35336
24 35 68.15366
24 36 56.34869
24 37 68.38300
24 38 16.83181
24 39 10.44244
24 40 43.65397
24 41 74.88181
24 42 50.86798
24 43 21.29064
24 44 64.33776
24 45 15.85598
24 46 26.38364
24 47 73.85484
24 48 33.30871
24 49 75.01969
24 50 43.19523
24 51 88.66521
24 52 28.01302
24 53 43.02992
24 54 70.02053
24 55 52.71803
24 56 55.95260
24 57 53.41704
24 58 81.10368
24 59 58.53919
24 60 20.28249
24 61 68.42796
24 62 83.01345
24 63 45.14290
24 64 27.91983
24 65 36.10909
24 66 55.00990
24 67 37.39708
24 68 25.77521
24 69 44.08450
24 70 54.09367
24 71 21.42430
24 72 44.57728
24 73 45.02200
24 74 84.25222
24 75 24.94900
24 76 40.95497
24 77 53.01892
24 78 48.21854
24 79 61.04041
24 80 68.15911
24 81 50.82198
24 82 73.56818
24 83 60.61332
24 84 48.12404
24 85 85.09942
24 86 53.01767
24 87 71.03723
24 88 46.34402
24 89 18.58731
24 90 32.44993
24 91 27.46356
24 92 18.93208
24 93 37.35391
24 94 34.54983
24 95 76.65718
24 96 46.48123
24 97 59.96031
24 98 48.40963
24 99 59.67073
25 26 84.77147
25 27 73.15002
25 28 24.46216
25 29 29.67554
25 30 45.28261
25 31 38.58488
25 32 102.72020
25 33 51.87030
25 34 1.82885
25 35 36.18021
25 36 100.94326
25 37 72.34757
25 38 90.37792
25 39 63.24649
25 40 104.28954
25 41 47.00137
25 42 105.22204
25 43 58.83378
25 44 77.84605
25 45 87.15880
25 46 88.84081
25 47 17.28149
25 48 92.84363
25 49 32.38296
25 50 106.71794
25 51 65.26530
25 52 67.88139
25 53 65.30411
25 54 61.36955
25 55 30.87514
25 56 18.54154
25 57 91.14698
25 58 66.06311
25 59 30.19473
25 60 53.37917
25 61 70.13777
25 62 74.15835
25 63 86.71809
25 64 48.10220
25 65 41.42169
25 66 30.91489
25 67 100.82136
25 68 65.93857
25 69 32.10908
25 70 27.20780
25 71 56.17964
25 72 37.75744
25 73 30.81824
25 74 65.38080
25 75 85.95532
25 76 68.78296
25 77 21.86040
25 78 89.71057
25 79 96.43616
25 80 50.61313
25 81 52.00618
25 82 8.52851
25 83 56.16951
25 84 45.26894
25 85 62.16696
25 86 21.97590
25 87 22.68065
25 88 54.51836
25 89 65.85010
25 90 41.29039
25 91 63.52078
25 92 89.16118
25 93 99.37355
25 94 85.02157
25 95 31.81196
25 96 28.26619
25 97 58.86841
25 98 61.12650
25 99 51.57365
26 27 54.77387
26 28 64.11713
26 29 86.26062
26 30 41.64705
26 31 48.08917
26 32 23.56739
26 33 46.71622
26 34 83.37230
26 35 54.07390
26 36 21.80432
26 37 22.31907
26 38 62.22003
26 39 58.38547
26 40 40.67212
26 41 50.48003
26 42 33.45637
26 43 43.74386
26 44 13.16924
26 45 70.16694
26 46 83.68815
26 47 72.82257
26 48 36.80908
26 49 62.33915
26 50 45.63965
26 51 50.89248
26 52 31.19009
26 53 21.38343
26 54 33.78111
26 55 54.04264
26 56 68.70728
26 57 11.70710
26 58 41.31346
26 59 54.92373
26 60 59.26024
26 61 24.37262
26 62 37.33180
26 63 16.41963
26 64 50.30043
26 65 72.96803
26 66 53.85779
26 67 43.36507
26 68 79.96951
26 69 74.10503
26 70 57.78480
26 71 46.79039
26 72 81.07014
26 73 58.41157
26 74 45.50146
26 75 82.69640
26 76 20.02949
26 77 65.73872
26 78 15.69780
26 79 12.59971
26 80 41.77540
26 81 32.80457
26 82 78.88997
26 83 31.71776
26 84 90.13751
26 85 49.00345
26 86 76.06343
26 87 97.17380
26 88 30.50919
26 89 72.90994
26 90 63.16410
26 91 33.90382
26 92 73.47684
26 93 41.00526
26 94 27.28479
26 95 64.23032
26 96 72.49447
26 97 28.74870
26 98 23.71598
26 99 35.62838
27 28 67.62805
27 29 55.33853
27 30 57.64209
27 31 42.17373
27 32 54.16480
27 33 72.69814
27 34 72.83661
27 35 66.17435
27 36 53.27421
27 37 65.30480
27 38 17.40071
27 39 10.86659
27 40 41.29208
27 41 72.56276
27 42 48.14980
27 43 18.94639
27 44 61.13811
27 45 18.25858
27 46 29.51878
27 47 72.66837
27 48 30.64788
27 49 73.23078
27 50 41.12220
27 51 85.98833
27 52 24.83535
27 53 39.94618
27 54 67.21296
27 55 51.15698
27 56 55.24858
27 57 50.17702
27 58 78.30068
27 59 56.87108
27 60 20.27904
27 61 65.39459
27 62 80.04712
27 63 41.90634
27 64 26.53142
27 65 36.86610
27 66 53.37710
27 67 35.21291
27 68 28.49638
27 69 44.42729
27 70 52.72533
27 71 19.50666
27 72 45.56279
27 73 43.98262
27 74 81.50829
27 75 28.16307
27 76 37.77832
27 77 52.22567
27 78 45.00298
27 79 57.80732
27 80 65.65664
27 81 48.20811
27 82 72.75639
27 83 57.87918
27 84 49.73879
27 85 82.45344
27 86 53.01606
27 87 71.62618
27 88 43.63894
27 89 21.20002
27 90 32.34517
27 91 24.47263
27 92 21.47059
27 93 35.01434
27 94 31.40360
27 95 74.90680
27 96 46.53738
27 97 57.13971
27 98 45.46573
27 99 57.08441
28 29 44.58333
28 30 22.64894
28 31 25.78212
28 32 84.48991
28 33 27.42023
28 34 22.67670
28 35 11.81556
28 36 82.64069
28 37 48.97972
28 38 84.79590
28 39 59.99420
28 40 90.35012
28 41 22.61439
28 42 89.17800
28 43 49.72602
28 44 55.44215
28 45 84.55298
28 46 90.16664
28 47 8.80121
28 48 79.75200
28 49 9.30840
28 50 93.64030
28 51 41.30179
28 52 54.45326
28 53 47.21313
28 54 37.32184
28 55 16.49680
28 56 20.32400
28 57 72.19258
28 58 41.60513
28 59 11.31157
28 60 51.18950
28 61 46.64777
28 62 49.70982
28 63 69.29049
28 64 41.20511
28 65 47.00109
28 66 14.47459
28 67 88.21976
28 68 70.44511
28 69 39.54580
28 70 15.19888
28 71 48.27224
28 72 48.11909
28 73 25.29233
28 74 41.03593
28 75 87.54194
28 76 51.30271
28 77 20.89021
28 78 71.84920
28 79 76.42229
28 80 26.45338
28 81 31.96027
28 82 16.47154
28 83 33.39429
28 84 58.14562
28 85 38.02114
28 86 32.10109
28 87 44.91368
28 88 35.83100
28 89 67.75825
28 90 41.47224
28 91 50.69288
28 92 87.22388
28 93 86.39275
28 94 70.32286
28 95 9.78924
28 96 35.03160
28 97 36.29734
28 98 41.49857
28 99 28.94917
29 30 56.30906
29 31 39.54606
29 32 98.47336
29 33 68.66793
29 34 30.69804
29 35 53.27838
29 36 96.93927
29 37 81.22319
29 38 70.88501
29 39 44.47395
29 40 93.56240
29 41 64.86550
29 42 97.39511
29 43 47.83458
29 44 83.67745
29 45 64.99724
29 46 63.28682
29 47 41.99486
29 48 81.87604
29 49 53.88892
29 50 94.68991
29 51 84.01770
29 52 60.46680
29 53 64.88444
29 54 73.63915
29 55 38.28174
29 56 24.74042
29 57 88.99967
29 58 81.68411
29 59 42.27650
29 60 35.59677
29 61 79.58807
29 62 88.36765
29 63 82.49381
29 64 37.68385
29 65 18.48026
29 66 40.26062
29 67 88.58155
29 68 39.44850
29 69 12.49392
29 70 35.39561
29 71 44.39802
29 72 10.47702
29 73 29.14119
29 74 82.41484
29 75 60.35050
29 76 66.87461
29 77 25.62687
29 78 85.88647
29 79 95.76223
29 80 64.57207
29 81 57.23105
29 82 35.48092
29 83 65.44471
29 84 15.61148
29 85 80.37844
29 86 12.84242
29 87 16.73915
29 88 57.13841
29 89 41.51048
29 90 25.21753
29 91 56.14451
29 92 66.25660
29 93 87.73031
29 94 76.97883
29 95 54.25377
29 96 13.87687
29 97 67.28914
29 98 63.82933
29 99 61.30417
30 31 19.76788
30 32 62.89099
30 33 15.54359
30 34 43.66747
30 35 12.65826
30 36 61.02665
30 37 27.09788
30 38 73.31803
30 39 53.18147
30 40 71.47883
30 41 14.93667
30 42 68.83169
30 43 38.72164
30 44 32.87437
30 45 75.82374
30 46 84.67798
30 47 31.44013
30 48 61.92683
30 49 21.19020
30 50 75.33128
30 51 30.57602
30 52 38.13516
30 53 26.93865
30 54 17.39064
30 55 18.04674
30 56 32.98332
30 57 50.37505
30 58 25.89171
30 59 15.46699
30 60 46.96855
30 61 24.95442
30 62 32.06970
30 63 48.48178
30 64 34.73434
30 65 50.83603
30 66 16.31478
30 67 70.46005
30 68 69.58552
30 69 46.83276
30 70 21.24067
30 71 38.85235
30 72 55.67663
30 73 28.06457
30 74 27.48257
30 75 82.47302
30 76 31.28369
30 77 31.06909
30 78 50.68306
30 79 54.08699
30 80 9.14085
30 81 11.39323
30 82 38.31875
30 83 10.91311
30 84 66.19271
30 85 26.77749
30 86 43.76021
30 87 62.15439
30 88 16.33548
30 89 64.80507
30 90 41.99912
30 91 35.50691
30 92 78.92556
30 93 68.39437
30 94 51.59504
30 95 23.14127
30 96 43.25987
30 97 13.72105
30 98 20.22362
30 99 6.35132
31 32 64.29021
31 33 34.98522
31 34 37.51628
31 35 24.56057
31 36 62.54052
31 37 41.83823
31 38 59.15792
31 39 35.56043
31 40 66.36282
31 41 33.14127
31 42 66.70319
31 43 23.95330
31 44 44.20268
31 45 59.62956
31 46 66.78937
31 47 32.07252
31 48 55.23455
31 49 31.09860
31 50 69.20289
31 51 50.30269
31 52 29.85822
31 53 27.34283
31 54 35.75469
31 55 9.42075
31 56 20.96726
31 57 53.06479
31 58 45.39932
31 59 14.73106
31 60 28.03921
31 61 40.34570
31 62 50.74206
31 63 48.20127
31 64 16.39876
31 65 31.32253
31 66 11.32276
31 67 63.52651
31 68 50.10789
31 69 28.53706
31 70 12.12516
31 71 22.68158
31 72 37.00359
31 73 10.53448
31 74 47.22209
31 75 64.38357
31 76 30.45440
31 77 17.81840
31 78 51.26256
31 79 58.90431
31 80 28.90769
31 81 17.71624
31 82 34.78596
31 83 26.65619
31 84 47.35500
31 85 46.49775
31 86 28.24265
31 87 49.10747
31 88 17.87095
31 89 45.77256
31 90 22.24474
31 91 25.71850
31 92 62.48261
31 93 61.86543
31 94 46.70964
31 95 32.74428
31 96 25.73738
31 97 28.11770
31 98 24.71853
31 99 23.06669
32 33 69.89392
32 34 101.53162
32 35 75.54738
32 36 1.86573
32 37 45.85370
32 38 54.64665
32 39 61.59932
32 40 22.56959
32 41 73.35277
32 42 12.45528
32 43 51.17530
32 44 36.63041
32 45 64.69504
32 46 79.22776
32 47 92.88916
32 48 25.71918
32 49 84.04574
32 50 27.44185
32 51 74.39998
32 52 38.05267
32 53 37.59615
32 54 57.20982
32 55 72.00862
32 56 85.19317
32 57 12.62306
32 58 64.83653
32 59 74.23954
32 60 66.04387
32 61 47.93864
32 62 60.36723
32 63 16.19768
32 64 60.79277
32 65 82.43575
32 66 72.44667
32 67 28.00551
32 68 82.42127
32 69 85.97952
32 70 75.57600
32 71 54.65590
32 72 91.32086
32 73 73.56844
32 74 69.02181
32 75 79.05940
32 76 33.94062
32 77 81.95634
32 78 13.02808
32 79 12.71939
32 80 64.48300
32 81 52.53772
32 82 97.90802
32 83 54.02164
32 84 98.85235
32 85 72.56764
32 86 90.26203
32 87 111.67354
32 88 48.84745
32 89 75.05581
32 90 73.54417
32 91 42.33054
32 92 67.63829
32 93 26.08131
32 94 23.09432
32 95 85.98537
32 96 85.48950
32 97 51.16438
32 98 43.01253
32 99 57.39628
33 34 50.07456
33 35 16.01208
33 36 68.05633
33 37 26.22266
33 38 87.84877
33 39 68.66069
33 40 82.06550
33 41 5.11125
33 42 77.80974
33 43 53.88622
33 44 34.84269
33 45 90.94149
33 46 100.13796
33 47 35.23774
33 48 73.64077
33 49 20.44585
33 50 86.34417
33 51 15.59792
33 52 51.63545
33 53 38.19825
33 54 13.33709
33 55 31.14884
33 56 44.13996
33 57 57.33751
33 58 14.20090
33 59 26.40989
33 60 62.49740
33 61 23.74087
33 62 22.50419
33 63 57.50217
33 64 50.27627
33 65 65.43407
33 66 28.79911
33 67 82.02010
33 68 85.02392
33 69 60.48679
33 70 33.44334
33 71 54.23205
33 72 69.44274
33 73 42.10413
33 74 13.88083
33 75 97.96406
33 76 42.43408
33 77 43.05185
33 78 59.00839
33 79 59.20017
33 80 7.08847
33 81 24.75978
33 82 43.70254
33 83 17.03133
33 84 79.97130
33 85 11.83347
33 86 55.83616
33 87 71.78690
33 88 29.69126
33 89 80.33583
33 90 57.03053
33 91 49.63435
33 92 94.09387
33 93 79.81341
33 94 62.89286
33 95 21.78241
33 96 56.52663
33 97 19.39126
33 98 30.96485
33 99 15.95128
34 35 34.41651
34 36 99.74705
34 37 70.70967
34 38 90.11467
34 39 63.05591
34 40 103.43121
34 41 45.19553
34 42 104.20518
34 43 58.19052
34 44 76.29749
34 45 87.10893
34 46 89.09067
34 47 15.45413
34 48 92.02903
34 49 30.55537
34 50 105.92827
34 51 63.43878
34 52 66.97432
34 53 64.05908
34 54 59.65702
34 55 29.59011
34 56 17.88657
34 57 89.88832
34 58 64.27003
34 59 28.67283
34 60 53.20520
34 61 68.48694
34 62 72.38205
34 63 85.56894
34 64 47.53729
34 65 41.74883
34 66 29.52207
34 67 100.05804
34 68 66.35291
34 69 32.46554
34 70 25.96391
34 71 55.60567
34 72 38.45400
34 73 30.09052
34 74 63.56843
34 75 86.21710
34 76 67.59111
34 77 21.16110
34 78 88.53352
34 79 95.10035
34 80 48.88257
34 81 50.58372
34 82 6.70711
34 83 54.56593
34 84 46.24727
34 85 60.34483
34 86 22.34516
34 87 24.37024
34 88 53.19574
34 89 66.06359
34 90 41.17928
34 91 62.63841
34 92 89.16678
34 93 98.57933
34 94 84.07172
34 95 29.98359
34 96 28.48283
34 97 57.28472
34 98 59.76147
34 99 49.97346
35 36 73.68281
35 37 37.50618
35 38 82.69165
35 39 60.10581
35 40 83.67525
35 41 11.65861
35 42 81.37340
35 43 47.38427
35 44 44.46711
35 45 83.96197
35 46 91.33606
35 47 20.31435
35 48 73.76745
35 49 8.56813
35 50 87.37269
35 51 30.83683
35 52 49.21374
35 53 39.33023
35 54 25.56220
35 55 17.65892
35 56 28.56142
35 57 63.02166
35 58 30.05434
35 59 11.82620
35 60 52.43805
35 61 35.12223
35 62 37.99779
35 63 61.07342
35 64 40.95517
35 65 52.12708
35 66 15.04845
35 67 82.31261
35 68 73.74279
35 69 46.09835
35 70 18.90939
35 71 46.73629
35 72 55.02519
35 73 28.74516
35 74 29.86068
35 75 88.90657
35 76 43.63596
35 77 27.87839
35 78 63.32200
35 79 66.58587
35 80 14.67846
35 81 23.63731
35 82 28.28689
35 83 22.56453
35 84 65.45247
35 85 27.29848
35 86 40.44718
35 87 55.77601
35 88 28.28532
35 89 69.97690
35 90 44.79546
35 91 46.05335
35 92 86.88726
35 93 80.31730
35 94 63.68021
35 95 10.52612
35 96 41.87264
35 97 25.54364
35 98 32.81224
35 99 18.44570
36 37 44.11032
36 38 54.32200
36 39 60.48824
36 40 23.13223
36 41 71.50058
36 42 13.37297
36 43 49.76372
36 44 34.90238
36 45 64.24038
36 46 78.74306
36 47 91.04816
36 48 25.40332
36 49 82.18044
36 50 28.08794
36 51 72.66995
36 52 36.57154
36 53 35.78162
36 54 55.39787
36 55 70.21228
36 56 83.45755
36 57 10.76407
36 58 63.09998
36 59 72.40899
36 60 64.73388
36 61 46.17615
36 62 58.72468
36 63 14.54016
36 64 59.26928
36 65 81.02012
36 66 70.63326
36 67 28.25658
36 68 81.43270
36 69 84.44576
36 70 73.78786
36 71 53.23955
36 72 89.87872
36 73 71.87047
36 74 67.28667
36 75 78.50812
36 76 32.16030
36 77 80.22775
36 78 11.29859
36 79 11.34597
36 80 62.62752
36 81 50.68610
36 82 96.09532
36 83 52.16078
36 84 97.50637
36 85 70.80741
36 86 88.62490
36 87 110.04152
36 88 47.01617
36 89 74.06663
36 90 72.06168
36 91 40.81175
36 92 67.22698
36 93 26.24265
36 94 22.02802
36 95 84.11995
36 96 83.90127
36 97 49.30607
36 98 41.15851
36 99 55.53077
37 38 76.89283
37 39 65.29806
37 40 61.81673
37 41 30.74995
37 42 55.52140
37 43 49.16451
37 44 9.25982
37 45 82.82900
37 46 94.75973
37 47 57.71171
37 48 55.84377
37 49 44.75549
37 50 66.60032
37 51 28.57566
37 52 40.64158
37 53 25.35863
37 54 12.91268
37 55 44.04312
37 56 59.41900
37 57 33.89445
37 58 18.99443
37 59 42.49616
37 60 62.69301
37 61 2.49065
37 62 16.04031
37 63 36.56628
37 64 51.14609
37 65 72.07431
37 66 42.83393
37 67 63.43892
37 68 85.50543
37 69 70.35394
37 70 47.60560
37 71 51.13981
37 72 78.64789
37 73 52.08796
37 74 23.18250
37 75 93.18496
37 76 27.94467
37 77 57.10215
37 78 36.99988
37 79 34.10178
37 80 23.15243
37 81 24.16746
37 82 65.15801
37 83 16.36138
37 84 88.80202
37 85 26.74753
37 86 69.27994
37 87 88.77798
37 88 25.67969
37 89 79.27103
37 90 62.25844
37 91 40.98305
37 92 86.17867
37 93 61.08583
37 94 45.16998
37 95 46.45797
37 96 67.52094
37 97 14.04634
37 98 20.72596
37 99 20.92721
38 39 27.26518
38 40 35.83486
38 41 88.22905
38 42 45.28841
38 43 35.35943
38 44 71.16941
38 45 10.84086
38 46 25.17251
38 47 90.02348
38 48 28.93240
38 49 90.04551
38 50 33.57254
38 51 100.17808
38 52 36.93656
38 53 52.16911
38 54 80.87469
38 55 68.30036
38 56 72.60600
38 57 54.67812
38 58 91.86786
38 59 73.88893
38 60 37.11425
38 61 77.42722
38 62 92.45968
38 63 46.78941
38 64 43.86503
38 65 52.53225
38 66 70.44401
38 67 28.99797
38 68 37.44056
38 69 60.78630
38 70 70.00941
38 71 36.52502
38 72 60.67081
38 73 61.38113
38 74 95.38347
38 75 25.64401
38 76 49.00775
38 77 69.60703
38 78 49.12881
38 79 61.76808
38 80 80.76032
38 81 63.09188
38 82 90.14584
38 83 72.06700
38 84 63.00174
38 85 96.81831
38 86 69.83530
38 87 87.49052
38 88 58.21883
38 89 31.53740
38 90 49.28166
38 91 38.26302
38 92 13.26440
38 93 29.99240
38 94 35.31299
38 95 91.77318
38 96 63.29052
38 97 70.87008
38 98 58.65860
38 99 71.95246
39 40 51.12126
39 41 67.80728
39 42 57.04348
39 43 16.14116
39 44 62.59746
39 45 24.65699
39 46 31.50281
39 47 64.20777
39 48 39.93525
39 49 66.45992
39 50 51.40109
39 51 82.91644
39 52 27.19708
39 53 40.50550
39 54 65.08625
39 55 43.82437
39 56 45.81636
39 57 55.78938
39 58 76.04055
39 59 49.81878
39 60 9.87443
39 61 64.97357
39 62 78.92371
39 63 47.73339
39 64 19.16589
39 65 25.99973
39 66 46.24446
39 67 45.38072
39 68 21.62728
39 69 33.70127
39 70 44.82367
39 71 14.66270
39 72 34.72006
39 73 35.31076
39 74 78.85749
39 75 29.30584
39 76 39.44656
39 77 42.97412
39 78 51.06575
39 79 63.42265
39 80 61.82208
39 81 45.21312
39 82 63.49064
39 83 55.41175
39 84 39.34181
39 85 79.23210
39 86 42.57547
39 87 60.79911
39 88 41.27457
39 89 14.53280
39 90 22.03248
39 91 25.02098
39 92 27.23463
39 93 44.93877
39 94 38.50626
39 95 68.00294
39 96 36.03915
39 97 55.22903
39 98 44.66176
39 99 53.78745
40 41 84.48143
40 42 10.56811
40 43 46.45272
40 44 53.32900
40 45 46.59692
40 46 61.00427
40 47 97.88089
40 48 11.72426
40 49 92.17689
40 50 5.05912
40 51 89.81623
40 52 36.52309
40 53 44.58321
40 54 70.91769
40 55 75.40026
40 56 85.82661
40 57 29.35607
40 58 80.32411
40 59 79.19800
40 60 58.33077
40 61 63.40573
40 62 77.58087
40 63 25.27776
40 64 57.37466
40 65 75.74623
40 66 76.58488
40 67 6.83692
40 68 69.32665
40 69 81.45808
40 70 78.46856
40 71 49.67033
40 72 84.80594
40 73 73.54908
40 74 84.44116
40 75 61.41332
40 76 40.22513
40 77 82.48744
40 78 25.03057
40 79 33.78388
40 80 75.63984
40 81 60.12732
40 82 101.14242
40 83 65.09044
40 84 90.42322
40 85 87.33326
40 86 87.95069
40 87 108.66559
40 88 55.39003
40 89 62.23142
40 90 68.51491
40 91 40.80073
40 92 49.08386
40 93 6.30314
40 94 20.05382
40 95 94.12556
40 96 82.17841
40 97 62.68446
40 98 51.61389
40 99 67.26715
41 42 80.74962
41 43 53.62966
41 44 39.06704
41 45 90.72317
41 46 99.30323
41 47 30.22725
41 48 75.59348
41 49 15.34419
41 50 88.61036
41 51 19.18291
41 52 52.65994
41 53 40.11368
41 54 17.85280
41 55 28.13087
41 56 40.18292
41 57 60.74222
41 58 19.18956
41 59 22.88023
41 60 61.07059
41 61 28.25931
41 62 27.58147
41 63 60.33947
41 64 49.02565
41 65 62.72596
41 66 25.64021
41 67 84.05805
41 68 83.21543
41 69 57.25572
41 70 30.02230
41 71 53.64631
41 72 66.21356
41 73 39.26254
41 74 18.42437
41 75 97.03138
41 76 44.43912
41 77 39.35490
41 78 62.05873
41 79 63.04619
41 80 8.93492
41 81 25.57261
41 82 38.75992
41 83 19.56562
41 84 76.70244
41 85 15.64675
41 86 52.02476
41 87 67.27430
41 88 30.61588
41 89 78.87162
41 90 54.74195
41 91 50.27478
41 92 93.80691
41 93 81.90386
41 94 64.97712
41 95 16.67189
41 96 53.14948
41 97 22.27187
41 98 32.93620
41 99 17.32599
42 43 49.57759
42 44 46.56651
42 45 55.84573
42 46 70.38509
42 47 97.17277
42 48 17.57719
42 49 89.94140
42 50 15.17268
42 51 84.00645
42 52 37.75634
42 53 42.11959
42 54 65.81674
42 55 75.24395
42 56 87.05991
42 57 21.75010
42 58 74.42352
42 59 78.34946
42 60 63.09078
42 61 57.37004
42 62 70.78817
42 63 20.43627
42 64 60.12607
42 65 80.24366
42 66 76.09273
42 67 16.84197
42 68 76.62045
42 69 85.02214
42 70 78.57956
42 71 52.99884
42 72 89.30049
42 73 74.95972
42 74 78.60033
42 75 70.56841
42 76 37.91292
42 77 83.73775
42 78 18.84527
42 79 24.59973
42 80 71.81616
42 81 57.78003
42 82 101.28002
42 83 61.18408
42 84 95.81145
42 85 81.83718
42 86 90.55917
42 87 111.72446
42 88 53.43780
42 89 69.34869
42 90 72.17784
42 91 42.21956
42 92 58.53378
42 93 15.38628
42 94 20.57808
42 95 91.89950
42 96 85.19610
42 97 58.52943
42 98 48.61085
42 99 63.95841
43 44 46.75175
43 45 37.10285
43 46 46.73851
43 47 55.58625
43 48 34.74861
43 49 54.68894
43 50 48.30386
43 51 67.55315
43 52 13.40570
43 53 24.59068
43 54 49.25986
43 55 33.27136
43 56 40.31254
43 57 43.11669
43 58 60.29101
43 59 38.65140
43 60 15.60635
43 61 48.83378
43 62 62.86708
43 63 35.71212
43 64 10.96004
43 65 31.26056
43 66 35.27606
43 67 42.28315
43 68 36.85291
43 69 35.44458
43 70 35.37708
43 71 3.48445
43 72 40.16867
43 73 28.14211
43 74 63.27719
43 75 44.81611
43 76 24.05135
43 77 37.03049
43 78 39.15787
43 79 50.50323
43 80 46.88385
43 81 29.67827
43 82 56.95061
43 83 39.68060
43 84 47.85311
43 85 63.94405
43 86 41.49808
43 87 62.33246
43 88 25.42294
43 89 30.24788
43 90 22.63104
43 91 9.86535
43 92 40.22062
43 93 41.03947
43 94 29.15148
43 95 56.42530
43 96 35.79255
43 97 39.29987
43 98 28.52164
43 99 38.46887
44 45 77.96901
44 46 90.63028
44 47 64.24305
44 48 48.20513
44 49 52.24792
44 50 58.20770
44 51 37.76974
44 52 36.33318
44 53 22.16215
44 54 21.55436
44 55 48.14200
44 56 63.45645
44 57 24.84393
44 58 28.20873
44 59 47.65769
44 60 61.38271
44 61 11.49392
44 62 24.29194
44 63 28.29139
44 64 50.68624
44 65 72.69814
44 66 47.36820
44 67 55.42189
44 68 83.59284
44 69 72.16022
44 70 51.85455
44 71 49.21845
44 72 79.98185
44 73 54.72568
44 74 32.39260
44 75 89.28675
44 76 23.41672
44 77 60.82686
44 78 28.32985
44 79 24.85412
44 80 30.84489
44 81 26.83464
44 82 71.15856
44 83 22.04859
44 84 89.76814
44 85 36.00643
44 86 72.35918
44 87 92.69334
44 88 26.58465
44 89 76.96219
44 90 62.75434
44 91 37.62649
44 92 81.32508
44 93 53.05555
44 94 37.84172
44 95 54.04574
44 96 69.81156
44 97 19.15821
44 98 20.15988
44 99 26.52748
45 46 14.56735
45 47 88.86170
45 48 39.03849
45 49 90.71288
45 50 44.41319
45 51 104.22191
45 52 42.19421
45 53 57.56056
45 54 85.35318
45 55 68.25410
45 56 70.23470
45 57 63.63702
45 58 96.43904
45 59 74.15787
45 60 34.16030
45 61 83.08179
45 62 97.89949
45 63 55.51348
45 64 43.42992
45 65 47.22323
45 66 70.60551
45 67 39.76487
45 68 28.56025
45 69 56.11501
45 70 69.41888
45 71 37.26099
45 72 54.55362
45 73 59.96634
45 74 99.70132
45 75 14.82131
45 76 54.96426
45 77 67.49242
45 78 58.13786
45 79 70.96897
45 80 83.90702
45 81 66.46502
45 82 87.93304
45 83 76.08903
45 84 55.38921
45 85 100.69955
45 86 65.76876
45 87 81.73612
45 88 61.87234
45 89 23.83161
45 90 45.94830
45 91 42.44626
45 92 3.35741
45 93 40.65824
45 94 44.11004
45 95 92.31916
45 96 59.21517
45 97 75.27391
45 98 63.43371
45 99 75.34282
46 47 93.25051
46 48 53.59709
46 49 97.27767
46 50 58.58102
46 51 114.21881
46 52 54.35289
46 53 69.41115
46 54 95.97290
46 55 74.52705
46 56 73.55337
46 57 77.76516
46 58 107.02094
46 59 80.62393
46 60 39.08419
46 61 94.77338
46 62 109.26648
46 63 69.56540
46 64 50.44145
46 65 47.45713
46 66 77.04699
46 67 54.16746
46 68 23.87569
46 69 56.77490
46 70 75.01307
46 71 45.95053
46 72 52.95603
46 73 64.90921
46 74 110.00919
46 75 2.93679
46 76 67.29449
46 77 71.24573
46 78 72.31220
46 79 85.18978
46 80 93.26261
46 81 76.37577
46 82 90.97647
46 83 86.41870
46 84 50.98585
46 85 110.57068
46 86 66.88366
46 87 79.70717
46 88 72.15328
46 89 23.06172
46 90 49.21257
46 91 53.80455
46 92 11.92618
46 93 55.14665
46 94 58.27156
46 95 98.71476
46 96 60.60810
46 97 85.96792
46 98 74.66377
46 99 85.08574
47 48 87.02884
47 49 15.20312
47 50 100.97791
47 51 48.07436
47 52 61.62012
47 53 55.43720
47 54 45.87143
47 55 22.69336
47 56 20.19753
47 57 80.68311
47 58 49.41264
47 59 18.82334
47 60 54.87434
47 61 55.36061
47 62 57.72021
47 63 77.49777
47 64 46.15889
47 65 47.89186
47 66 21.30108
47 67 95.41685
47 68 72.23165
47 69 39.46032
47 70 20.21060
47 71 53.73337
47 72 47.33248
47 73 28.89786
47 74 48.43916
47 75 90.51641
47 76 59.42666
47 77 22.06875
47 78 80.14884
47 79 85.07206
47 80 34.98719
47 81 40.45034
47 82 8.76776
47 83 42.19490
47 84 56.68057
47 85 45.06467
47 86 30.54687
47 87 39.29354
47 88 44.08056
47 89 70.39540
47 90 44.04146
47 91 57.65079
47 92 91.34376
47 93 93.67552
47 94 77.93797
47 95 14.53521
47 96 34.91750
47 97 45.09837
47 98 49.98345
47 99 37.74830
48 49 82.16567
48 50 13.96843
48 51 82.79963
48 52 25.41579
48 53 35.49774
48 54 63.44320
48 55 64.41514
48 56 74.34068
48 57 27.17098
48 58 73.52949
48 59 68.50392
48 60 46.75829
48 61 57.08941
48 62 71.87576
48 63 20.39106
48 64 45.68484
48 65 64.14537
48 66 65.73943
48 67 8.54548
48 68 59.07634
48 69 69.74464
48 70 67.35971
48 71 37.95008
48 72 73.21431
48 73 62.05181
48 74 77.52403
48 75 53.55082
48 76 31.21368
48 77 71.00513
48 78 21.76500
48 79 33.60198
48 80 66.93073
48 81 50.53754
48 82 89.94415
48 83 56.62116
48 84 79.08948
48 85 80.01666
48 86 76.24486
48 87 96.94142
48 88 45.61990
48 89 51.82912
48 90 56.80124
48 91 29.53164
48 92 41.93751
48 93 6.64723
48 94 10.86202
48 95 84.09629
48 96 70.45576
48 97 54.48251
48 98 42.71700
48 99 58.26784
49 50 95.82661
49 51 32.88831
49 52 57.41099
49 53 47.88934
49 54 32.22623
49 55 22.75062
49 56 29.51911
49 57 71.49648
49 58 34.47487
49 59 16.66561
49 60 58.19579
49 61 42.30395
49 62 42.92015
49 63 69.63868
49 64 47.33937
49 65 55.59776
49 66 20.24646
49 67 90.70746
49 68 78.46520
49 69 48.51614
49 70 22.66867
49 71 53.72412
49 72 57.20284
49 73 33.00978
49 74 33.29440
49 75 94.74329
49 76 52.18804
49 77 29.80922
49 78 71.87185
49 79 74.89433
49 80 21.60434
49 81 32.19516
49 82 23.93229
49 83 30.66092
49 84 67.32566
49 85 29.86290
49 86 41.36830
49 87 53.75474
49 88 36.79524
49 89 75.30597
49 90 49.35660
49 91 54.08759
49 92 93.53367
49 93 88.73714
49 94 72.16134
49 95 1.95827
49 96 44.04767
49 97 33.64606
49 98 41.37579
49 99 26.76763
50 51 94.45569
50 52 39.37810
50 53 48.55953
50 54 75.43447
50 55 78.37793
50 56 88.19569
50 57 34.38660
50 58 84.99679
50 59 82.41441
50 60 59.19766
50 61 68.13802
50 62 82.42501
50 63 30.03407
50 64 59.26370
50 65 76.61688
50 66 79.68275
50 67 6.10898
50 68 68.54922
50 69 82.77725
50 70 81.32805
50 71 51.37707
50 72 85.62816
50 73 75.90640
50 74 89.09491
50 75 59.20665
50 76 44.20804
50 77 84.86474
50 78 29.96515
50 79 38.82764
50 80 79.81960
50 81 63.94572
50 82 103.90441
50 83 69.33008
50 84 90.72621
50 85 91.90699
50 86 89.69857
50 87 110.12334
50 88 59.11781
50 89 61.62658
50 90 69.86630
50 91 43.49680
50 92 46.67096
50 93 7.35234
50 94 23.73650
50 95 97.76680
50 96 83.76075
50 97 66.99855
50 98 55.68144
50 99 71.33346
51 52 63.31298
51 53 48.54920
51 54 19.53174
51 55 46.74103
51 56 59.35947
51 57 62.45459
51 58 9.58868
51 59 41.86878
51 60 77.36065
51 61 26.63767
51 62 15.77946
51 63 64.56788
51 64 65.06540
51 65 80.99704
51 66 44.37102
51 67 90.81811
51 68 100.12009
51 69 76.06851
51 70 48.95788
51 71 68.30363
51 72 85.02699
51 73 57.69834
51 74 5.40614
51 75 112.17164
51 76 52.37095
51 77 58.45597
51 78 65.32944
51 79 62.42322
51 80 21.46241
51 81 37.87565
51 82 56.81920
51 83 28.16978
51 84 95.55134
51 85 3.80660
51 86 71.17528
51 87 86.19656
51 88 42.35047
51 89 95.15997
51 90 72.46860
51 91 62.04171
51 92 107.45833
51 93 88.50712
51 94 71.94246
51 95 33.61377
51 96 72.07520
51 97 29.34256
51 98 41.64511
51 99 29.13820
52 53 15.39302
52 54 43.94722
52 55 38.99999
52 56 49.51677
52 57 29.71980
52 58 54.93131
52 59 43.16844
52 60 28.90171
52 61 40.90042
52 62 55.79221
52 63 22.35065
52 64 22.79264
52 65 44.52479
52 66 40.34127
52 67 33.80497
52 68 48.78365
52 69 47.97885
52 70 41.97796
52 71 16.81988
52 72 53.32618
52 73 37.31186
52 74 58.46411
52 75 52.95947
52 76 12.94361
52 77 46.17975
52 78 25.79474
52 79 37.14662
52 80 44.59285
52 81 27.08969
52 82 64.62432
52 83 35.31993
52 84 61.24134
52 85 60.01804
52 86 52.87990
52 87 74.15794
52 88 22.05242
52 89 41.72572
52 90 35.49297
52 91 4.46434
52 92 45.54121
52 93 32.06011
52 94 17.24202
52 95 59.30843
52 96 47.72571
52 97 33.97434
52 98 21.72468
52 99 35.69667
53 54 29.03213
53 55 34.47884
53 56 48.27595
53 57 25.84886
53 58 39.84981
53 59 36.69521
53 60 39.37420
53 61 25.52134
53 62 40.40200
53 63 22.07870
53 64 29.32437
53 65 51.87721
53 66 34.85165
53 67 43.94564
53 68 61.43160
53 69 52.72434
53 70 38.10073
53 71 27.09554
53 72 59.79467
53 73 37.37353
53 74 43.53171
53 75 67.87068
53 76 4.35850
53 77 45.15943
53 78 24.72997
53 79 31.57324
53 80 31.43518
53 81 15.69419
53 82 60.31371
53 83 21.24174
53 84 69.06447
53 85 45.43058
53 86 54.88999
53 87 76.14559
53 88 11.38215
53 89 54.81622
53 90 41.99237
53 91 15.71365
53 92 60.90205
53 93 41.79162
53 94 24.87134
53 95 49.84712
53 96 51.14134
53 97 19.37040
53 98 7.23369
53 99 22.79809
54 55 35.42287
54 56 50.32133
54 57 44.78876
54 58 11.08795
54 59 32.54486
54 60 60.61244
54 61 10.42383
54 62 14.98887
54 63 45.84647
54 64 48.40073
54 65 67.05359
54 66 33.69165
54 67 71.57021
54 68 83.65895
54 69 63.81455
54 70 38.62227
54 71 50.43431
54 72 72.53998
54 73 45.04647
54 74 14.52387
54 75 94.07590
54 76 32.84130
54 77 48.45910
54 78 46.97793
54 79 46.12866
54 80 10.88441
54 81 20.05468
54 82 53.74878
54 83 9.74005
54 84 82.99132
54 85 16.57606
54 86 61.14065
54 87 79.34790
54 88 23.84250
54 89 78.11648
54 90 57.70480
54 91 42.95236
54 92 88.63268
54 93 69.28322
54 94 52.58161
54 95 33.85010
54 96 60.42411
54 97 10.07940
54 98 22.22490
54 99 12.68835
55 56 15.39733
55 57 60.29892
55 58 43.52283
55 59 6.12246
55 60 35.44569
55 61 42.15272
55 62 50.08714
55 63 56.14655
55 64 24.82940
55 65 34.62794
55 66 2.61746
55 67 72.76714
55 68 56.16448
55 69 29.34828
55 70 3.75303
55 71 31.77592
55 72 38.29877
55 73 11.15972
55 74 44.54876
55 75 71.99608
55 76 38.08864
55 77 13.12108
55 78 59.04018
55 79 65.57522
55 80 26.39309
55 81 21.52133
55 82 26.05007
55 83 27.78015
55 84 48.83181
55 85 42.98201
55 86 25.71778
55 87 44.75907
55 88 23.65698
55 89 52.66350
55 90 27.14935
55 91 34.97383
55 92 70.99582
55 93 71.05784
55 94 55.57624
55 95 24.21527
55 96 25.48894
55 97 30.01126
55 98 30.33629
55 99 23.38592
56 57 74.03148
56 58 57.51944
56 59 17.98327
56 60 36.08750
56 61 57.49483
56 62 64.64327
56 63 69.05650
56 64 29.65841
56 65 27.69665
56 66 16.69300
56 67 82.28754
56 68 52.08385
56 69 19.48050
56 70 11.82513
56 71 37.72217
56 72 27.84236
56 73 12.28997
56 74 57.97453
56 75 70.76595
56 76 51.41608
56 77 3.33989
56 78 72.16680
56 79 79.79837
56 80 40.56120
56 81 36.69304
56 82 17.69834
56 83 43.11474
56 84 37.82301
56 85 55.75824
56 86 11.96007
56 87 29.36425
56 88 38.20656
56 89 50.55684
56 90 24.49581
56 91 45.11882
56 92 72.49367
56 93 80.85486
56 94 66.72023
56 95 30.11286
56 96 14.91951
56 97 45.39884
56 98 45.04742
56 99 38.65574
57 58 52.86626
57 59 62.16727
57 60 58.60285
57 61 35.84135
57 62 49.03839
57 63 8.27793
57 64 51.63796
57 65 74.00111
57 66 60.56094
57 67 32.71999
57 68 77.29238
57 69 76.55930
57 70 63.94001
57 71 46.49615
57 72 82.62318
57 73 62.78669
57 74 57.05276
57 75 77.13200
57 76 22.66368
57 77 70.86723
57 78 5.55175
57 79 7.65772
57 80 51.86478
57 81 40.24239
57 82 85.99605
57 83 41.39903
57 84 90.88226
57 85 60.43716
57 86 79.95434
57 87 101.35370
57 88 36.82387
57 89 69.99592
57 90 64.62311
57 91 33.52316
57 92 66.83440
57 93 30.40726
57 94 19.52697
57 95 73.43122
57 96 75.61541
57 97 38.54201
57 98 30.70315
57 99 44.80590
58 59 39.55226
58 60 71.25691
58 61 17.05352
58 62 8.61209
58 63 55.05780
58 64 58.98116
58 65 76.65851
58 66 41.43152
58 67 81.46276
58 68 94.25351
58 69 72.66725
58 70 46.29017
58 71 61.37865
58 72 81.54207
58 73 53.93132
58 74 4.18822
58 75 105.10032
58 76 43.48384
58 77 56.10937
58 78 55.76561
58 79 52.93090
58 80 17.13092
58 81 30.86293
58 82 57.90247
58 83 20.63202
58 84 92.06696
58 85 8.10352
58 86 68.93804
58 87 85.71147
58 88 34.86885
58 89 88.88154
58 90 67.60588
58 91 54.02791
58 92 99.71987
58 93 79.13989
58 94 62.68986
58 95 35.66945
58 96 68.97929
58 97 21.16564
58 98 33.21407
58 99 22.74019
59 60 41.54886
59 61 40.39843
59 62 46.68443
59 63 58.72214
59 64 30.73741
59 65 40.30372
59 66 3.58087
59 67 76.95447
59 68 62.23189
59 69 34.39765
59 70 7.14970
59 71 37.39948
59 72 43.34910
59 73 16.97111
59 74 40.14063
59 75 78.10277
59 76 40.63124
59 77 16.65033
59 78 61.42476
59 79 66.90642
59 80 22.58164
59 81 22.15242
59 82 23.97298
59 83 26.16798
59 84 53.82626
59 85 38.17763
59 86 29.46199
59 87 46.80331
59 88 25.39285
59 89 58.78462
59 90 33.17013
59 91 39.38305
59 92 76.94023
59 93 75.14847
59 94 59.20580
59 95 18.18463
59 96 30.26933
59 97 28.76675
59 98 31.57207
59 99 21.57740
60 61 62.00603
60 62 75.07549
60 63 51.00821
60 64 12.30514
60 65 17.42951
60 66 37.97514
60 67 53.09727
60 68 23.05761
60 69 24.21836
60 70 35.99902
60 71 12.47212
60 72 26.47687
60 73 26.08611
60 74 73.70313
60 75 36.55476
60 76 39.39008
60 77 33.33424
60 78 54.44437
60 79 66.04806
60 80 55.94795
60 81 40.56964
60 82 53.78350
60 83 50.87878
60 84 32.86534
60 85 73.59683
60 86 32.77727
60 87 51.55986
60 88 37.40472
60 89 17.83865
60 90 12.16744
60 91 25.46007
60 92 36.50922
60 93 52.35747
60 94 43.32876
60 95 59.63143
60 96 26.27205
60 97 51.19596
60 98 42.04739
60 99 48.56994
61 62 15.08144
61 63 38.12852
61 64 50.29031
61 65 70.87510
61 66 40.85853
61 67 64.81761
61 68 84.91677
61 69 68.88274
61 70 45.67092
61 71 50.66547
61 72 77.26755
61 73 50.48285
61 74 21.23164
61 75 93.13347
61 76 28.41969
61 77 55.24700
61 78 38.73129
61 79 36.33946
61 80 20.70670
61 81 22.79615
61 82 62.87614
61 83 14.38009
61 84 87.48968
61 85 24.63140
61 86 67.53212
61 87 86.83458
61 88 24.73768
61 89 78.80146
61 90 61.11790
61 91 40.97047
61 92 86.42335
61 93 62.47436
61 94 46.33916
61 95 43.99735
61 96 65.94753
61 97 12.29901
61 98 20.31217
61 99 18.88365
62 63 52.41858
62 64 62.97837
62 65 82.03183
62 66 48.19827
62 67 79.41221
62 68 98.12889
62 69 78.75203
62 70 53.12163
62 71 64.37804
62 72 87.50496
62 73 59.97105
62 74 11.41586
62 75 107.52324
62 76 43.46556
62 77 62.98620
62 78 52.61282
62 79 47.98613
62 80 24.12827
62 81 34.59281
62 82 66.10942
62 83 24.40909
62 84 97.96755
62 85 15.85520
62 86 75.75828
62 87 93.28140
62 88 37.78951
62 89 92.35546
62 90 72.63854
62 91 55.57450
62 92 101.22939
62 93 77.05410
62 94 61.21021
62 95 44.17423
62 96 75.29336
62 97 23.88263
62 98 34.60844
62 99 27.67683
63 64 44.86469
63 65 66.87278
63 66 56.72929
63 67 27.15697
63 68 69.16258
63 69 70.00491
63 70 59.65405
63 71 39.15527
63 72 75.64440
63 73 57.37876
63 74 59.18455
63 75 68.89413
63 76 18.10762
63 77 65.80570
63 78 3.44579
63 79 15.90250
63 80 51.40986
63 81 37.57442
63 82 82.14797
63 83 40.77603
63 84 83.56479
63 85 62.15141
63 86 74.08475
63 87 95.50152
63 88 33.46033
63 89 61.84590
63 90 57.73859
63 91 26.45363
63 92 58.73748
63 93 24.78952
63 94 11.48047
63 95 71.59520
63 96 69.38544
63 97 38.16098
63 98 28.26412
63 99 43.52586
64 65 22.67453
64 66 27.17852
64 67 53.23938
64 68 35.27660
64 69 25.19167
64 70 26.20517
64 71 8.07855
64 72 31.02630
64 73 17.74543
64 74 61.39988
64 75 48.08208
64 76 30.31567
64 77 26.43799
64 78 48.27639
64 79 58.66953
64 80 43.67021
64 81 28.39990
64 82 46.71062
64 83 38.68346
64 84 39.83709
64 85 61.30618
64 86 30.59763
64 87 51.60502
64 88 25.55748
64 89 30.09939
64 90 13.00565
64 91 18.46224
64 92 46.20370
64 93 51.99799
64 94 39.57129
64 95 48.91399
64 96 25.07004
64 97 39.13652
64 98 30.79474
64 99 36.27575
65 66 37.17968
65 67 70.51949
65 68 24.69645
65 69 9.31995
65 70 33.32308
65 71 27.78140
65 72 9.07360
65 73 23.47111
65 74 78.29110
65 75 44.55871
65 76 52.99006
65 77 26.23564
65 78 70.31504
65 79 81.17503
65 80 59.89670
65 81 48.12281
65 82 44.21767
65 83 57.78073
65 84 17.18752
65 85 77.20007
65 86 19.44627
65 87 34.96325
65 88 46.53625
65 89 24.59637
65 90 9.94690
65 91 40.49727
65 92 48.78333
65 93 69.78640
65 94 60.15814
65 95 56.57512
65 96 13.38096
65 97 58.93613
65 98 52.55768
65 99 54.37271
66 67 74.14566
66 68 58.77971
66 69 31.69931
66 70 4.93251
66 71 33.93107
66 72 40.65947
66 73 13.72868
66 74 42.31758
66 75 74.52977
66 76 38.62499
66 77 14.79152
66 78 59.53726
66 79 65.60235
66 80 24.31198
66 81 21.10247
66 82 25.46215
66 83 26.48749
66 84 51.18062
66 85 40.62878
66 86 27.56915
66 87 45.98106
66 88 23.75411
66 89 55.24856
66 90 29.76639
66 91 36.43531
66 92 73.37750
66 93 72.38662
66 94 56.66451
66 95 21.75885
66 96 27.73721
66 97 28.87381
66 98 30.24465
66 99 21.98859
67 68 62.92329
67 69 76.67099
67 70 75.64569
67 71 45.32317
67 72 79.53633
67 73 70.00323
67 74 85.50364
67 75 54.58319
67 76 39.63501
67 77 78.96175
67 78 27.75265
67 79 38.13629
67 80 75.35900
67 81 59.06874
67 82 98.15209
67 83 64.99006
67 84 84.71940
67 85 88.12279
67 86 83.63263
67 87 104.02234
67 88 54.15991
67 89 55.91318
67 90 63.76288
67 91 37.80993
67 92 42.24754
67 93 2.36746
67 94 19.12755
67 95 92.63707
67 96 77.67403
67 97 62.78696
67 98 51.14709
67 99 66.73657
68 69 33.89780
68 70 55.79665
68 71 34.45352
68 72 29.20006
68 73 45.45710
68 74 96.61102
68 75 20.94526
68 76 60.76624
68 77 50.24414
68 78 72.44447
68 79 84.94140
68 80 78.66112
68 81 63.62352
68 82 68.90377
68 83 73.92920
68 84 27.45971
68 85 96.33501
68 86 44.00780
68 87 55.83152
68 88 60.41853
68 89 7.36620
68 90 29.11155
68 91 46.33700
68 92 28.78351
68 93 63.02408
68 94 59.41431
68 95 79.66356
68 96 38.07740
68 97 74.24730
68 98 64.78891
68 99 71.53276
69 70 27.24802
69 71 32.03625
69 72 8.96135
69 73 18.78509
69 74 73.86487
69 75 53.87797
69 76 54.55193
69 77 18.70704
69 78 73.40065
69 79 83.37998
69 80 55.59209
69 81 46.19352
69 82 35.19018
69 83 55.07191
69 84 19.48469
69 85 72.31981
69 86 10.13426
69 87 27.41905
69 88 45.57965
69 89 33.87347
69 90 12.94341
69 91 43.65116
69 92 57.81775
69 93 75.72320
69 94 64.55984
69 95 49.29506
69 96 4.56218
69 97 56.64478
69 98 52.11654
69 99 51.20972
70 71 33.58799
70 72 36.19961
70 73 10.34201
70 74 47.07644
70 75 72.40984
70 76 41.63820
70 77 9.86457
70 78 62.58739
70 79 69.28060
70 80 29.18969
70 81 25.27076
70 82 22.72822
70 83 31.29097
70 84 46.68039
70 85 45.24624
70 86 22.66443
70 87 41.17264
70 88 27.37093
70 89 52.75122
70 90 26.68826
70 91 37.84112
70 92 72.05808
70 93 73.99032
70 94 58.74945
70 95 23.90674
70 96 23.13446
70 97 33.59910
70 98 34.07412
70 99 26.83245
71 72 36.68424
71 73 25.71305
71 74 64.20329
71 75 43.86829
71 76 26.92930
71 77 34.48568
71 78 42.60092
71 79 53.84281
71 80 47.32170
71 81 30.55317
71 82 54.65758
71 83 40.75128
71 84 44.42147
71 85 64.63692
71 86 38.32947
71 87 59.02734
71 88 26.64891
71 89 28.13911
71 90 19.18366
71 91 13.07624
71 92 40.25405
71 93 44.15645
71 94 32.60900
71 95 55.40238
71 96 32.51166
71 97 40.61357
71 98 30.41592
71 99 39.16587
72 73 27.61321
72 74 82.79198
72 75 50.01950
72 76 61.21378
72 77 27.44333
72 78 79.07990
72 79 89.69482
72 80 64.49257
72 81 54.49229
72 82 42.16174
72 83 63.64590
72 84 10.53809
72 85 81.27610
72 86 16.85398
72 87 27.20179
72 88 53.49887
72 89 31.03361
72 90 18.02071
72 91 49.20576
72 92 55.78370
72 93 78.82977
72 94 69.16661
72 95 57.90144
72 96 13.20099
72 97 65.09898
72 98 59.83723
72 99 59.89230
73 74 55.25206
73 75 62.26534
73 76 40.12898
73 77 8.95890
73 78 60.57412
73 79 68.91527
73 80 36.90702
73 81 28.11058
73 82 28.96546
73 83 36.45316
73 84 38.13566
73 85 53.91681
73 86 17.72755
73 87 38.78537
73 88 28.38512
73 89 42.47869
73 90 16.34687
73 91 32.89105
73 92 62.47317
73 93 68.56506
73 94 54.54242
73 95 34.23997
73 96 15.48113
73 97 38.18941
73 98 35.21248
73 99 32.48009
74 75 108.02804
74 76 47.26730
74 77 56.78809
74 78 59.92717
74 79 57.09345
74 80 18.39514
74 81 33.65596
74 82 57.07252
74 83 23.63901
74 84 93.32997
74 85 4.43950
74 86 69.60191
74 87 85.62827
74 88 37.91509
74 89 91.42712
74 90 69.46608
74 91 57.37596
74 92 102.96213
74 93 83.18703
74 94 66.67347
74 95 34.30143
74 96 70.03103
74 97 24.52372
74 98 36.74590
74 99 25.16305
75 76 65.89882
75 77 68.49159
75 78 71.72317
75 79 84.61840
75 80 91.12621
75 81 74.37483
75 82 88.15442
75 83 84.47789
75 84 48.10331
75 85 108.50369
75 86 63.99234
75 87 76.77648
75 88 70.23671
75 89 20.23063
75 90 46.47522
75 91 52.20198
75 92 12.68465
75 93 55.44645
75 94 57.70527
75 95 96.16004
75 96 57.73453
75 97 84.10476
75 98 72.94945
75 99 83.03355
76 77 48.22971
76 78 20.95219
76 79 28.95546
76 80 35.72501
76 81 20.00112
76 82 64.05675
76 83 25.43071
76 84 70.14203
76 85 49.34461
76 86 57.39366
76 87 78.76125
76 88 15.52552
76 89 53.92826
76 90 43.24253
76 91 14.44183
76 92 58.31939
76 93 37.46688
76 94 20.53801
76 95 54.14500
76 96 53.28662
76 97 23.41512
76 98 11.51218
76 99 27.13450
77 78 68.93302
77 79 76.71193
77 80 39.03190
77 81 34.00409
77 82 20.54993
77 83 40.88540
77 84 37.71909
77 85 54.79114
77 86 12.83022
77 87 31.86702
77 88 35.27583
77 89 48.33973
77 90 22.04535
77 91 41.77995
77 92 69.81985
77 93 77.52277
77 94 63.38668
77 95 30.60529
77 96 14.25353
77 97 43.05716
77 98 42.13675
77 99 36.50683
78 79 12.89751
78 80 53.12531
78 81 39.98630
78 82 84.98788
78 83 42.51216
78 84 87.01047
78 85 63.07038
78 86 77.37972
78 87 98.80041
78 88 36.06834
78 89 65.11512
78 90 61.16480
78 91 29.88225
78 92 61.32327
78 93 25.40546
78 94 14.04204
78 95 73.82403
78 96 72.73735
78 97 39.79685
78 98 30.54657
78 99 45.50407
79 80 54.36824
79 81 44.76195
79 82 90.86806
79 83 44.30272
79 84 98.14508
79 85 60.82228
79 86 86.31677
79 87 107.64792
79 88 41.91959
79 89 77.64910
79 90 71.67486
79 91 40.80135
79 92 74.13086
79 93 35.93112
79 94 26.92163
79 95 76.79274
79 96 82.23074
79 97 41.33893
79 98 35.37141
79 99 48.15045
80 81 17.67188
80 82 42.90032
80 83 10.63385
80 84 75.02653
80 85 17.67389
80 86 51.85184
80 87 69.17260
80 88 22.61442
80 89 73.76867
80 90 51.13234
80 91 42.54887
80 92 87.07116
80 93 73.18065
80 94 56.24784
80 95 23.32430
80 96 51.86050
80 97 13.34946
80 98 24.21474
80 99 8.89657
81 82 46.12428
81 83 10.31487
81 84 64.69389
81 85 34.28148
81 86 45.60787
81 87 65.86607
81 88 5.04553
81 89 58.06821
81 90 38.43925
81 91 24.88108
81 92 69.67037
81 93 57.00114
81 94 40.21106
81 95 34.15293
81 96 43.44939
81 97 10.87383
81 98 9.54008
81 99 8.89471
82 83 49.22470
82 84 50.74803
82 85 53.77169
82 86 25.41212
82 87 30.87721
82 88 49.17243
82 89 67.92388
82 90 42.13793
82 91 60.41495
82 92 90.18391
82 93 96.55602
82 94 81.47262
82 95 23.30287
82 96 30.84989
82 97 52.03085
82 98 55.51064
82 99 44.66778
83 84 74.01099
83 85 24.75277
83 86 53.25106
83 87 72.45703
83 88 14.28026
83 89 68.37800
83 90 48.28117
83 91 33.87797
83 92 79.34048
83 93 62.78207
83 94 45.86257
83 95 32.53534
83 96 51.93193
83 97 2.98651
83 98 14.03060
83 99 4.59885
84 85 91.80418
84 86 26.23033
84 87 29.78196
84 88 63.44402
84 89 31.65888
84 90 27.09845
84 91 57.36452
84 92 56.00664
84 93 84.26827
84 94 76.19378
84 95 67.93315
84 96 23.58003
84 97 75.38446
84 98 69.61028
84 99 70.32592
85 86 67.53748
85 87 82.85024
85 88 38.83633
85 89 91.40408
85 90 68.66201
85 91 58.62171
85 92 103.92341
85 93 85.82857
85 94 69.15474
85 95 30.72345
85 96 68.34870
85 97 26.11030
85 98 38.42960
85 99 25.48807
86 87 21.42172
86 88 46.10860
86 89 43.93251
86 90 20.67651
86 91 48.42434
86 92 67.60388
86 93 82.48586
86 94 69.98134
86 95 41.85837
86 96 6.56944
86 97 55.25756
86 98 52.93997
86 99 48.98521
87 88 66.91273
87 89 58.21920
87 90 40.26460
87 91 69.71714
87 92 82.98447
87 93 103.01971
87 94 91.15663
87 95 53.51138
87 96 26.54754
87 97 74.76269
87 98 73.78139
87 99 67.96960
88 89 54.56619
88 90 36.65819
88 91 19.96282
88 92 65.10827
88 93 52.11811
88 94 35.40386
88 95 38.74703
88 96 43.26329
88 97 13.96569
88 98 6.87016
88 99 13.74896
89 90 26.40279
89 91 39.48771
89 92 24.79728
89 93 55.92933
89 94 52.04906
89 95 76.63333
89 96 37.59070
89 97 68.49847
89 98 58.55148
89 99 66.26794
90 91 31.28527
90 92 48.09066
90 93 62.79158
90 94 51.78247
90 95 50.57387
90 96 14.25182
90 97 49.29574
90 98 42.61941
90 99 45.07585
91 92 45.74928
91 93 36.15366
91 94 21.69291
91 95 55.95709
91 96 43.31031
91 97 32.87797
91 98 21.00618
91 99 33.70786
92 93 43.25566
92 94 47.31077
92 95 95.11748
92 96 61.07689
92 97 78.55425
92 98 66.74508
92 99 78.53963
93 94 16.93283
93 95 90.67139
93 96 76.60157
93 97 60.55285
93 98 48.97729
93 99 64.58924
94 95 74.10695
94 96 64.63850
94 97 43.67139
94 98 32.04612
94 99 47.66854
95 96 44.79434
95 97 35.51848
95 98 43.33192
95 99 28.68294
96 97 53.65974
96 98 49.95374
96 99 47.92046
97 98 12.31970
97 99 7.37076
98 99 15.65743
2.9062 40.7214
12.1279 94.8235
67.1301 77.1144
41.8778 73.6330
42.1126 96.2057
24.3147 41.6091
53.0568 14.3766
52.1022 53.4362
28.8562 45.7190
0.8194 14.8572
34.2102 2.6393
89.5142 83.0285
73.8635 69.8056
98.3383 26.6933
40.8213 45.4376
57.9636 99.5310
74.2980 76.0532
63.2245 37.3188
61.5750 58.2195
84.5653 22.9507
65.7543 58.3644
46.0999 15.3148
5.7395 15.1149
59.7033 20.5143
63.2063 79.6013
80.0153 7.9603
10.1657 55.9940
60.1629 78.3649
55.7283 10.8824
93.6575 34.3142
38.1058 25.1099
54.1786 36.6179
6.0044 79.1911
28.3883 12.9784
78.1939 7.7954
44.3607 14.1050
6.8949 77.5516
12.4360 33.7907
58.1152 95.6447
66.8882 69.8295
22.2899 94.8170
33.1144 11.0319
13.2726 89.3058
53.6700 60.5658
10.4142 42.8271
68.8850 94.4055
83.2638 96.7417
62.8761 5.7472
30.6379 86.5848
47.6799 6.2059
24.7363 99.2453
14.8037 5.3133
40.5194 63.1686
30.9789 51.0887
20.7562 23.9159
56.0096 27.3768
71.0767 24.2050
11.1410 67.6604
14.3166 14.8896
53.2396 21.9168
69.2731 60.2474
14.1048 31.9418
6.6575 18.8274
19.1549 69.7344
60.2938 51.8338
82.8248 49.2866
54.4195 25.2977
29.1245 94.9952
88.2210 73.3863
82.5179 39.9717
59.3397 25.6460
56.8501 59.1416
90.3831 44.2664
64.5177 34.5984
14.6927 10.7183
83.6954 93.8368
30.1856 55.3744
69.1225 26.9135
15.8288 70.6347
3.5422 66.7123
30.7716 19.6542
36.4639 36.3842
71.6102 6.5147
28.3545 30.0097
99.9978 48.5802
17.8494 7.5967
81.6054 29.8786
99.9389 18.7983
36.9608 41.4052
80.8667 73.8049
72.8994 48.6329
43.8132 60.1551
71.3377 96.6982
28.2588 92.7917
28.8586 75.8695
48.4047 4.3867
79.9130 36.2263
26.3995 32.2674
30.5472 43.8679
32.6440 28.3515
