100
0 1 97.42165
0 2 111.48241
0 3 57.26045
0 4 71.99180
0 5 54.48788
0 6 87.19724
0 7 45.56549
0 8 72.66482
0 9 63.83346
0 10 59.79615
0 11 70.35385
0 12 94.62192
0 13 85.97861
0 14 94.85128
0 15 94.10012
0 16 108.23155
0 17 17.45789
0 18 71.54276
0 19 102.53132
0 20 81.12118
0 21 118.03118
0 22 57.15149
0 23 51.48234
0 24 94.27323
0 25 67.30772
0 26 124.86881
0 27 61.13796
0 28 37.61586
0 29 75.62036
0 30 70.94098
0 31 64.24513
0 32 68.07924
0 33 38.36648
0 34 71.37356
0 35 4.45021
0 36 69.17494
0 37 83.24877
0 38 86.15885
0 39 93.18053
0 40 82.34864
0 41 49.38846
0 42 39.26198
0 43 71.03784
0 44 20.66937
0 45 11.43692
0 46 120.66377
0 47 11.50458
0 48 22.72198
0 49 53.87533
0 50 18.86866
0 51 55.01478
0 52 115.42124
0 53 51.27351
0 54 46.40302
0 55 41.67108
0 56 38.71298
0 57 11.27807
0 58 41.02593
0 59 69.44325
0 60 56.93121
0 61 90.07923
0 62 107.58399
0 63 26.24097
0 64 10.11420
0 65 18.04718
0 66 43.23347
0 67 48.84517
0 68 61.29865
0 69 114.72646
0 70 68.98667
0 71 53.00866
0 72 29.65200
0 73 50.03236
0 74 85.71059
0 75 25.38369
0 76 33.03284
0 77 82.54088
0 78 100.33245
0 79 66.38072
0 80 64.04943
0 81 77.09175
0 82 14.30206
0 83 96.82608
0 84 103.70445
0 85 38.80824
0 86 64.28546
0 87 35.43693
0 88 85.56659
0 89 61.31826
0 90 96.06344
0 91 93.91617
0 92 96.30687
0 93 70.22423
0 94 30.34269
0 95 115.93184
0 96 14.86828
0 97 92.99806
0 98 76.38695
0 99 95.68630
1 2 57.11294
1 3 56.26223
1 4 89.23689
1 5 90.33095
1 6 23.58649
1 7 61.22259
1 8 25.17946
1 9 50.54703
1 10 90.56832
1 11 101.62557
1 12 26.98730
1 13 22.49795
1 14 22.50941
1 15 39.19486
1 16 25.98212
1 17 82.13263
1 18 43.29495
1 19 52.62390
1 20 26.21517
1 21 39.24538
1 22 49.48407
1 23 84.70549
1 24 3.22786
1 25 34.30424
1 26 58.47627
1 27 62.76450
1 28 91.25294
1 29 98.68345
1 30 44.02140
1 31 43.77555
1 32 66.15013
1 33 61.73465
1 34 78.00733
1 35 95.01089
1 36 51.64489
1 37 84.37441
1 38 109.14567
1 39 39.46769
1 40 26.45958
1 41 48.40719
1 42 62.34682
1 43 60.21631
1 44 82.13007
1 45 92.29668
1 46 50.85302
1 47 93.36781
1 48 86.28932
1 49 43.57111
1 50 78.55872
1 51 96.79399
1 52 54.93432
1 53 53.08779
1 54 52.09296
1 55 62.41624
1 56 60.30068
1 57 93.74387
1 58 89.95669
1 59 47.62066
1 60 59.60303
1 61 69.32659
1 62 26.54180
1 63 90.52703
1 64 103.45136
1 65 79.62435
1 66 58.96414
1 67 76.61148
1 68 40.31454
1 69 50.50630
1 70 57.73280
1 71 54.56143
1 72 76.59462
1 73 65.96040
1 74 73.69916
1 75 73.18478
1 76 70.75574
1 77 35.30192
1 78 18.84357
1 79 39.90584
1 80 39.33198
1 81 24.56663
1 82 89.15047
1 83 6.30721
1 84 15.25715
1 85 67.91882
1 86 79.94506
1 87 66.51582
1 88 102.45484
1 89 86.46255
1 90 2.93171
1 91 29.01123
1 92 61.85016
1 93 32.28101
1 94 81.64091
1 95 50.82614
1 96 82.79484
1 97 12.21132
1 98 27.75103
1 99 1.91406
2 3 54.22279
2 4 61.62083
2 5 74.04366
2 6 77.82734
2 7 65.99200
2 8 57.96748
2 9 95.23711
2 10 70.84618
2 11 75.31734
2 12 83.42216
2 13 40.71187
2 14 35.34409
2 15 95.13814
2 16 33.74840
2 17 94.08897
2 18 41.32334
2 19 8.98575
2 20 77.53977
2 21 26.56189
2 22 89.61030
2 23 71.34549
2 24 56.40813
2 25 76.71329
2 26 15.43147
2 27 51.63021
2 28 85.37157
2 29 68.93810
2 30 41.73280
2 31 87.51123
2 32 47.00419
2 33 74.80492
2 34 52.13456
2 35 111.33010
2 36 42.30945
2 37 49.28213
2 38 74.46478
2 39 22.16802
2 40 40.46931
2 41 70.40411
2 42 73.11315
2 43 41.94708
2 44 91.01362
2 45 101.68711
2 46 16.41138
2 47 113.45452
2 48 91.16441
2 49 71.69372
2 50 96.01719
2 51 79.72386
2 52 6.28123
2 53 61.47173
2 54 70.54706
2 55 94.88296
2 56 87.65676
2 57 113.71767
2 58 82.22019
2 59 94.98602
2 60 54.74968
2 61 30.40916
2 62 32.69808
2 63 91.67972
2 64 120.72783
2 65 98.21255
2 66 69.34928
2 67 67.70431
2 68 56.13481
2 69 10.13634
2 70 43.14867
2 71 58.90827
2 72 82.22099
2 73 62.23460
2 74 37.62498
2 75 87.34587
2 76 99.61420
2 77 33.62559
2 78 38.38119
2 79 49.04591
2 80 81.24414
2 81 72.04717
2 82 110.39439
2 83 50.83952
2 84 43.34010
2 85 72.69742
2 86 58.81737
2 87 76.44329
2 88 67.08708
2 89 66.20399
2 90 59.66897
2 91 85.26045
2 92 19.11265
2 93 76.71026
2 94 83.58582
2 95 10.99144
2 96 100.60842
2 97 46.11523
2 98 46.22052
2 99 57.88905
3 4 37.17651
3 5 34.18654
3 6 60.65004
3 7 11.87571
3 8 34.27593
3 9 59.26539
3 10 35.02649
3 11 47.29054
3 12 69.24423
3 13 36.47235
3 14 43.59479
3 15 76.27714
3 16 56.24657
3 17 39.87348
3 18 16.06730
3 19 45.27173
3 20 56.21263
3 21 63.42112
3 22 50.87963
3 23 28.45517
3 24 53.21417
3 25 45.84614
3 26 67.80692
3 27 9.27668
3 28 36.56480
3 29 46.23054
3 30 15.30283
3 31 53.05284
3 32 17.03912
3 33 21.94052
3 34 27.93254
3 35 57.17564
3 36 11.91463
3 37 39.09123
3 38 58.12504
3 39 36.95665
3 40 32.00756
3 41 24.86594
3 42 19.69077
3 43 16.03933
3 44 36.86149
3 45 47.66884
3 46 64.10193
3 47 59.71666
3 48 37.66995
3 49 30.57433
3 50 42.41922
3 51 40.59206
3 52 58.24888
3 53 10.54586
3 54 22.16765
3 55 48.46682
3 56 39.48760
3 57 59.95322
3 58 34.59128
3 59 62.04525
3 60 3.56707
3 61 36.40183
3 62 55.32051
3 63 39.42024
3 64 66.55354
3 65 44.75527
3 66 16.47064
3 67 20.42706
3 68 18.25985
3 69 57.84139
3 70 12.99239
3 71 6.49671
3 72 28.22990
3 73 10.24455
3 74 34.72250
3 75 33.53012
3 76 50.10299
3 77 27.98928
3 78 50.33223
3 79 16.35920
3 80 47.55032
3 81 49.30276
3 82 56.99281
3 83 52.57194
3 84 55.43952
3 85 18.51261
3 86 26.33129
3 87 22.48492
3 88 52.82096
3 89 31.44002
3 90 56.48268
3 91 69.92098
3 92 39.98328
3 93 47.91362
3 94 30.59366
3 95 59.07551
3 96 46.87852
3 97 46.66743
3 98 28.63556
3 99 55.21213
4 5 18.23790
4 6 97.28911
4 7 42.02280
4 8 70.45366
4 9 95.49068
4 10 12.98963
4 11 13.88908
4 12 105.75897
4 13 67.06353
4 14 71.07674
4 15 113.34044
4 16 80.69250
4 17 58.58374
4 18 46.04850
4 19 55.19439
4 20 93.15410
4 21 82.38298
4 22 86.81882
4 23 20.54248
4 24 86.53449
4 25 83.00643
4 26 77.00970
4 27 28.24003
4 28 35.13049
4 29 9.45539
4 30 45.36187
4 31 89.76332
4 32 23.11529
4 33 52.10127
4 34 11.38570
4 35 74.15258
4 36 37.68409
4 37 14.20301
4 38 20.95148
4 39 56.94889
4 40 62.84686
4 41 60.76735
4 42 49.24660
4 43 29.07820
4 44 53.65463
4 45 60.55734
4 46 77.00419
4 47 79.53320
4 48 49.50067
4 49 67.18085
4 50 65.51497
4 51 21.14791
4 52 67.68366
4 53 46.45598
4 54 57.12519
4 55 81.18614
4 56 71.91699
4 57 79.60387
4 58 31.46764
4 59 98.72127
4 60 33.72840
4 61 31.28815
4 62 79.52791
4 63 45.95764
4 64 82.06273
4 65 67.98156
4 66 48.35929
4 67 25.59058
4 68 55.20979
4 69 69.95678
4 70 31.52479
4 71 42.58398
4 72 46.05912
4 73 32.51943
4 74 24.10479
4 75 57.54736
4 76 79.93159
4 77 54.83363
4 78 77.99126
4 79 51.51438
4 80 84.50992
4 81 86.19338
4 82 78.60008
4 83 84.32932
4 84 83.98238
4 85 42.45506
4 86 11.06191
4 87 49.01658
4 88 16.09863
4 89 10.68021
4 90 90.12516
4 91 106.59058
4 92 42.52805
4 93 85.08982
4 94 42.55825
4 95 71.16610
4 96 68.59213
4 97 77.89638
4 98 62.10089
4 99 88.59500
5 6 93.89319
5 7 33.51652
5 8 68.20026
5 9 86.64339
5 10 5.36500
5 11 17.32117
5 12 102.56035
5 13 69.62901
5 14 75.55557
5 15 108.44151
5 16 86.99036
5 17 42.57488
5 18 47.99428
5 19 66.41353
5 20 88.98621
5 21 91.24115
5 22 77.80319
5 23 6.13040
5 24 87.32399
5 25 77.09125
5 26 89.39090
5 27 28.08875
5 28 17.07144
5 29 21.26270
5 30 47.20223
5 31 81.96420
5 32 28.20775
5 33 41.32907
5 34 22.56354
5 35 56.98375
5 36 40.27796
5 37 31.57376
5 38 32.62721
5 39 64.38700
5 40 65.15453
5 41 53.01548
5 42 38.65885
5 43 34.47638
5 44 37.53676
5 45 43.12441
5 46 88.09566
5 47 62.80610
5 48 32.53302
5 49 60.02305
5 50 50.33747
5 51 6.52776
5 52 79.68000
5 53 40.33343
5 54 48.75957
5 55 69.48673
5 56 60.50476
5 57 62.83665
5 58 13.49933
5 59 90.63024
5 60 30.75690
5 61 45.19195
5 62 85.91774
5 63 28.25551
5 64 64.46316
5 65 52.69310
5 66 39.16778
5 67 14.80530
5 68 51.84732
5 69 81.10200
5 70 35.28280
5 71 37.34464
5 72 31.26090
5 73 25.42643
5 74 38.64516
5 75 43.35609
5 76 66.64046
5 77 59.00809
5 78 82.53019
5 79 50.50127
5 80 77.51945
5 81 82.28505
5 82 62.34940
5 83 86.34719
5 84 88.11326
5 85 30.92899
5 86 15.28352
5 87 37.05805
5 88 31.13964
5 89 8.49739
5 90 90.63884
5 91 103.03763
5 92 55.25960
5 93 79.57353
5 94 26.49820
5 95 82.36346
5 96 52.80010
5 97 80.22423
5 98 62.59528
5 99 89.33680
6 7 61.06982
6 8 26.92576
6 9 29.98434
6 10 95.45650
6 11 107.93884
6 12 8.67305
6 13 38.07890
6 14 42.53992
6 15 17.65592
6 16 49.18291
6 17 74.56291
6 18 52.80880
6 19 71.91758
6 20 6.07613
6 21 62.61485
6 22 32.01337
6 23 87.82799
6 24 22.70820
6 25 20.00392
6 26 81.18835
6 27 69.11417
6 28 90.43314
6 29 106.58434
6 30 53.31413
6 31 24.98095
6 32 74.75045
6 33 57.36258
6 34 86.88290
6 35 83.98916
6 36 60.64922
6 37 95.67444
6 38 118.13048
6 39 57.52930
6 40 40.12790
6 41 43.13505
6 42 58.98891
6 43 69.92359
6 44 75.99205
6 45 84.67631
6 46 73.68009
6 47 80.78453
6 48 81.41497
6 49 36.31006
6 50 68.85065
6 51 99.93851
6 52 76.59684
6 53 53.62487
6 54 47.59381
6 55 47.29533
6 56 48.48575
6 57 81.17902
6 58 90.07577
6 59 25.83452
6 60 64.21557
6 61 83.83825
6 62 49.60111
6 63 86.77072
6 64 91.31141
6 65 69.22401
6 66 56.68157
6 67 79.17466
6 68 42.39747
6 69 72.49854
6 70 66.77485
6 71 56.57515
6 72 72.80790
6 73 68.46787
6 74 86.68081
6 75 65.91412
6 76 56.36904
6 77 49.55363
6 78 41.12459
6 79 45.89134
6 80 23.28005
6 81 11.69513
6 82 76.42111
6 83 28.74078
6 84 38.64613
6 85 66.16750
6 86 86.78463
6 87 62.60790
6 88 112.18783
6 89 92.06601
6 90 20.66199
6 91 9.30158
6 92 78.67169
6 93 17.04872
6 94 78.72547
6 95 72.98329
6 96 72.36671
6 97 31.95706
6 98 37.32794
6 99 22.00897
7 8 36.90343
7 9 53.82268
7 10 36.09402
7 11 49.34295
7 12 69.73297
7 13 44.06155
7 14 52.15622
7 15 75.02596
7 16 65.31321
7 17 28.12472
7 18 26.32442
7 19 57.02128
7 20 55.88451
7 21 73.66448
7 22 45.04642
7 23 27.38804
7 24 58.02886
7 25 43.61324
7 26 79.31902
7 27 18.31669
7 28 30.14970
7 29 50.10181
7 30 25.66163
7 31 48.66224
7 32 26.50033
7 33 10.96447
7 34 35.08091
7 35 45.34532
7 36 23.71337
7 37 47.23286
7 38 62.36262
7 39 47.88988
7 40 39.82979
7 41 19.54487
7 42 8.31307
7 43 27.22792
7 44 25.43591
7 45 36.38233
7 46 75.29404
7 47 47.85102
7 48 27.15541
7 49 26.51094
7 50 30.59799
7 51 39.19039
7 52 69.85579
7 53 8.13481
7 54 15.43448
7 55 39.56669
7 56 30.29961
7 57 48.08488
7 58 29.25470
7 59 57.46382
7 60 12.50918
7 61 47.51491
7 62 64.49289
7 63 30.05763
7 64 54.73756
7 65 32.96366
7 66 6.35586
7 67 18.76594
7 68 20.90855
7 69 69.22379
7 70 24.51849
7 71 7.81962
7 72 17.28016
7 73 9.51368
7 74 44.96463
7 75 21.67773
7 76 39.78534
7 77 37.88347
7 78 58.48973
7 79 23.05116
7 80 44.03045
7 81 49.37908
7 82 45.18516
7 83 58.53621
7 84 63.00388
7 85 7.40618
7 86 31.04945
7 87 10.62424
7 88 58.12090
7 89 33.76635
7 90 60.89792
7 91 70.05068
7 92 51.78552
7 93 46.14979
7 94 20.98700
7 95 70.43989
7 96 35.02280
7 97 53.24560
7 98 35.03313
7 99 59.89317
8 9 37.28211
8 10 69.29830
8 11 81.45155
8 12 35.31243
8 13 18.21534
8 14 26.67181
8 15 43.74736
8 16 38.83246
8 17 57.02728
8 18 26.13861
8 19 50.45723
8 20 23.46568
8 21 51.24828
8 22 32.25515
8 23 62.26558
8 24 21.95836
8 25 18.76379
8 26 65.47631
8 27 42.37882
8 28 67.04630
8 29 79.79381
8 30 26.58415
8 31 29.54983
8 32 47.82659
8 33 36.56716
8 34 59.96451
8 35 70.49129
8 36 33.77258
8 37 68.85877
8 38 91.24774
8 39 35.91565
8 40 17.50453
8 41 23.35517
8 42 37.26684
8 43 43.05163
8 44 56.95073
8 45 67.16099
8 46 58.84902
8 47 69.43633
8 48 61.17023
8 49 19.36469
8 50 53.87108
8 51 74.46306
8 52 58.52250
8 53 28.86525
8 54 26.92203
8 55 41.21023
8 56 37.02178
8 57 69.79862
8 58 66.08890
8 59 37.17847
8 60 37.83031
8 61 58.07920
8 62 38.56805
8 63 65.56677
8 64 79.21283
8 65 55.11845
8 66 34.01763
8 67 53.77106
8 68 16.40795
8 69 55.43295
8 70 39.86753
8 71 31.06522
8 72 51.55612
8 73 42.94767
8 74 60.29319
8 75 48.09606
8 76 48.47235
8 77 25.46905
8 78 29.93620
8 79 18.97594
8 80 23.31349
8 81 16.58225
8 82 65.35624
8 83 24.17598
8 84 31.88074
8 85 43.20447
8 86 60.08348
8 87 41.40357
8 88 85.26433
8 89 65.67486
8 90 24.36791
8 91 36.21294
8 92 54.45880
8 93 19.04767
8 94 56.78429
8 95 56.27277
8 96 58.24868
8 97 21.02425
8 98 12.16533
8 99 23.61252
9 10 89.74959
9 11 103.06939
9 12 34.59053
9 13 55.15118
9 14 62.78966
9 15 30.78970
9 16 73.13606
9 17 55.40064
9 18 59.44304
9 19 87.57342
9 20 25.03143
9 21 86.42401
9 22 8.84079
9 23 80.62287
9 24 48.46816
9 25 18.64965
9 26 102.34747
9 27 68.53081
9 28 78.00207
9 29 103.86739
9 30 59.56707
9 31 7.73714
9 32 76.12243
9 33 45.40082
9 34 87.13377
9 35 59.95536
9 36 64.90552
9 37 98.27660
9 38 116.10350
9 39 73.13497
9 40 54.78596
9 41 34.73569
9 42 48.00060
9 43 73.39511
9 44 58.45763
9 45 64.46436
9 46 95.42845
9 47 55.28876
9 48 64.85037
9 49 28.71580
9 50 47.68578
9 51 91.63674
9 52 95.74177
9 53 49.18187
9 54 38.44018
9 55 22.25619
9 56 28.21355
9 57 55.68061
9 58 78.85209
9 59 5.65573
9 60 62.36009
9 61 91.78420
9 62 73.19372
9 63 71.04980
9 64 65.75581
9 65 47.15008
9 66 47.70341
9 67 72.28500
9 68 43.90183
9 69 92.49618
9 70 69.93476
9 71 53.19792
9 72 58.68968
9 73 63.15097
9 74 92.31545
9 75 48.31734
9 76 30.85351
9 77 62.24700
9 78 64.18309
9 79 50.57248
9 80 14.00326
9 81 26.25049
9 82 51.03028
9 83 53.86058
9 84 63.79913
9 85 55.78894
9 86 84.42957
9 87 50.08745
9 88 111.51053
9 89 87.58858
9 90 47.92146
9 91 33.19439
9 92 90.23776
9 93 19.31475
9 94 64.92978
9 95 93.27776
9 96 49.92449
9 97 54.28481
9 98 49.12047
9 99 48.67117
10 11 13.34521
10 12 104.09538
10 13 69.31799
10 14 74.72133
10 15 110.48327
10 16 85.67823
10 17 47.52736
10 18 47.63413
10 19 63.53767
10 20 90.75507
10 21 89.18312
10 22 80.92682
10 23 9.62091
10 24 87.63747
10 25 79.31600
10 26 86.25820
10 27 27.81942
10 28 22.43510
10 29 16.18074
10 30 46.86058
10 31 84.75485
10 32 26.37553
10 33 44.73754
10 34 18.78540
10 35 62.23188
10 36 39.58058
10 37 26.66554
10 38 27.91892
10 39 62.60636
10 40 64.88440
10 41 55.62358
10 42 41.97911
10 43 32.80689
10 44 42.50182
10 45 48.41292
10 46 85.35338
10 47 67.96653
10 48 37.70298
10 49 62.51092
10 50 55.09200
10 51 8.97590
10 52 76.63374
10 53 42.28668
10 54 51.51212
10 55 73.34244
10 56 64.24180
10 57 68.00584
10 58 18.84948
10 59 93.53382
10 60 31.48363
10 61 41.37510
10 62 84.57362
10 63 33.57921
10 64 69.78991
10 65 57.48401
10 66 42.05924
10 67 17.46755
10 68 53.12421
10 69 78.31852
10 70 34.11223
10 71 38.96576
10 72 35.80937
10 73 27.30489
10 74 34.57828
10 75 47.80636
10 76 70.93034
10 77 58.13301
10 78 81.71694
10 79 51.05719
10 80 80.05846
10 81 83.94977
10 82 67.40070
10 83 86.29519
10 84 87.44691
10 85 34.43455
10 86 12.29562
10 87 40.78591
10 88 25.94617
10 89 4.72255
10 90 91.04784
10 91 104.67664
10 92 51.86578
10 93 81.69395
10 94 31.39178
10 95 79.56905
10 96 57.72246
10 97 80.05001
10 98 62.83722
10 99 89.67327
11 12 116.53416
11 13 79.77892
11 14 84.31377
11 15 123.31220
11 16 94.31347
11 17 59.63307
11 18 58.33977
11 19 69.05080
11 20 103.41569
11 21 96.25805
11 22 94.25173
11 23 22.80754
11 24 98.80931
11 25 92.30646
11 26 90.66130
11 27 39.21200
11 28 32.85922
11 29 7.62917
11 30 57.60656
11 31 97.99676
11 32 35.72103
11 33 58.07888
11 34 24.89639
11 35 73.21480
11 36 50.01941
11 37 26.65589
11 38 15.80593
11 39 70.65047
11 40 75.45259
11 41 68.83477
11 42 55.32378
11 43 42.01506
11 44 54.59619
11 45 59.22512
11 46 90.83274
11 47 79.36169
11 48 49.22781
11 49 75.66292
11 50 67.56702
11 51 15.34457
11 52 81.42714
11 53 55.24731
11 54 64.77570
11 55 86.60715
11 56 77.53947
11 57 79.36343
11 58 29.73294
11 59 106.80578
11 60 43.72415
11 61 44.91527
11 62 93.15967
11 63 44.29672
11 64 80.09050
11 65 69.89408
11 66 55.36844
11 67 30.80343
11 68 65.54230
11 69 83.79180
11 70 44.05976
11 71 51.75582
11 72 48.57933
11 73 40.35530
11 74 37.69943
11 75 60.67726
11 76 83.94901
11 77 67.88567
11 78 91.27367
11 79 62.81146
11 80 93.20728
11 81 96.54507
11 82 79.18799
11 83 96.98439
11 84 97.19678
11 85 47.75978
11 86 21.68545
11 87 54.07202
11 88 16.54273
11 89 15.91377
11 90 102.32315
11 91 117.20404
11 92 56.27048
11 93 94.61793
11 94 43.68029
11 95 84.99457
11 96 69.87038
11 97 90.61048
11 98 74.10271
11 99 100.86367
12 13 44.81847
12 14 48.12814
12 15 12.29610
12 16 52.93917
12 17 82.56173
12 18 60.91214
12 19 78.08652
12 20 14.16722
12 21 66.06266
12 22 38.29200
12 23 96.49779
12 24 27.10095
12 25 28.00082
12 26 85.46329
12 27 77.62896
12 28 99.02521
12 29 115.08229
12 30 61.44999
12 31 31.04988
12 32 83.10623
12 33 65.84440
12 34 95.25587
12 35 91.25883
12 36 68.88390
12 37 103.80020
12 38 126.55948
12 39 63.99612
12 40 47.33570
12 41 51.66024
12 42 67.53245
12 43 78.13920
12 44 84.17939
12 45 92.60219
12 46 77.83942
12 47 87.68691
12 48 89.72120
12 49 44.76035
12 50 76.53157
12 51 108.61087
12 52 81.66919
12 53 62.29777
12 54 56.13364
12 55 53.93639
12 56 56.01112
12 57 88.08284
12 58 98.70738
12 59 29.60541
12 60 72.81104
12 61 91.38459
12 62 53.52432
12 63 95.16692
12 64 98.24738
12 65 76.76274
12 66 65.29187
12 67 87.84616
12 68 51.00584
12 69 77.34719
12 70 75.04609
12 71 65.23561
12 72 81.25568
12 73 77.13430
12 74 94.52181
12 75 74.02209
12 76 63.05701
12 77 56.84780
12 78 45.64514
12 79 54.28335
12 80 30.59849
12 81 20.35391
12 82 83.32545
12 83 32.94673
12 84 42.18445
12 85 74.77012
12 86 95.31784
12 87 71.09497
12 88 120.53645
12 89 100.67439
12 90 24.15920
12 91 2.16730
12 92 85.65470
12 93 25.05334
12 94 87.21867
12 95 77.71671
12 96 79.86861
12 97 37.32070
12 98 45.14743
12 99 25.83517
13 14 9.07516
13 15 55.71499
13 16 22.32479
13 17 69.18033
13 18 21.68916
13 19 34.04426
13 20 37.05675
13 21 33.61776
13 22 50.46593
13 23 64.33588
13 24 20.17400
13 25 36.50206
13 26 47.29507
13 27 41.59780
13 28 72.85636
13 29 76.48178
13 30 22.46914
13 31 47.42373
13 32 44.09717
13 33 47.85171
13 34 55.75430
13 35 84.43019
13 36 29.82657
13 37 61.87715
13 38 86.74073
13 39 19.49651
13 40 4.48699
13 41 37.49090
13 42 47.55524
13 43 37.98549
13 44 67.98082
13 45 78.81473
13 46 40.63507
13 47 84.40402
13 48 70.90820
13 49 35.77049
13 50 67.76646
13 51 76.15316
13 52 40.65960
13 53 36.31898
13 54 39.72966
13 55 58.74687
13 56 53.46632
13 57 84.74133
13 58 71.03882
13 59 54.46747
13 60 39.45690
13 61 47.25668
13 62 21.77290
13 63 74.11869
13 64 93.56251
13 65 69.40007
13 66 43.68666
13 67 56.78038
13 68 24.72307
13 69 37.34734
13 70 35.72087
13 71 36.50411
13 72 60.94142
13 73 46.65987
13 74 51.30603
13 75 60.63674
13 76 65.34525
13 77 12.83032
13 78 14.51825
13 79 21.03211
13 80 41.31478
13 81 31.34650
13 82 80.57373
13 83 17.26785
13 84 19.03940
13 85 51.35875
13 86 58.18536
13 87 51.74783
13 88 79.99446
13 89 65.01512
13 90 23.89291
13 91 46.38878
13 92 40.84436
13 93 36.20583
13 94 65.04770
13 95 38.14527
13 96 72.37001
13 97 10.83912
13 98 9.59281
13 99 22.18779
14 15 59.79412
14 16 13.38278
14 17 77.93323
14 18 27.86572
14 19 30.18277
14 20 42.66020
14 21 24.66085
14 22 58.69702
14 23 70.58428
14 24 21.30809
14 25 44.21897
14 26 39.70512
14 27 47.51273
14 28 80.15959
14 29 80.34391
14 30 28.66615
14 31 55.12661
14 32 48.70796
14 33 56.60917
14 34 59.69207
14 35 93.38226
14 36 35.27888
14 37 64.23495
14 38 89.87419
14 39 17.13559
14 40 12.53532
14 41 46.55424
14 42 56.16970
14 43 42.32507
14 44 76.55372
14 45 87.44751
14 46 32.64641
14 47 93.44704
14 48 79.21098
14 49 44.78294
14 50 76.74211
14 51 82.07253
14 52 34.15376
14 53 44.66110
14 54 48.71294
14 55 67.62345
14 56 62.51093
14 57 93.78254
14 58 78.11092
14 59 61.60348
14 60 46.27559
14 61 47.80375
14 62 12.75188
14 63 82.13139
14 64 102.54740
14 65 78.40737
14 66 52.25356
14 67 63.49314
14 68 33.55272
14 69 30.28677
14 70 40.62573
14 71 44.44006
14 72 69.25205
14 73 53.83739
14 74 52.86440
14 75 69.48031
14 76 74.35977
14 77 16.58900
14 78 6.99601
14 79 29.16890
14 80 49.20677
14 81 37.78017
14 82 89.63261
14 83 16.24893
14 84 12.90619
14 85 59.53002
14 86 63.07009
14 87 60.32603
14 88 82.85438
14 89 70.23737
14 90 24.77961
14 91 49.93805
14 92 39.56085
14 93 43.55311
14 94 73.07351
14 95 30.91167
14 96 81.35873
14 97 10.81492
14 98 18.56726
14 99 22.96856
15 16 65.17308
15 17 83.90207
15 18 69.87291
15 19 89.45612
15 20 20.32757
15 21 78.34109
15 22 36.98692
15 23 102.31683
15 24 39.10248
15 25 31.45839
15 26 97.64080
15 27 85.10351
15 28 103.11255
15 29 122.49521
15 30 70.32973
15 31 30.08529
15 32 91.23896
15 33 69.51777
15 34 103.28131
15 35 90.38096
15 36 77.46571
15 37 112.57302
15 38 134.27557
15 39 75.13531
15 40 57.77151
15 41 55.90472
15 42 71.57216
15 43 86.73662
15 44 86.19157
15 45 93.57125
15 46 90.03418
15 47 85.98959
15 48 92.17166
15 49 48.79840
15 50 76.97152
15 51 114.21612
15 52 93.61379
15 53 68.20959
15 54 60.36388
15 55 52.47061
15 56 56.51215
15 57 86.38315
15 58 103.21607
15 59 25.16295
15 60 79.80531
15 61 101.32607
15 62 65.73393
15 63 97.99772
15 64 96.49243
15 65 76.80150
15 66 69.91293
15 67 93.63621
15 68 58.13068
15 69 89.36594
15 70 83.49207
15 71 71.56477
15 72 84.50970
15 73 83.20532
15 74 103.95060
15 75 75.87949
15 76 61.38683
15 77 67.17304
15 78 57.70718
15 79 62.46004
15 80 32.12692
15 81 27.30516
15 82 81.69776
15 83 45.03789
15 84 54.42832
15 85 79.18566
15 86 102.60204
15 87 74.71377
15 88 128.58783
15 89 107.39918
15 90 36.33050
15 91 10.20088
15 92 96.32297
15 93 28.87733
15 94 90.67444
15 95 89.77192
15 96 79.75553
15 97 49.05214
15 98 54.75151
15 99 37.96027
16 17 91.31106
16 18 40.24347
16 19 31.95908
16 20 50.75836
16 21 13.49644
16 22 70.00280
16 23 82.34128
16 24 26.47494
16 25 54.99576
16 26 32.61899
16 27 59.25663
16 28 92.72452
16 29 89.67435
16 30 41.03034
16 31 65.67825
16 32 59.32959
16 33 69.98946
16 34 69.42777
16 35 106.74007
16 36 46.95390
16 37 72.17605
16 38 98.27940
16 39 23.82814
16 40 25.91107
16 41 59.77581
16 42 69.52487
16 43 52.88514
16 44 89.88811
16 45 100.79760
16 46 24.95853
16 47 106.71187
16 48 92.42905
16 49 57.61681
16 50 90.08583
16 51 93.45370
16 52 30.27367
16 53 57.94221
16 54 62.04984
16 55 80.04244
16 56 75.40660
16 57 107.05101
16 58 90.50480
16 59 71.22728
16 60 58.69999
16 61 54.18426
16 62 1.21035
16 63 95.18350
16 64 115.88516
16 65 91.72482
16 66 65.59851
16 67 75.68461
16 68 46.93308
16 69 25.53491
16 70 51.71692
16 71 57.54558
16 72 82.48381
16 73 66.43888
16 74 60.22466
16 75 82.86243
16 76 87.12688
16 77 28.40582
16 78 9.03102
16 79 42.43117
16 80 60.12870
16 81 47.14036
16 82 102.85669
16 83 20.44474
16 84 10.75966
16 85 72.70820
16 86 73.67308
16 87 73.66930
16 88 91.03360
16 89 81.06864
16 90 28.86917
16 91 54.98243
16 92 44.12771
16 93 53.85464
16 94 86.14803
16 95 25.61983
16 96 94.69311
16 97 18.86364
16 98 31.89847
16 99 27.31226
17 18 54.10320
17 19 85.12728
17 20 68.56510
17 21 100.79083
17 22 47.42174
17 23 38.28507
17 24 78.93072
17 25 54.60123
17 26 107.41287
17 27 44.25337
17 28 27.58718
17 29 63.70802
17 30 53.49527
17 31 53.89409
17 32 51.56905
17 33 21.33065
17 34 56.21323
17 35 17.43434
17 36 51.78142
17 37 68.45572
17 38 75.18675
17 39 75.74329
17 40 65.40011
17 41 33.72748
17 42 21.94077
17 43 54.05805
17 44 5.04003
17 45 10.23307
17 46 103.22092
17 47 21.31374
17 48 11.09064
17 49 39.21593
17 50 8.75649
17 51 44.86144
17 52 97.97654
17 53 33.91148
17 54 30.18489
17 55 33.76392
17 56 27.48119
17 57 21.44743
17 58 30.12516
17 59 60.66817
17 60 39.70998
17 61 73.55038
17 62 90.62062
17 63 17.33942
17 64 26.73022
17 65 10.66201
17 66 25.91718
17 67 33.75950
17 68 44.45994
17 69 97.26894
17 70 51.84237
17 71 35.55331
17 72 13.16300
17 73 33.16351
17 74 69.64622
17 75 8.95585
17 76 27.47936
17 77 65.19296
17 78 83.63719
17 79 49.17258
17 80 52.25105
17 81 63.67120
17 82 20.01780
17 83 80.98359
17 84 87.30718
17 85 21.53073
17 86 49.63800
17 87 18.01391
17 88 73.39924
17 89 48.03074
17 90 81.03370
17 91 82.15946
17 92 79.23636
17 93 57.56082
17 94 16.14390
17 95 98.47487
17 96 10.23744
17 97 76.75371
17 98 59.61982
17 99 80.48270
18 19 32.42340
18 20 49.60424
18 21 47.49844
18 22 52.21418
18 23 42.82660
18 24 40.52257
18 25 42.68388
18 26 53.56725
18 27 19.92328
18 28 52.48185
18 29 55.50388
18 30 0.80098
18 31 52.17526
18 32 22.93370
18 33 33.80027
18 34 34.96983
18 35 70.91237
18 36 8.36791
18 37 42.88928
18 38 66.33558
18 39 21.64024
18 40 17.25062
18 41 29.61707
18 42 32.40539
18 43 17.35285
18 44 51.73203
18 45 62.69659
18 46 49.12119
18 47 72.49403
18 48 53.27105
18 49 32.30175
18 50 55.07064
18 51 54.52184
18 52 44.41373
18 53 20.45437
18 54 29.30487
18 55 54.57021
18 56 46.74776
18 57 72.77470
18 58 50.31082
18 59 60.82637
18 60 18.47073
18 61 32.54511
18 62 39.29618
18 63 55.39303
18 64 80.31899
18 65 57.17536
18 66 28.49663
18 67 35.62841
18 68 16.04051
18 69 43.29255
18 70 14.54030
18 71 18.60244
18 72 43.53638
18 73 26.20438
18 74 34.19978
18 75 46.64999
18 76 58.55680
18 77 11.92210
18 78 34.75071
18 79 8.92349
18 80 45.96140
18 81 42.70097
18 82 69.27175
18 83 38.71703
18 84 40.17196
18 85 33.63391
18 86 36.67035
18 87 36.10678
18 88 59.95793
18 89 43.36235
18 90 44.08902
18 91 62.00768
18 92 31.29341
18 93 43.90094
18 94 46.47307
18 95 44.47515
18 96 59.71423
18 97 32.42445
18 98 16.13615
18 99 42.58164
19 20 71.10040
19 21 28.46965
19 22 81.61427
19 23 63.36512
19 24 51.48365
19 25 69.20959
19 26 23.27185
19 27 42.97825
19 28 77.03644
19 29 63.10356
19 30 32.81106
19 31 79.88134
19 32 38.83231
19 33 65.82697
19 34 45.06663
19 35 102.35395
19 36 33.35717
19 37 43.86854
19 38 69.75225
19 39 14.64886
19 40 33.12553
19 41 61.68084
19 42 64.12772
19 43 33.45885
19 44 82.09118
19 45 92.79736
19 46 21.86928
19 47 104.47011
19 48 82.34895
19 49 63.24312
19 50 87.03347
19 51 72.29694
19 52 13.46411
19 53 52.50045
19 54 61.69728
19 55 86.30940
19 56 78.92440
19 57 104.73286
19 58 73.97203
19 59 87.62755
19 60 45.87671
19 61 24.77698
19 62 30.78541
19 63 83.01492
19 64 111.75369
19 65 89.23209
19 66 60.36702
19 67 59.28926
19 68 47.48140
19 69 14.81400
19 70 34.43757
19 71 49.92252
19 72 73.32611
19 73 53.43804
19 74 31.78851
19 75 78.36022
19 76 90.84378
19 77 25.44439
19 78 34.55375
19 79 40.32868
19 80 73.57228
19 81 65.26042
19 82 101.41827
19 83 46.32376
19 84 40.16037
19 85 63.76203
19 86 51.33740
19 87 67.46122
19 88 62.35033
19 89 58.84090
19 90 54.95834
19 91 79.81662
19 92 13.40682
19 93 69.41328
19 94 74.81672
19 95 16.05101
19 96 91.62332
19 97 40.93765
19 98 38.45502
19 99 53.14840
20 21 64.25453
20 22 26.22321
20 23 82.88999
20 24 24.64448
20 25 13.97000
20 26 82.03824
20 27 64.91629
20 28 84.94723
20 29 102.36359
20 30 50.04498
20 31 19.36000
20 32 70.93261
20 33 51.69054
20 34 82.99566
20 35 77.91628
20 36 57.14182
20 37 92.24982
20 38 114.06801
20 39 56.51730
20 40 38.46748
20 41 37.53532
20 42 53.41301
20 43 66.41083
20 44 70.07248
20 45 78.65922
20 46 74.67357
20 47 74.74763
20 48 75.56953
20 49 30.60274
20 50 62.78709
20 51 94.93557
20 52 76.79755
20 53 48.65330
20 54 42.01712
20 55 41.33522
20 56 42.40995
20 57 75.14179
20 58 84.70467
20 59 21.52060
20 60 59.76246
20 61 81.33703
20 62 51.04057
20 63 81.00011
20 64 85.26719
20 65 63.15006
20 66 51.26010
20 67 74.21311
20 68 37.98327
20 69 72.92487
20 70 63.16459
20 71 51.79226
20 72 67.09144
20 73 63.59936
20 74 83.74422
20 75 59.95486
20 76 50.38523
20 77 47.63216
20 78 42.23970
20 79 42.13433
20 80 17.23486
20 81 6.98435
20 82 70.38540
20 83 30.50270
20 84 40.59575
20 85 60.71767
20 86 82.49306
20 87 56.94200
20 88 108.30982
20 89 87.50921
20 90 23.41752
20 91 14.20698
20 92 76.91191
20 93 11.00997
20 94 73.06564
20 95 73.50539
20 96 66.29164
20 97 32.58225
20 98 34.81047
20 99 24.43162
21 22 82.96824
21 23 87.22420
21 24 39.91965
21 25 68.12770
21 26 20.55082
21 27 64.65954
21 28 99.07706
21 29 90.79385
21 30 48.22066
21 31 78.90142
21 32 63.04041
21 33 79.67330
21 34 71.58367
21 35 116.88363
21 36 52.73826
21 37 72.00807
21 38 98.05998
21 39 27.05654
21 40 36.33117
21 41 70.77159
21 42 78.85022
21 43 56.78909
21 44 98.87586
21 45 109.85812
21 46 13.09404
21 47 117.40452
21 48 100.74175
21 49 69.38787
21 50 100.40211
21 51 97.51476
21 52 21.34417
21 53 66.92464
21 54 72.55111
21 55 92.28396
21 56 87.05883
21 57 117.72771
21 58 96.50133
21 59 84.64518
21 60 65.33858
21 61 53.05195
21 62 13.27188
21 63 102.83942
21 64 126.17139
21 65 102.20425
21 66 74.87434
21 67 81.48896
21 68 57.14488
21 69 16.60362
21 70 56.41369
21 71 65.85361
21 72 90.93979
21 73 73.26668
21 74 59.85319
21 75 92.69201
21 76 98.96057
21 77 35.78179
21 78 22.26018
21 79 51.65047
21 80 73.22558
21 81 60.54910
21 82 113.71097
21 83 33.90199
21 84 24.00341
21 85 81.04032
21 86 76.90712
21 87 82.85135
21 88 90.67078
21 89 84.47073
21 90 42.16175
21 91 68.14021
21 92 41.84838
21 93 67.11459
21 94 93.95999
21 95 16.08627
21 96 105.05954
21 97 32.16519
21 98 42.76565
21 99 40.66632
22 23 71.78515
22 24 46.99810
22 25 15.29165
22 26 97.72523
22 27 60.11392
22 28 69.30204
22 29 95.12454
22 30 52.26627
22 31 7.25160
22 32 67.83441
22 33 36.56551
22 34 78.65224
22 35 53.51405
22 36 57.15073
22 37 89.95993
22 38 107.37147
22 39 67.44286
22 40 49.48353
22 41 26.14892
22 42 39.16002
22 43 65.39342
22 44 50.20649
22 45 56.81184
22 46 91.08895
22 47 49.51613
22 48 56.50358
22 49 20.54279
22 50 40.10237
22 51 82.80235
22 52 90.58598
22 53 40.65010
22 54 29.70893
22 55 15.72225
22 56 19.96970
22 57 49.91214
22 58 70.08582
22 59 13.40872
22 60 53.88721
22 61 84.22650
22 62 69.92106
22 63 62.63047
22 64 60.07823
22 65 39.83696
22 66 38.89447
22 67 63.46036
22 68 36.34771
22 69 87.63826
22 70 61.93875
22 71 44.70226
22 72 50.02722
22 73 54.41444
22 74 84.40808
22 75 39.96821
22 76 24.82274
22 77 56.17016
22 78 60.97208
22 79 43.29113
22 80 10.16736
22 81 25.03353
22 82 45.16833
22 83 51.84461
22 84 61.40902
22 85 46.95022
22 86 75.76269
22 87 41.28211
22 88 102.86478
22 89 78.80505
22 90 47.13547
22 91 37.29538
22 92 83.34402
22 93 17.22189
22 94 56.27639
22 95 88.49929
22 96 42.77185
22 97 51.23092
22 98 43.42130
22 99 47.57043
23 24 81.66694
23 25 70.96146
23 26 86.54678
23 27 23.10777
23 28 15.51668
23 29 25.61572
23 30 42.02795
23 31 75.87362
23 32 24.59233
23 33 35.38715
23 34 21.61479
23 35 53.61051
23 36 35.41311
23 37 32.34182
23 38 37.51695
23 39 60.21823
23 40 59.85052
23 41 46.89531
23 42 32.67960
23 43 30.52862
23 44 33.29732
23 45 40.04542
23 46 84.79428
23 47 59.05272
23 48 28.95887
23 49 53.89645
23 50 45.63032
23 51 12.19845
23 52 76.76682
23 53 34.23785
23 54 42.65304
23 55 63.79963
23 56 54.74041
23 57 59.11464
23 58 11.86656
23 59 84.56194
23 60 25.11184
23 61 43.61100
23 62 81.29662
23 63 25.61935
23 64 61.56971
23 65 48.04709
23 66 33.07578
23 67 8.68400
23 68 45.88308
23 69 77.87306
23 70 30.86805
23 71 31.32034
23 72 26.26271
23 73 19.38546
23 74 37.57415
23 75 38.20993
23 76 61.30949
23 77 54.13012
23 78 77.52583
23 79 44.81231
23 80 71.39844
23 81 76.20628
23 82 58.26017
23 83 80.87215
23 84 82.99846
23 85 25.01415
23 86 13.97922
23 87 31.27089
23 88 35.14884
23 89 9.86489
23 90 84.93532
23 91 96.95714
23 92 52.95080
23 93 73.44699
23 94 22.15982
23 95 79.14197
23 96 48.41539
23 97 74.82667
23 98 57.01809
23 99 83.66687
24 25 31.74449
24 26 58.62642
24 27 59.85581
24 28 88.07766
24 29 95.98714
24 30 41.23537
24 31 41.51140
24 32 63.42732
24 33 58.50910
24 34 75.34878
24 35 91.89314
24 36 48.88690
24 37 81.98104
24 38 106.56385
24 39 37.93427
24 40 23.92602
24 41 45.20862
24 42 59.11908
24 43 57.56900
24 44 78.90888
24 45 89.08932
24 46 51.06682
24 47 90.32188
24 48 83.06148
24 49 40.44614
24 50 75.41486
24 51 93.77497
24 52 54.56931
24 53 49.89426
24 54 48.87588
24 55 59.61926
24 56 57.29355
24 57 90.69648
24 58 86.80639
24 59 45.80483
24 60 56.57862
24 61 67.30759
24 62 26.90107
24 63 87.30367
24 64 100.37174
24 65 76.50318
24 66 55.73940
24 67 73.53262
24 68 37.12039
24 69 50.27210
24 70 55.01174
24 71 51.41071
24 72 73.36793
24 73 62.85681
24 74 71.47922
24 75 69.98509
24 76 67.86961
24 77 33.00189
24 78 18.60904
24 79 36.85514
24 80 36.83099
24 81 22.28878
24 82 86.11849
24 83 6.03417
24 84 16.01577
24 85 64.70548
24 86 77.12401
24 87 63.28797
24 88 99.93425
24 89 83.56955
24 90 3.72130
24 91 29.02229
24 92 60.19602
24 93 29.86402
24 94 78.42200
24 95 50.66963
24 96 79.66996
24 97 10.57946
24 98 24.80042
24 99 2.06058
25 26 83.71145
25 27 54.97473
25 28 71.81219
25 29 91.94857
25 30 42.93609
25 31 10.93072
25 32 61.82143
25 33 38.29272
25 34 73.53715
25 35 64.20641
25 36 49.14320
25 37 83.78044
25 38 103.94248
25 39 54.67943
25 40 36.24426
25 41 24.46283
25 42 40.22202
25 43 58.14559
25 44 56.18247
25 45 64.68933
25 46 76.83250
25 47 61.35002
25 48 61.78148
25 49 17.36305
25 50 48.86609
25 51 82.79700
25 52 77.10945
25 53 37.06024
25 54 28.93619
25 55 28.62149
25 56 28.61553
25 57 61.74126
25 58 71.80938
25 59 18.50326
25 60 49.27844
25 61 75.22397
25 62 54.97413
25 63 67.32929
25 64 71.80396
25 65 49.29486
25 66 38.45803
25 67 62.29326
25 68 28.38922
25 69 73.84653
25 70 54.73399
25 71 40.62746
25 72 53.54342
25 73 52.01216
25 74 76.54969
25 75 46.02314
25 76 37.41929
25 77 44.06792
25 78 45.98104
25 79 34.14638
25 80 5.16481
25 81 10.28298
25 82 57.00497
25 83 36.55536
25 84 46.17041
25 85 47.76582
25 86 72.07736
25 87 43.53078
25 88 98.64119
25 89 76.42601
25 90 32.05516
25 91 27.74689
25 92 72.65513
25 93 2.96027
25 94 59.61300
25 95 74.62942
25 96 52.45252
25 97 36.15180
25 98 30.80454
25 99 32.39078
26 27 66.16551
26 28 100.30825
26 29 84.17672
26 30 54.10364
26 31 94.64205
26 32 62.07003
26 33 87.36526
26 34 67.56135
26 35 124.41780
26 36 55.97618
26 37 64.45283
26 38 89.21184
26 39 32.29411
26 40 48.43052
26 41 81.26784
26 42 85.93558
26 43 56.72439
26 44 104.64877
26 45 115.47523
26 46 7.67097
26 47 126.04362
26 48 105.25509
26 49 81.49321
26 50 108.63177
26 51 95.12087
26 52 9.80789
26 53 74.02061
26 54 82.03709
26 55 104.86353
26 56 98.37974
26 57 126.32805
26 58 97.23824
26 59 101.30321
26 60 68.73061
26 61 45.74930
26 62 31.95980
26 63 106.14671
26 64 133.82997
26 65 110.71403
26 66 82.05153
26 67 82.55698
26 68 66.94292
26 69 10.41724
26 70 57.59544
26 71 71.89589
26 72 96.02301
26 73 76.43525
26 74 52.96310
26 75 100.19779
26 76 110.43272
26 77 43.86994
26 78 40.06714
26 79 60.25794
26 80 88.58952
26 81 77.45720
26 82 122.75313
26 83 52.63136
26 84 43.35888
26 85 86.30372
26 86 74.19385
26 87 89.51770
26 88 81.88252
26 89 81.60647
26 90 61.31588
26 91 87.47678
26 92 34.53539
26 93 83.19688
26 94 97.82187
26 95 9.36844
26 96 113.27930
26 97 49.46606
26 98 54.80017
26 99 59.68227
27 28 34.57696
27 29 37.47414
27 30 19.13586
27 31 62.32614
27 32 8.23429
27 33 29.24187
27 34 18.66179
27 35 61.67371
27 36 12.30813
27 37 29.92570
27 38 49.17275
27 39 37.60862
27 40 37.13885
27 41 34.03490
27 42 26.62971
27 43 9.94097
27 44 40.47119
27 45 50.67697
27 46 63.44092
27 47 65.05733
27 48 39.77451
27 49 39.84879
27 50 48.23972
27 51 34.61594
27 52 56.38824
27 53 19.56578
27 54 31.08577
27 55 57.06877
27 56 47.93600
27 57 65.25355
27 58 31.86193
27 59 71.31870
27 60 6.33626
27 61 29.50216
27 62 58.22213
27 63 40.05159
27 64 70.87190
27 65 50.68745
27 66 24.14085
27 67 16.84846
27 68 26.97505
27 69 56.75752
27 70 8.58354
27 71 15.47124
27 72 31.48597
27 73 11.11200
27 74 26.64807
27 75 39.28489
27 76 57.99430
27 77 31.02515
27 78 54.47284
27 79 23.60584
27 80 56.79441
27 81 57.95931
27 82 62.76765
27 83 58.48820
27 84 60.02612
27 85 22.97269
27 86 17.70547
27 87 28.44852
27 88 43.67073
27 89 23.72053
27 90 63.29981
27 91 78.41240
27 92 35.22816
27 93 56.96465
27 94 32.06814
27 95 58.02424
27 96 52.43110
27 97 52.27373
27 98 35.06141
27 99 61.89771
28 29 38.02080
28 30 51.69422
28 31 74.55834
28 32 38.39881
28 33 33.59952
28 34 37.09871
28 35 40.36253
28 36 46.34562
28 37 47.73821
28 38 48.65140
28 39 72.08090
28 40 68.43324
28 41 47.44338
28 42 31.59426
28 43 43.60110
28 44 22.68635
28 45 26.38361
28 46 97.93720
28 47 46.53307
28 48 16.67777
28 49 54.48506
28 50 36.06957
28 51 17.62185
28 52 90.50055
28 53 38.24742
28 54 42.95297
28 55 58.44849
28 56 50.21761
28 57 46.52627
28 58 3.69533
28 59 82.63283
28 60 34.03285
28 61 58.73489
28 62 91.76967
28 63 11.44082
28 64 47.50466
28 65 38.19469
28 66 33.76627
28 67 17.79906
28 68 50.99261
28 69 91.17293
28 70 43.08988
28 71 36.77464
28 72 19.34755
28 73 26.32347
28 74 52.94221
28 75 30.82230
28 76 53.94966
28 77 64.34700
28 78 86.88023
28 79 52.05454
28 80 71.12608
28 81 78.76855
28 82 46.54590
28 83 88.27198
28 84 91.88542
28 85 24.27265
28 86 29.47671
28 87 28.43914
28 88 47.97887
28 89 24.70190
28 90 91.01011
28 91 99.14814
28 92 67.50456
28 93 74.58191
28 94 13.17893
28 95 92.44311
28 96 37.69749
28 97 82.69064
28 98 64.41966
28 99 89.96876
29 30 54.81679
29 31 98.36861
29 32 32.57065
29 33 59.67386
29 34 20.73746
29 35 78.21435
29 36 47.13925
29 37 19.76654
29 38 12.27090
29 39 65.86725
29 40 72.28150
29 41 69.24291
29 42 56.84434
29 43 38.49991
29 44 58.68172
29 45 64.31037
29 46 84.72447
29 47 84.06857
29 48 53.79524
29 49 75.82568
29 50 71.22985
29 51 21.27801
29 52 75.12042
29 53 55.13157
29 54 65.42774
29 55 88.63450
29 56 79.42609
29 57 84.09934
29 58 34.60503
29 59 107.28753
29 60 42.72632
29 61 38.57553
29 62 88.49889
29 63 49.38602
29 64 85.52465
29 65 73.63419
29 66 56.35511
29 67 32.44698
29 68 64.38536
29 69 77.71948
29 70 40.97921
29 71 51.37012
29 72 51.87769
29 73 40.71642
29 74 31.39453
29 75 63.78120
29 76 86.71580
29 77 64.18762
29 78 87.23011
29 79 60.88374
29 80 93.26453
29 81 95.41749
29 82 83.56774
29 83 93.74941
29 84 93.24888
29 85 49.63870
29 86 19.89972
29 87 56.14140
29 88 9.96750
29 89 16.60883
29 90 99.57967
29 91 115.88381
29 92 50.04738
29 93 94.10137
29 94 47.57198
29 95 78.89708
29 96 73.90189
29 97 87.30981
29 98 71.55192
29 99 98.04768
30 31 52.33752
30 32 22.25095
30 33 33.28156
30 34 34.31259
30 35 70.34458
30 36 7.67894
30 37 42.36447
30 38 65.69061
30 39 22.25892
30 40 18.02433
30 41 29.40676
30 42 31.84208
30 43 16.74974
30 44 51.08231
30 45 62.04120
30 46 49.72585
30 47 71.98411
30 48 52.56869
30 49 32.25914
30 50 54.55377
30 51 53.72966
30 52 44.90678
30 53 19.92313
30 54 28.97941
30 55 54.38943
30 56 46.49148
30 57 72.26239
30 58 49.51602
30 59 61.02176
30 60 17.67823
30 61 32.32663
30 62 40.08012
30 63 54.65213
30 64 79.75348
30 65 56.67340
30 66 27.94809
30 67 34.82841
30 68 16.00812
30 69 43.85043
30 70 13.87538
30 71 17.96797
30 72 42.85231
30 73 25.42393
30 74 33.82375
30 75 46.09731
30 76 58.26440
30 77 12.69175
30 78 35.55168
30 79 8.99783
30 80 46.14381
30 81 43.12698
30 82 68.78816
30 83 39.47496
30 84 40.97051
30 85 32.95266
30 86 35.93190
30 87 35.50968
30 88 59.34278
30 89 42.59891
30 90 44.79234
30 91 62.52725
30 92 31.36112
30 93 44.19969
30 94 45.74271
30 95 45.03897
30 96 59.19169
30 97 33.19276
30 98 16.77853
30 99 43.29367
31 32 69.69550
31 33 41.22983
31 34 80.98538
31 35 60.66745
31 36 57.95946
31 37 91.83898
31 38 110.54241
31 39 65.42037
31 40 47.05432
31 41 29.17773
31 42 43.63122
31 43 66.64168
31 44 56.38619
31 45 63.49451
31 46 87.75245
31 47 56.75637
31 48 62.53123
31 49 22.58449
31 50 46.88831
31 51 87.24796
31 52 88.00543
31 53 43.30738
31 54 33.24900
31 55 22.96092
31 56 26.44687
31 57 57.15243
31 58 75.08393
31 59 8.99259
31 60 56.28179
31 61 84.63621
31 62 65.70110
31 63 68.52716
31 64 67.31951
31 65 46.75913
31 66 42.79817
31 67 67.36532
31 68 36.91598
31 69 84.77057
31 70 63.18635
31 71 47.21826
31 72 55.47747
31 73 57.75240
31 74 85.43137
31 75 46.08022
31 76 32.06949
31 77 54.59170
31 78 56.69293
31 79 43.36950
31 80 6.33140
31 81 19.22938
31 82 52.40545
31 83 46.71071
31 84 56.54465
31 85 51.44524
31 86 78.71412
31 87 46.20964
31 88 105.68047
31 89 82.31647
31 90 41.26890
31 91 30.04389
31 92 82.76550
31 93 11.84391
31 94 61.72010
31 95 85.55739
31 96 49.74874
31 97 46.81464
31 98 41.42650
31 99 41.87511
32 33 37.44809
32 34 12.15875
32 35 68.89928
32 36 14.57202
32 37 22.15719
32 38 43.54388
32 39 36.27445
32 40 39.81692
32 41 41.89685
32 42 34.80682
32 43 6.44605
32 44 47.50850
32 45 57.28489
32 46 60.20241
32 47 72.61840
32 48 46.09162
32 49 47.40782
32 50 56.04839
32 51 34.48481
32 52 52.27081
32 53 27.54978
32 54 39.14555
32 55 65.25625
32 56 56.14649
32 57 72.79800
32 58 35.21612
32 59 78.67688
32 60 14.49755
32 61 22.01005
32 62 58.21741
32 63 45.51268
32 64 77.96511
32 65 58.51913
32 66 32.37467
32 67 20.91459
32 68 33.46851
32 69 53.28324
32 70 8.41755
32 71 23.46018
32 72 38.54898
32 73 18.57662
32 74 18.51208
32 75 47.13017
32 76 66.22169
32 77 32.19981
32 78 55.69258
32 79 28.86323
32 80 63.98637
32 81 63.94826
32 82 70.49857
32 83 61.33838
32 84 61.55345
32 85 30.68745
32 86 14.38613
32 87 36.44428
32 88 37.43774
32 89 21.74117
32 90 67.01197
32 91 84.03951
32 92 29.26246
32 93 63.63117
32 94 38.26377
32 95 54.55254
32 96 60.12863
32 97 54.93570
32 98 39.00852
32 99 65.48762
33 34 45.84758
33 35 37.30994
33 36 33.14078
33 37 58.08954
33 38 71.93071
33 39 55.27702
33 40 44.07895
33 41 14.27370
33 42 2.85621
33 43 37.83068
33 44 20.48097
33 45 31.06823
33 46 82.73451
33 47 38.70533
33 48 24.68399
33 49 21.08855
33 50 21.27222
33 51 46.23685
33 52 78.18228
33 53 13.36394
33 54 9.93727
33 55 29.08616
33 56 19.81628
33 57 38.98179
33 58 33.88978
33 59 49.62207
33 60 23.25362
33 61 58.20098
33 62 69.30848
33 63 29.54294
33 64 46.67783
33 65 23.41406
33 66 5.53638
33 67 27.35499
33 68 23.13594
33 69 77.06870
33 70 34.91524
33 71 16.11419
33 72 15.47950
33 73 20.04642
33 74 55.88130
33 75 13.02888
33 76 28.82524
33 77 44.31900
33 78 62.31858
33 79 28.02864
33 80 37.54094
33 81 45.83195
33 82 35.59271
33 83 60.11923
33 84 66.08177
33 85 10.40493
33 86 41.32128
33 87 5.25179
33 88 68.15778
33 89 43.09488
33 90 60.89531
33 91 65.83744
33 92 61.77789
33 93 41.10999
33 94 21.37509
33 95 78.23967
33 96 25.91417
33 97 55.62784
33 98 38.29850
33 99 60.17950
34 35 72.90172
34 36 26.64798
34 37 12.41185
34 38 31.39745
34 39 45.75569
34 40 51.57713
34 41 52.51444
34 42 43.03177
34 43 17.79180
34 44 51.59857
34 45 60.06925
34 46 66.93373
34 47 77.52333
34 48 48.67909
34 49 58.48541
34 50 62.06017
34 51 27.74131
34 52 57.99624
34 53 38.00569
34 54 49.29736
34 55 74.63518
34 56 65.37698
34 57 77.64876
34 58 33.47436
34 59 89.97777
34 60 24.77456
34 61 22.65684
34 62 68.27095
34 63 46.49616
34 64 81.47184
34 65 64.56547
34 66 41.37486
34 67 22.57879
34 68 45.31629
34 69 59.88003
34 70 20.43791
34 71 33.95127
34 72 43.10753
34 73 25.81255
34 74 16.11896
34 75 53.48296
34 76 74.51652
34 77 43.46042
34 78 66.61027
34 79 40.99168
34 80 75.44859
34 81 76.01294
34 82 75.99111
34 83 73.02204
34 84 72.59745
34 85 37.30785
34 86 7.63888
34 87 43.69979
34 88 25.31765
34 89 14.26465
34 90 78.96409
34 91 96.17593
34 92 33.10276
34 93 75.44974
34 94 41.05261
34 95 61.11720
34 96 65.67951
34 97 66.57806
34 98 51.09048
34 99 77.40903
35 36 69.05627
35 37 84.95223
35 38 89.01255
35 39 92.50078
35 40 80.93749
35 41 47.39493
35 42 38.50726
35 43 71.49114
35 44 21.45245
35 45 13.99652
35 46 119.98427
35 47 7.16539
35 48 24.65197
35 49 51.44744
35 50 16.70586
35 51 57.91938
35 52 115.07408
35 53 50.49683
35 54 44.70975
35 55 37.91035
35 56 35.60085
35 57 6.97914
35 58 43.63504
35 59 65.58640
35 60 57.12388
35 61 90.90226
35 62 106.13308
35 63 28.92171
35 64 9.41268
35 65 15.39245
35 66 42.43337
35 67 50.32305
35 68 59.87746
35 69 114.19439
35 70 69.26805
35 71 52.54103
35 72 30.35606
35 73 50.57326
35 74 86.82122
35 75 24.30215
35 76 29.10333
35 77 81.62875
35 78 98.67124
35 79 65.29691
35 80 60.75831
35 81 74.12610
35 82 9.87576
35 83 94.66551
35 84 101.83390
35 85 38.94641
35 86 65.99870
35 87 34.92388
35 88 88.12186
35 89 63.47504
35 90 93.55285
35 91 90.48972
35 92 96.66699
35 93 67.09568
35 94 31.91242
35 95 115.38340
35 96 12.24308
35 97 91.06038
35 98 74.84379
35 99 93.24527
36 37 35.10805
36 38 58.03750
36 39 25.80969
36 40 25.45290
36 41 32.57186
36 42 31.16104
36 43 9.27906
36 44 48.75575
36 45 59.52155
36 46 52.50708
36 47 71.43737
36 48 49.31749
36 49 36.68737
36 50 54.06154
36 51 46.79371
36 52 46.37394
36 53 20.26049
36 54 31.10710
36 55 57.41361
36 56 48.91530
36 57 71.68406
36 58 43.84735
36 59 66.81318
36 60 12.86852
36 61 27.18631
36 62 45.92472
36 63 50.59813
36 64 78.44344
36 65 56.34531
36 66 27.60532
36 67 28.87852
36 68 21.04386
36 69 46.10929
36 70 6.21470
36 71 17.02666
36 72 40.05644
36 73 20.75973
36 74 27.48014
36 75 45.24880
36 76 60.21761
36 77 18.73949
36 78 42.25823
36 79 15.12624
36 80 51.92604
36 81 50.17874
36 82 68.58489
36 83 46.97656
36 84 47.90048
36 85 30.41366
36 86 28.37614
36 87 34.25089
36 88 51.74784
36 89 35.21237
36 90 52.45675
36 91 69.90240
36 92 28.75754
36 93 50.65055
36 94 42.00777
36 95 47.35467
36 96 58.58192
36 97 40.63141
36 98 24.44650
36 99 50.94635
37 38 26.16389
37 39 48.45686
37 40 58.08156
37 41 63.94296
37 42 55.29482
37 43 25.84615
37 44 63.76815
37 45 71.86901
37 46 65.23961
37 47 89.74518
37 48 60.52740
37 49 69.56097
37 50 74.44503
37 51 35.23036
37 52 55.50097
37 53 49.49131
37 54 60.98663
37 55 86.69485
37 56 77.46896
37 57 89.86069
37 58 44.04524
37 59 100.81543
37 60 36.24224
37 61 19.10815
37 62 70.97527
37 63 57.86068
37 64 93.36220
37 65 76.94988
37 66 53.46093
37 67 34.71166
37 68 55.39154
37 69 58.28466
37 70 29.15431
37 71 45.39600
37 72 55.39960
37 73 38.10761
37 74 12.15757
37 75 65.89115
37 76 86.83100
37 77 49.08776
37 78 70.85918
37 79 50.17541
37 80 86.08907
37 81 85.28610
37 82 88.30527
37 83 78.90609
37 84 76.97789
37 85 49.71118
37 86 18.96655
37 87 56.08108
37 88 18.86190
37 89 23.20608
37 90 85.68026
37 91 104.89158
37 92 30.59368
37 93 85.48171
37 94 53.04211
37 95 59.43578
37 96 78.01811
37 97 72.44643
37 98 58.80410
37 99 84.01855
38 39 74.50270
38 40 82.68659
38 41 81.44802
38 42 69.10462
38 43 49.04316
38 44 70.14690
38 45 75.02586
38 46 90.71548
38 47 95.12135
38 48 64.93231
38 49 87.97893
38 50 82.94299
38 51 31.14554
38 52 80.74294
38 53 67.26270
38 54 77.66787
38 55 100.86208
38 56 91.66657
38 57 95.12844
38 58 45.47206
38 59 119.47615
38 60 54.66573
38 61 45.01398
38 62 97.08206
38 63 60.09161
38 64 95.88092
38 65 85.31109
38 66 68.62314
38 67 44.66140
38 68 76.14767
38 69 83.87426
38 70 51.82367
38 71 63.44815
38 72 63.72283
38 73 52.95735
38 74 38.28870
38 75 75.72297
38 76 98.79015
38 77 74.15972
38 78 96.62435
38 79 72.27717
38 80 105.37417
38 81 107.10033
38 82 94.86708
38 83 103.96587
38 84 102.71726
38 85 61.85736
38 86 31.88635
38 87 68.34019
38 88 7.40457
38 89 28.84194
38 90 110.20813
38 91 127.43111
38 92 56.36459
38 93 106.03860
38 94 59.12533
38 95 84.97934
38 96 85.41811
38 97 97.49724
38 98 82.46808
38 99 108.62128
39 40 18.49987
39 41 49.08180
39 42 54.00185
39 43 29.91735
39 44 73.32379
39 45 84.27013
39 46 27.48932
39 47 93.87474
39 48 74.59771
39 49 49.80298
39 50 76.50222
39 51 70.73527
39 52 23.72497
39 53 42.00431
39 54 49.74532
39 55 73.11662
39 56 66.27208
39 57 94.16636
39 58 69.46156
39 59 73.05042
39 60 38.57282
39 61 31.04526
39 62 22.64398
39 63 76.27432
39 64 101.89974
39 65 78.53795
39 66 50.06741
39 67 54.44671
39 68 34.73475
39 69 21.89867
39 70 29.37205
39 71 40.22668
39 72 64.99736
39 73 46.50593
39 74 36.64337
39 75 68.21147
39 76 78.30886
39 77 11.71435
39 78 22.96857
39 79 27.96635
39 80 59.13364
39 81 50.61909
39 82 90.52039
39 83 33.28958
39 84 29.05459
39 85 55.12148
39 86 50.42132
39 87 57.74365
39 88 67.29215
39 89 57.92806
39 90 41.54777
39 91 65.65304
39 92 22.42901
39 93 54.81058
39 94 67.53450
39 95 23.02998
39 96 81.16345
39 97 27.37711
39 98 24.06054
39 99 39.73973
40 41 34.44043
40 42 43.63938
40 43 33.78710
40 44 64.03398
40 45 74.91812
40 46 42.16727
40 47 81.16817
40 48 66.78835
40 49 33.42752
40 50 64.33196
40 51 71.67760
40 52 41.10795
40 53 32.20257
40 54 36.34266
40 55 56.69017
40 56 50.88865
40 57 81.49748
40 58 66.58566
40 59 54.56413
40 60 34.97431
40 61 44.14904
40 62 25.23728
40 63 69.87158
40 64 90.13972
40 65 66.04736
40 66 39.72995
40 67 52.29828
40 68 21.06516
40 69 38.21780
40 70 31.41668
40 71 32.20395
40 72 56.82236
40 73 42.20820
40 74 47.80975
40 75 56.97017
40 76 62.87449
40 77 9.52063
40 78 18.66085
40 79 16.77950
40 80 40.80831
40 81 32.30055
40 82 77.42236
40 83 21.53210
40 84 23.45340
40 85 47.16583
40 86 53.82800
40 87 47.80234
40 88 76.01750
40 89 60.60454
40 90 27.61061
40 91 48.78120
40 92 38.55927
40 93 36.31346
40 94 60.80191
40 95 39.12398
40 96 68.96498
40 97 15.18312
40 98 6.51636
40 99 25.97470
41 42 15.87787
41 43 40.01645
41 44 33.98837
41 45 43.90886
41 46 75.74606
41 47 46.94697
41 48 38.77499
41 49 7.10670
41 50 30.69956
41 51 58.53496
41 52 72.77063
41 53 14.50903
41 54 4.49078
41 55 25.01555
41 56 17.25278
41 57 47.28960
41 58 47.35381
41 59 38.05424
41 60 27.76830
41 61 59.68753
41 62 59.25891
41 63 43.80562
41 64 56.32952
41 65 32.12689
41 66 14.02319
41 67 38.30476
41 68 14.34800
41 69 70.85123
41 70 36.61668
41 71 18.57950
41 72 29.75310
41 73 28.57907
41 74 59.07689
41 75 24.77766
41 76 29.24540
41 77 37.40983
41 78 51.44687
41 79 21.35999
41 80 24.50409
41 81 31.56861
41 82 43.08423
41 83 47.46189
41 84 54.44246
41 85 23.30846
41 86 49.70545
41 87 19.49713
41 88 76.77570
41 89 53.13891
41 90 47.32410
41 91 51.72237
41 92 60.58522
41 93 27.17131
41 94 35.59766
41 95 71.92001
41 96 35.18992
41 97 43.66705
41 98 28.04445
41 99 46.75558
42 43 35.42210
42 44 20.42916
42 45 31.27881
42 46 81.48984
42 47 40.34895
42 48 23.95464
42 49 22.89208
42 50 22.92717
42 51 43.68120
42 52 76.65393
42 53 12.01721
42 54 11.39881
42 55 31.94183
42 56 22.67042
42 57 40.60818
42 58 31.66790
42 59 52.12121
42 60 20.75566
42 61 55.75965
42 62 68.80387
42 63 28.36964
42 64 47.91366
42 65 25.18666
42 66 3.97701
42 67 24.56534
42 68 22.98212
42 69 75.69218
42 70 32.59456
42 71 14.21618
42 72 14.30251
42 73 17.22175
42 74 53.27753
42 75 14.26819
42 76 31.56822
42 77 43.28039
42 78 62.06608
42 79 27.24881
42 80 39.73028
42 81 47.38116
42 82 37.42433
42 83 60.45238
42 84 66.04065
42 85 7.82002
42 86 38.46579
42 87 4.22940
42 88 65.30552
42 89 40.27445
42 90 61.63474
42 91 67.59945
42 92 59.65119
42 93 42.98779
42 94 19.83951
42 95 76.87862
42 96 27.49695
42 97 55.73753
42 98 38.08125
42 99 60.84396
43 44 50.36848
43 45 60.61700
43 46 54.44417
43 47 74.68576
43 48 49.70162
43 49 44.85064
43 50 57.67214
43 51 40.81919
43 52 46.91941
43 53 26.32968
43 54 37.85602
43 55 64.29242
43 56 55.42364
43 57 74.89393
43 58 40.60733
43 59 75.56066
43 60 14.72916
43 61 20.38081
43 62 51.77444
43 63 49.80213
43 64 80.72777
43 65 60.08398
43 66 32.43650
43 67 25.83293
43 68 29.82883
43 69 47.61252
43 70 3.46036
43 71 22.43599
43 72 41.39099
43 73 21.00950
43 74 19.06939
43 75 48.70803
43 76 66.14210
43 77 25.87220
43 78 49.30147
43 79 24.33379
43 80 60.71805
43 81 59.44354
43 82 72.24985
43 83 55.25192
43 84 55.19186
43 85 32.63050
43 86 20.82284
43 87 37.72039
43 88 42.60686
43 89 28.18375
43 90 61.19407
43 91 79.17176
43 92 25.29160
43 93 59.74767
43 94 41.97218
43 95 48.88349
43 96 61.96903
43 97 48.81835
43 98 33.47934
43 99 59.62879
44 45 10.98357
44 46 100.72596
44 47 26.00196
44 48 6.59718
44 49 40.04160
44 50 13.39787
44 51 39.85835
44 52 95.11002
44 53 32.01780
44 54 30.05570
44 55 37.33700
44 56 30.27033
44 57 26.10542
44 58 25.12862
44 59 63.57217
44 60 36.33548
44 61 69.51854
44 62 89.14550
44 63 12.97677
44 64 30.45890
44 65 15.51370
44 66 24.30530
44 67 29.05840
44 68 43.39190
44 69 94.61370
44 70 48.34160
44 71 33.13739
44 72 8.98879
44 73 29.36364
44 74 65.36890
44 75 10.31476
44 76 31.72515
44 77 63.12802
44 78 82.49376
44 79 47.49993
44 80 54.23992
44 81 64.82886
44 82 24.96497
44 83 80.59998
44 84 86.44266
44 85 18.34957
44 86 44.88491
44 87 16.23518
44 88 68.38897
44 89 43.07183
44 90 81.20096
44 91 83.89938
44 92 75.63996
44 93 59.12624
44 94 11.13884
44 95 95.83627
44 96 15.27609
44 97 76.06650
44 98 58.50929
44 99 80.54342
45 46 111.64551
45 47 20.48589
45 48 11.39749
45 49 49.44863
45 50 16.77869
45 51 43.92365
45 52 105.89548
45 53 42.98174
45 54 40.26334
45 55 42.39176
45 56 37.06111
45 57 20.42749
45 58 29.70675
45 59 69.86970
45 60 46.93912
45 61 79.22275
45 62 100.06733
45 63 14.94735
45 64 21.53404
45 65 17.55651
45 66 35.19947
45 67 37.61121
45 68 54.15325
45 69 105.48690
45 70 58.78474
45 71 44.10990
45 72 19.47226
45 73 39.65686
45 74 74.63238
45 75 19.17234
45 76 35.01256
45 77 74.11153
45 78 93.31479
45 79 58.44422
45 80 62.17400
45 81 73.85899
45 82 21.33499
45 83 91.03668
45 84 97.14932
45 85 29.19842
45 86 52.91484
45 87 27.13097
45 88 74.23985
45 89 49.88259
45 90 91.23007
45 91 92.14882
45 92 85.90404
45 93 67.64953
45 94 19.16384
45 95 106.71464
45 96 15.32080
45 97 86.67949
45 98 69.30425
45 99 90.65960
46 47 121.26006
46 48 101.75861
46 49 75.51223
46 50 103.92584
46 51 94.06453
46 52 10.20570
46 53 69.48778
46 54 76.82030
46 55 98.83580
46 56 92.69357
46 57 121.55752
46 58 95.02999
46 59 94.20847
46 60 65.37322
46 61 46.17300
46 62 24.31889
46 63 103.06880
46 64 129.38016
46 65 105.92658
46 66 77.55193
46 67 80.13869
46 68 61.52389
46 69 7.05636
46 70 54.87433
46 71 67.68328
46 72 92.29081
46 73 73.22705
46 74 53.33070
46 75 95.68987
46 76 104.74008
46 77 38.61125
46 78 32.56145
46 79 55.12244
46 80 81.77736
46 81 70.26156
46 82 117.83378
46 83 45.05683
46 84 35.70646
46 85 82.45617
46 86 73.11740
46 87 85.22795
46 88 83.32223
46 89 80.64674
46 90 53.70402
46 91 79.86139
46 92 34.68233
46 93 76.19912
46 94 94.51367
46 95 5.83832
46 96 108.59225
46 97 42.09322
46 98 48.63721
46 99 52.08461
47 48 30.27342
47 49 50.11089
47 50 17.44162
47 51 64.15264
47 52 116.88749
47 53 52.06916
47 54 44.85376
47 55 33.79561
47 56 33.14637
47 57 0.39608
47 58 49.65015
47 59 60.94446
47 60 60.06812
47 61 94.51542
47 62 106.17669
47 63 35.14611
47 64 10.56378
47 65 15.33686
47 66 44.11322
47 67 55.03531
47 68 60.26658
47 69 115.72108
47 70 72.23329
47 71 54.56442
47 72 34.46211
47 73 54.07822
47 74 90.84100
47 75 26.19352
47 76 24.70183
47 77 82.68639
47 78 98.37953
47 79 66.19636
47 80 57.51278
47 81 71.48709
47 82 4.36479
47 83 93.49310
47 84 101.15921
47 85 42.08934
47 86 70.88397
47 87 37.23183
47 88 93.91128
47 89 68.89472
47 90 91.72464
47 91 86.77929
47 92 99.60326
47 93 64.15849
47 94 36.99044
47 95 116.88069
47 96 12.85739
47 97 90.31143
47 98 74.88815
47 99 91.55195
48 49 45.20108
48 50 19.79405
48 51 34.18817
48 52 95.58705
48 53 34.59346
48 54 34.58365
48 55 43.89852
48 56 36.63733
48 57 30.30666
48 58 19.50503
48 59 69.89693
48 60 36.52494
48 61 67.96172
48 62 91.62390
48 63 6.37986
48 64 32.83487
48 65 21.75143
48 66 27.51214
48 67 26.21602
48 68 46.71877
48 69 95.42520
48 70 48.06788
48 71 34.96915
48 72 9.96740
48 73 28.93232
48 74 63.26872
48 75 16.54084
48 76 38.29692
48 77 64.98267
48 78 85.40795
48 79 50.04342
48 80 60.11025
48 81 70.08209
48 82 29.96495
48 83 84.37556
48 84 89.66577
48 85 19.74942
48 86 41.56352
48 87 19.77357
48 88 63.64332
48 89 38.82362
48 90 85.52949
48 91 89.52832
48 92 74.93634
48 93 64.70216
48 94 7.83517
48 95 96.66868
48 96 21.04766
48 97 79.53516
48 98 61.61382
48 99 84.77097
49 50 35.00672
49 51 65.59945
49 52 73.48169
49 53 20.72554
49 54 11.57314
49 55 23.37167
49 56 17.79511
49 57 50.47649
49 58 54.44657
49 59 31.55623
49 60 33.73675
49 61 63.83526
49 62 57.23032
49 63 50.46590
49 64 59.99741
49 65 36.05705
49 66 21.12571
49 67 45.27309
49 68 16.26124
49 69 71.13279
49 70 41.39618
49 71 24.63959
49 72 36.50230
49 73 35.32152
49 74 63.87079
49 75 30.30994
49 76 29.57746
49 77 38.12491
49 78 48.92069
49 79 23.45808
49 80 17.54818
49 81 24.88279
49 82 46.00482
49 83 43.38646
49 84 51.21907
49 85 30.40277
49 86 56.13469
49 87 26.34028
49 88 83.09848
49 89 59.88930
49 90 42.19076
49 91 44.75281
49 92 63.59484
49 93 20.09813
49 94 42.46339
49 95 72.12805
49 96 39.22472
49 97 40.35512
49 98 26.91589
49 99 41.81973
50 51 53.07425
50 52 99.45241
50 53 34.63387
50 54 28.03680
50 55 25.64979
50 56 20.58266
50 57 17.71276
50 58 38.39250
50 59 53.09962
50 60 42.96955
50 61 77.73935
50 62 89.49391
50 63 26.08726
50 64 25.80828
50 65 2.50540
50 66 26.67204
50 67 40.12777
50 68 43.29753
50 69 98.32395
50 70 55.08963
50 71 37.14227
50 72 19.46135
50 73 37.48539
50 74 74.47181
50 75 8.96542
50 76 18.80885
50 77 65.40291
50 78 81.97613
50 79 48.95768
50 80 45.95469
50 81 58.45739
50 82 14.58983
50 83 78.04555
50 84 85.13191
50 85 25.36315
50 86 55.96442
50 87 19.98655
50 88 80.75168
50 89 55.15878
50 90 77.19505
50 91 75.96224
50 92 82.38130
50 93 51.81062
50 94 23.89272
50 95 99.48972
50 96 4.67103
50 97 74.36649
50 98 58.18768
50 99 76.81987
51 52 85.46452
51 53 46.31636
51 54 54.19335
51 55 73.68942
51 56 64.90340
51 57 64.14332
51 58 14.73784
51 59 95.79985
51 60 37.19641
51 61 50.34972
51 62 92.37529
51 63 29.02573
51 64 64.74747
51 65 55.31895
51 66 44.56134
51 67 20.77281
51 68 58.07694
51 69 87.04547
51 70 41.73701
51 71 43.49375
51 72 34.71711
51 73 31.55808
51 74 43.54679
51 75 46.81066
51 76 70.20228
51 77 65.51818
51 78 89.04944
51 79 56.93304
51 80 83.00928
51 81 88.29554
51 82 64.13188
51 83 92.85008
51 84 94.63935
51 85 35.86679
51 86 20.95995
51 87 41.66162
51 88 31.17451
51 89 13.52466
51 90 97.07018
51 91 109.03784
51 92 60.78653
51 93 85.33938
51 94 29.27660
51 95 88.30131
51 96 55.06834
51 97 86.73909
51 98 69.07031
51 99 95.78276
52 53 64.81883
52 54 73.27208
52 55 96.82042
52 56 89.98200
52 57 117.16385
52 58 87.43157
52 59 95.11939
52 60 59.06665
52 61 36.55662
52 62 29.33848
52 63 96.39417
52 64 124.48589
52 65 101.58014
52 66 72.80789
52 67 72.75137
52 68 58.42396
52 69 4.86002
52 70 47.82604
52 71 62.53400
52 72 86.42918
52 73 66.72610
52 74 43.76430
52 75 90.92176
52 76 102.01059
52 77 35.43913
52 78 36.09439
52 79 51.53870
52 80 81.82204
52 81 71.68650
52 82 113.68535
52 83 48.77307
52 84 40.48045
52 85 76.76053
52 86 64.51745
52 87 80.15122
52 88 73.36338
52 89 71.96427
52 90 57.62474
52 91 83.58572
52 92 25.15965
52 93 76.86491
52 94 88.11551
52 95 5.26444
52 96 104.08241
52 97 44.64629
52 98 47.23652
52 99 55.88951
53 54 11.62258
53 55 37.98196
53 56 29.10084
53 57 52.34502
53 58 37.22379
53 59 52.26906
53 60 13.26933
53 61 46.53224
53 62 57.17412
53 63 37.95162
53 64 59.89559
53 65 36.77289
53 66 8.06449
53 67 25.56543
53 68 12.77387
53 69 63.74291
53 70 23.08028
53 71 4.09705
53 72 24.62606
53 73 14.99579
53 74 45.20850
53 75 26.20972
53 76 40.06505
53 77 31.28171
53 78 50.81459
53 79 15.51175
53 80 38.13508
53 81 41.97988
53 82 48.92720
53 83 50.44528
53 84 55.14880
53 85 15.11896
53 86 35.40928
53 87 15.92876
53 88 62.39385
53 89 39.37763
53 90 52.77332
53 91 62.72596
53 92 49.01709
53 93 39.40805
53 94 28.90676
53 95 64.92113
53 96 39.26888
53 97 45.23818
53 98 27.10780
53 99 51.76056
54 55 26.45116
54 56 17.80932
54 57 45.17802
54 58 42.87379
54 59 42.03011
54 60 24.75304
54 61 57.90639
54 62 61.46377
54 63 39.47084
54 64 53.83628
54 65 29.70602
54 66 9.63292
54 67 34.11779
54 68 15.42930
54 69 71.63136
54 70 34.54404
54 71 15.69136
54 72 25.39066
54 73 24.71167
54 74 56.80396
54 75 21.31738
54 76 29.32779
54 77 38.23647
54 78 53.97330
54 79 21.77924
54 80 28.81666
54 81 36.00104
54 82 41.19304
54 83 50.79880
54 84 57.31544
54 85 18.82963
54 86 46.07640
54 87 15.10629
54 88 73.18893
54 89 49.18000
54 90 51.14613
54 91 56.20801
54 92 59.62534
54 93 31.65737
54 94 31.16668
54 95 72.74043
54 96 32.64596
54 97 46.65855
54 98 30.15273
54 99 50.49300
55 56 9.28296
55 57 34.19166
55 58 59.87288
55 59 27.81527
55 60 50.76003
55 61 84.34672
55 62 79.76574
55 63 50.24536
55 64 44.35861
55 65 24.94943
55 66 33.26102
55 67 56.20104
55 68 38.85359
55 69 94.50442
55 70 60.99333
55 71 41.97156
55 72 39.26082
55 73 48.98463
55 74 83.18222
55 75 27.72596
55 76 9.12062
55 77 61.41432
55 78 71.13212
55 79 46.06959
55 80 24.22549
55 81 38.90307
55 82 29.44628
55 83 63.75098
55 84 72.62027
55 85 39.00592
55 86 70.39256
55 87 32.56211
55 88 97.23398
55 89 72.02762
55 90 60.37747
55 91 52.99259
55 92 85.59983
55 93 31.21073
55 94 45.28422
55 95 95.49901
55 96 27.67550
55 97 61.91845
55 98 50.20101
55 99 60.52162
56 57 33.52885
56 58 51.38761
56 59 33.30513
56 60 41.65196
56 61 75.61472
56 62 75.00982
56 63 42.84351
56 64 43.43265
56 65 20.75846
56 66 24.01247
56 67 47.01661
56 68 31.56956
56 69 87.96960
56 70 52.17932
56 71 33.01191
56 72 30.88074
56 73 39.70410
56 74 74.20318
56 75 20.10447
56 76 12.05430
56 77 54.57448
56 78 66.71371
56 79 38.61168
56 80 25.41337
56 81 38.54412
56 82 28.88063
56 83 60.73386
56 84 68.90019
56 85 29.83702
56 86 61.11159
56 87 23.46958
56 88 87.97317
56 89 62.82539
56 90 58.60057
56 91 55.40113
56 92 77.39918
56 93 31.51969
56 94 37.05140
56 95 89.01870
56 96 23.88581
56 97 58.04603
56 98 44.38126
56 99 58.46794
57 58 49.65960
57 59 61.33632
57 60 60.28547
57 61 94.70425
57 62 106.51374
57 63 35.12900
57 64 10.16770
57 65 15.63113
57 66 44.38132
57 67 55.14943
57 68 60.58755
57 69 116.00871
57 70 72.45254
57 71 54.82245
57 72 34.60305
57 73 54.26462
57 74 91.00612
57 75 26.43658
57 76 25.09764
57 77 82.98837
57 78 98.72544
57 79 66.50133
57 80 57.90694
57 81 71.87658
57 82 4.76009
57 83 93.85994
57 84 101.51513
57 85 42.28909
57 86 70.99019
57 87 37.46846
57 88 93.94894
57 89 68.96057
57 90 92.10383
57 91 87.17537
57 92 99.82789
57 93 64.55059
57 94 37.07043
57 95 117.16953
57 96 13.11183
57 97 90.66845
57 98 75.22230
57 99 91.92881
58 59 83.33281
58 60 31.84543
58 61 55.25259
58 62 89.52641
58 63 14.78525
58 64 50.97513
58 65 40.61001
58 66 33.44921
58 67 15.01523
58 68 49.85789
58 69 88.21909
58 70 40.28376
58 71 35.39596
58 72 20.61399
58 73 24.37896
58 74 49.37350
58 75 32.51137
58 76 55.84095
58 77 62.09948
58 78 84.89984
58 79 50.43434
58 80 71.38839
58 81 78.38544
58 82 49.46995
58 83 86.76456
58 84 90.02806
58 85 24.04535
58 86 25.84293
58 87 28.88064
58 88 44.54275
58 89 21.01142
58 90 89.82639
58 91 98.91079
58 92 64.19492
58 93 74.52282
58 94 14.78034
58 95 89.49002
58 96 40.33066
58 97 81.05819
58 98 62.83327
58 99 88.72820
59 60 65.26969
59 61 93.34698
59 62 71.37410
59 63 76.03617
59 64 71.41046
59 65 52.63763
59 66 51.50393
59 67 76.10804
59 68 45.78320
59 69 91.66326
59 70 72.10885
59 71 56.19532
59 72 63.39373
59 73 66.63051
59 74 94.29313
59 75 53.35750
59 76 36.48947
59 77 62.56213
59 78 62.39595
59 79 52.09411
59 80 14.89808
59 81 24.09635
59 82 56.68485
59 83 51.44389
59 84 61.50165
59 85 59.93992
59 86 87.66766
59 87 54.47053
59 88 114.65427
59 89 91.17626
59 90 44.87723
59 91 28.07914
59 92 91.11709
59 93 18.27976
59 94 69.64533
59 95 92.38285
59 96 55.45069
59 97 52.50479
59 98 49.28287
59 99 45.79267
60 61 35.01074
60 62 57.73927
60 63 37.73829
60 64 66.43934
60 65 45.37067
60 66 18.00040
60 67 17.32411
60 68 21.82258
60 69 58.94401
60 70 12.17208
60 71 9.18900
60 72 27.48068
60 73 7.93624
60 74 32.70573
60 75 34.01046
60 76 51.87140
60 77 30.31421
60 78 53.09543
60 79 19.74443
60 80 50.86681
60 81 52.85862
60 82 57.55515
60 83 55.78602
60 84 58.33411
60 85 18.17966
60 86 22.82841
60 87 22.99976
60 88 49.46249
60 89 27.87359
60 90 59.88216
60 91 73.48507
60 92 39.57600
60 93 51.38469
60 94 29.14846
60 95 60.19356
60 96 47.30552
60 97 49.80020
60 98 31.90662
60 99 58.58671
61 62 52.97420
61 63 66.95914
61 64 99.97491
61 65 80.18258
61 66 52.81720
61 67 42.18073
61 68 47.91653
61 69 39.19507
61 70 23.47068
61 71 42.73504
61 72 60.55685
61 73 40.44158
61 74 7.21651
61 75 68.78106
61 76 86.48634
61 77 34.64195
61 78 53.98457
61 79 41.26775
61 80 78.46394
61 81 74.59980
61 82 92.26922
61 83 63.43531
61 84 60.08828
61 85 52.45895
61 86 29.99999
61 87 57.88951
61 88 37.62049
61 89 36.91731
61 90 71.02385
61 91 92.74266
61 92 11.49561
61 93 76.37750
61 94 60.12665
61 95 40.35650
61 96 81.92767
61 97 57.13069
61 98 46.57867
61 99 69.26873
62 63 94.32410
62 64 115.29891
62 65 91.15499
62 66 64.86879
62 67 74.68627
62 68 46.28982
62 69 24.63276
62 70 50.63874
62 71 56.71300
62 72 81.68614
62 73 65.49887
62 74 59.01941
62 75 82.20706
62 76 86.76899
62 77 27.43017
62 78 9.01078
62 79 41.66305
62 80 60.09388
62 81 47.27838
62 82 102.34309
62 83 20.86733
62 84 11.41117
62 85 71.89255
62 86 72.55264
62 87 72.93646
62 88 89.83356
62 89 79.95805
62 90 29.40678
62 91 55.55303
62 92 42.92264
62 93 53.89403
62 94 85.29666
62 95 24.75948
62 96 94.10972
62 97 18.91229
62 98 31.31421
62 99 27.81524
63 64 36.21073
63 65 27.95853
63 66 31.56985
63 67 24.77960
63 68 50.48631
63 69 96.55160
63 70 48.57781
63 71 37.69417
63 72 14.09307
63 73 29.84541
63 74 61.76047
63 75 22.74545
63 76 44.66457
63 77 67.26874
63 78 88.53211
63 79 53.09968
63 80 65.88480
63 81 75.31816
63 82 35.34434
63 83 88.27850
63 84 93.05292
63 85 22.83313
63 86 39.07015
63 87 24.38246
63 88 59.32754
63 89 35.33341
63 90 89.91938
63 91 95.05037
63 92 74.72189
63 93 70.22337
63 94 9.07107
63 95 97.80955
63 96 27.01764
63 97 83.18378
63 98 65.04509
63 99 89.07391
64 65 24.20460
64 66 51.83377
64 67 58.92877
64 68 69.09897
64 69 123.60376
64 70 78.56354
64 71 61.95333
64 72 39.43642
64 73 59.76070
64 74 95.71742
64 75 33.69057
64 76 35.26021
64 77 90.99327
64 78 107.72754
64 79 74.62889
64 80 68.03371
64 81 81.89822
64 82 14.92214
64 83 103.35393
64 84 110.74900
64 85 48.26072
64 86 74.39827
64 87 44.33500
64 88 95.48350
64 89 71.39482
64 90 101.88423
64 91 97.34300
64 92 105.94569
64 93 74.63180
64 94 40.42709
64 95 124.79176
64 96 21.19278
64 97 99.93773
64 98 83.98899
64 99 101.65579
65 66 28.86854
65 67 42.61711
65 68 45.06298
65 69 100.38685
65 70 57.47261
65 71 39.38608
65 72 21.92268
65 73 39.96274
65 74 76.95275
65 75 11.40262
65 76 17.50326
65 77 67.36216
65 78 83.52865
65 79 50.88251
65 80 46.16455
65 81 59.04549
65 82 12.24234
65 83 79.28855
65 84 86.55803
65 85 27.83925
65 86 58.46068
65 87 22.37317
65 88 83.18088
65 89 57.60481
65 90 78.18562
65 91 76.12531
65 92 84.73216
65 93 52.22096
65 94 26.21457
65 95 101.54527
65 96 3.18936
65 97 75.75849
65 98 59.84093
65 99 77.86299
66 67 24.60963
66 68 19.22780
66 69 71.78917
66 70 29.46146
66 71 10.57930
66 72 17.66493
66 73 15.86605
66 74 50.70339
66 75 18.15369
66 76 33.87369
66 77 39.30748
66 78 58.20347
66 79 23.28381
66 80 38.44953
66 81 45.00755
66 82 41.07652
66 83 56.87708
66 84 62.25931
66 85 9.49396
66 86 37.39995
66 87 8.07255
66 88 64.45791
66 89 39.93661
66 90 58.35489
66 91 65.46702
66 92 56.24676
66 93 41.12158
66 94 22.77382
66 95 72.97094
66 96 31.28259
66 97 52.03783
66 98 34.25262
66 99 57.50429
67 68 37.36638
67 69 73.37608
67 70 25.30797
67 71 22.74139
67 72 20.79531
67 73 10.82340
67 74 37.13222
67 75 31.97981
67 76 54.42933
67 77 47.29212
67 78 70.35607
67 79 36.72353
67 80 62.79633
67 81 67.54223
67 82 53.67772
67 83 72.99855
67 84 75.64672
67 85 17.19603
67 86 15.89782
67 87 23.69634
67 88 41.33568
67 89 15.83957
67 90 76.73249
67 91 88.29059
67 92 50.17467
67 93 64.76876
67 94 18.50288
67 95 74.64609
67 96 43.46363
67 97 67.07970
67 98 49.05466
67 99 75.51204
68 69 56.52569
68 70 26.39402
68 71 14.66091
68 72 36.81354
68 73 26.54335
68 74 48.51691
68 75 35.93206
68 76 43.58749
68 77 23.07444
68 78 39.18297
68 79 7.24582
68 80 30.91013
68 81 31.05441
68 82 56.62232
68 83 37.79290
68 84 43.05854
68 85 27.70981
68 86 44.50984
68 87 27.20602
68 88 70.55724
68 89 49.67010
68 90 40.01762
68 91 51.66292
68 92 47.33369
68 93 30.16385
68 94 41.49810
68 95 57.60384
68 96 47.94277
68 97 32.81650
68 98 15.16271
68 99 38.98934
69 70 48.17615
69 71 61.72095
69 72 86.07010
69 73 66.74128
69 74 46.33169
69 75 89.94237
69 76 100.02181
69 77 33.45292
69 78 31.70649
69 79 49.85331
69 80 78.65290
69 81 68.02019
69 82 112.40001
69 83 44.40679
69 84 35.87044
69 85 76.29062
69 86 66.09271
69 87 79.32862
69 88 76.47416
69 89 73.61477
69 90 53.23896
69 91 79.29126
69 92 27.69946
69 93 73.46372
69 94 88.08907
69 95 1.27102
69 96 102.97776
69 97 40.55249
69 98 44.52583
69 99 51.52538
70 71 19.26542
70 72 39.41051
70 73 19.15181
70 74 22.50028
70 75 46.14132
70 76 63.02139
70 77 24.04722
70 78 47.62154
70 79 21.04103
70 80 57.27177
70 81 56.18915
70 82 69.67933
70 83 52.94518
70 84 53.40354
70 85 30.32390
70 86 22.52616
70 87 35.10382
70 88 45.54401
70 89 29.61169
70 90 58.60047
70 91 76.04106
70 92 27.40800
70 93 56.36435
70 94 40.44458
70 95 49.44326
70 96 59.45639
70 97 46.55559
70 98 30.65262
70 99 57.07213
71 72 25.09887
71 73 11.93633
71 74 41.21337
71 75 28.43901
71 76 43.75787
71 77 30.07184
71 78 50.85698
71 79 15.47935
71 80 41.92987
71 81 45.01110
71 82 51.61401
71 83 51.50047
71 84 55.51216
71 85 15.22100
71 86 31.56506
71 87 17.62321
71 88 58.46265
71 89 35.84800
71 90 54.45281
71 91 65.75655
71 92 45.70328
71 93 42.87737
71 94 28.63355
71 95 62.92417
71 96 41.71069
71 97 45.99315
71 98 27.71475
71 99 53.33616
72 73 20.38232
72 74 56.51321
72 75 12.12574
72 76 35.50376
72 77 55.16079
72 78 75.44056
72 79 40.08326
72 80 52.39387
72 81 61.30363
72 82 32.90846
72 83 74.53528
72 84 79.71311
72 85 9.90448
72 86 36.69003
72 87 10.29127
72 88 61.32435
72 89 35.70573
72 90 75.92208
72 91 81.19894
72 92 66.67065
72 93 56.40555
72 94 6.25214
72 95 87.30284
72 96 22.66833
72 97 69.62214
72 98 51.65914
72 99 75.11147
73 74 36.99232
73 75 28.59062
73 76 48.72374
73 77 38.10845
73 78 60.57532
73 79 26.16965
73 80 52.85853
73 81 56.86936
73 82 51.92195
73 83 62.52286
73 84 65.65458
73 85 12.12353
73 86 21.53581
73 87 18.12675
73 88 48.61557
73 89 24.57282
73 90 66.01121
73 91 77.62198
73 92 46.29492
73 93 54.39358
73 94 21.38942
73 95 67.99587
73 96 41.55283
73 97 56.72942
73 98 38.56191
73 99 64.82119
74 75 65.58225
74 76 84.57653
74 77 38.48648
74 78 59.32502
74 79 42.41065
74 80 79.40593
74 81 76.87325
74 82 88.85677
74 83 68.01391
74 84 65.45170
74 85 49.11506
74 86 23.68960
74 87 54.95195
74 88 30.94268
74 89 30.24576
74 90 75.19878
74 91 95.75883
74 92 18.65343
74 93 77.94990
74 94 55.46855
74 95 47.50510
74 96 78.47717
74 97 61.60369
74 98 49.38798
74 99 73.48627
75 76 23.39175
75 77 57.33519
75 78 75.03592
75 79 41.05446
75 80 43.95673
75 81 54.89234
75 82 23.54482
75 83 72.09533
75 84 78.56942
75 85 16.47231
75 86 47.64792
75 87 11.05373
75 88 73.08441
75 89 47.42323
75 90 72.07807
75 91 73.69695
75 92 73.46026
75 93 48.97595
75 94 17.75103
75 95 91.12461
75 96 13.34840
75 97 67.95801
75 98 51.05080
75 99 71.53080
76 77 66.61731
76 78 78.34497
76 79 50.57577
76 80 33.20970
76 81 47.69038
76 82 20.36499
76 83 71.71346
76 84 80.24621
76 85 37.52715
76 86 69.50826
76 87 30.98094
76 88 95.76494
76 89 70.18628
76 90 68.83435
76 91 62.10812
76 92 88.88423
76 93 40.09697
76 94 41.06064
76 95 101.07227
76 96 19.79446
76 97 69.43766
76 98 56.36065
76 99 68.87935
77 78 23.58410
77 79 16.51154
77 80 48.26552
77 81 41.23925
77 82 79.22800
77 83 29.85088
77 84 29.36516
77 85 45.26427
77 86 46.52897
77 87 47.19675
77 88 67.32595
77 89 53.65717
77 90 36.71923
77 91 58.27634
77 92 29.28170
77 93 44.51480
77 94 58.31534
77 95 34.53793
77 96 70.07352
77 97 23.38150
77 98 13.30466
77 99 35.01804
78 79 35.43864
78 80 51.10843
78 81 38.30021
78 82 94.45731
78 83 12.70049
78 84 6.12677
78 85 65.81831
78 86 70.05942
78 87 66.26245
78 88 89.55557
78 89 77.23310
78 90 21.53774
78 91 47.60138
78 92 45.11618
78 93 44.88349
78 94 79.46264
78 95 32.07411
78 96 86.54453
78 97 9.90558
78 98 24.02027
78 99 19.81889
79 80 37.20271
79 81 35.15498
79 82 62.71816
79 83 36.35522
79 84 40.03282
79 85 30.38955
79 86 41.28199
79 87 31.32490
79 88 66.29815
79 89 47.19527
79 90 40.13861
79 91 55.18449
79 92 40.16673
79 93 35.56045
79 94 44.02897
79 95 50.96587
79 96 53.62839
79 97 30.64096
79 98 12.40086
79 99 38.85493
80 81 14.98207
80 82 53.15064
80 83 41.70535
80 84 51.33514
80 85 47.46426
80 86 73.49445
80 87 42.68946
80 88 100.32843
80 89 77.41735
80 90 37.01510
80 91 30.01131
80 92 76.45633
80 93 7.14699
80 94 58.57392
80 95 79.45986
80 96 49.27411
80 97 41.29541
80 98 35.11816
80 99 37.41799
81 82 67.15448
81 83 27.61034
81 84 37.57360
81 85 54.49785
81 86 75.55718
81 87 51.06468
81 88 101.32781
81 89 80.64685
81 90 22.12833
81 91 20.75283
81 92 70.50055
81 93 7.83648
81 94 67.16304
81 95 68.67930
81 96 62.22392
81 97 28.41339
81 98 28.20516
81 99 22.66091
82 83 89.36343
82 84 97.13574
82 85 39.82672
82 86 69.57451
82 87 34.57636
82 88 93.32185
82 89 68.03427
82 90 87.47872
82 91 82.42295
82 92 96.96451
82 93 59.80749
82 94 36.10037
82 95 113.54644
82 96 10.38033
82 97 86.27900
82 98 71.09467
82 99 87.32730
83 84 10.09638
83 85 65.49299
83 86 75.35249
83 87 64.67013
83 88 97.17062
83 89 82.07131
83 90 8.85624
83 91 34.91175
83 92 55.70463
83 93 34.92384
83 94 79.28757
83 95 44.77000
83 96 82.42257
83 97 6.47102
83 98 23.96226
83 99 7.11932
84 85 70.24720
84 86 75.89384
84 87 70.26373
84 88 95.66175
84 89 83.00267
84 90 18.16445
84 91 44.23372
84 92 51.08819
84 93 44.71293
84 94 83.98575
84 95 36.07092
84 96 89.63185
84 97 10.86416
84 98 28.05443
84 99 16.66580
85 86 31.98683
85 87 6.56174
85 88 58.39354
85 89 33.02987
85 90 67.44440
85 91 74.92389
85 92 57.72866
85 93 50.47816
85 94 13.79929
85 95 77.51726
85 96 29.47147
85 97 60.35195
85 98 42.22032
85 99 66.52131
86 87 38.52737
86 88 27.11468
86 89 7.57357
86 90 80.63882
86 91 96.07848
86 92 39.98117
86 93 74.20989
86 94 34.08628
86 95 67.34718
86 96 59.35770
86 97 69.00270
86 98 52.42469
86 99 79.17825
87 88 64.94659
87 89 39.53567
87 90 65.76806
87 91 71.08897
87 92 62.40710
87 93 46.35494
87 94 16.12382
87 95 80.52716
87 96 24.39884
87 97 59.96692
87 98 42.29071
87 99 64.99908
88 89 25.66118
88 90 103.60052
88 91 121.47724
88 92 48.96084
88 93 100.63020
88 94 57.25587
88 95 77.58146
88 96 83.55670
88 97 90.69964
88 98 76.08585
88 99 101.98706
89 90 87.02009
89 91 101.32225
89 92 47.26331
89 93 78.71878
89 94 31.95017
89 95 74.86655
89 96 58.10206
89 97 75.78485
89 98 58.78005
89 99 85.61341
90 91 26.16104
90 92 63.85051
90 93 29.91360
90 94 81.09940
90 95 53.58308
90 96 81.36552
90 97 14.17070
90 98 28.24314
90 99 1.81264
91 92 87.19359
91 93 24.83169
91 94 87.20834
91 95 79.67536
91 96 79.21086
91 97 39.14560
91 98 46.37117
91 99 27.81327
92 93 73.38808
92 94 67.16751
92 95 28.86240
92 96 86.79855
92 97 49.69746
92 98 42.37444
92 99 62.05038
93 94 62.45399
93 95 74.20633
93 96 55.37455
93 97 34.99351
93 98 31.21014
93 99 30.36864
94 95 89.33987
94 96 26.33133
94 97 74.14483
94 98 55.98647
94 99 80.21573
95 96 104.14547
95 97 41.06262
95 98 45.46488
95 99 51.88370
96 97 78.84472
96 98 62.79805
96 99 81.03659
97 98 18.28013
97 99 12.36342
98 99 26.83850
11.5173 96.2468
41.4202 3.5279
95.2418 22.6361
54.3786 58.2775
82.2560 82.8731
65.7048 90.5333
18.5596 9.3344
44.3760 64.6791
37.5626 28.4101
0.6095 33.3522
70.8928 89.1666
81.8693 96.7568
14.4968 1.6718
54.5384 21.8055
60.7010 15.1436
2.2362 2.6055
67.4023 3.5595
23.6784 83.7214
59.2689 42.9725
88.0180 27.9803
18.0415 15.3884
80.5492 0.5078
7.1869 39.2596
61.9114 85.7175
41.1193 6.7417
18.8217 29.3366
99.7348 7.8732
62.5765 62.6193
49.0906 94.4579
86.9606 91.0750
59.2579 43.7734
8.2422 32.0852
70.8090 62.7912
33.4117 64.7409
78.6702 72.0668
8.7642 92.7504
63.2552 50.3299
91.0778 71.7420
97.6723 97.0612
73.4332 26.6118
54.9364 26.2748
30.6858 50.7299
36.1197 65.6490
70.3035 56.3650
28.6310 84.6561
22.7127 93.9088
92.1856 6.5118
2.9287 88.5923
33.1907 89.4239
27.0106 44.6473
16.9104 78.1653
66.5268 97.0091
94.8328 16.3682
43.9745 56.5542
32.4779 54.8476
6.0269 54.9390
14.8955 57.6815
2.8872 88.9862
52.3992 92.8121
0.3909 27.7007
56.3970 61.2186
90.3425 52.6480
67.9385 4.6446
37.6599 93.9768
1.8130 99.0970
14.4195 78.4345
38.4365 62.4165
57.0365 78.5309
43.2498 43.8009
90.9408 13.4575
67.0193 55.2750
47.9074 57.7023
36.2897 79.9505
53.1132 68.4436
89.0698 59.7514
25.2627 74.9068
4.5974 63.9469
62.8317 31.5952
59.6692 8.2241
50.3626 42.4189
14.5709 32.2702
23.2410 20.0517
3.6687 84.2907
47.1298 6.2077
56.6638 2.8851
41.3675 71.4467
72.8633 77.0299
35.0326 69.7363
96.8334 89.7043
71.7026 84.5140
38.5375 4.0617
12.4335 2.3351
90.5094 41.1536
18.6231 26.3830
39.7588 85.1519
91.4823 12.3076
13.6769 81.5362
50.4231 11.7780
49.6182 30.0404
40.1248 4.9370
