25
0 1 32.34843
0 2 9.28201
0 3 68.03160
0 4 12.43475
0 5 51.51912
0 6 35.03307
0 7 70.59209
0 8 13.44185
0 9 31.04896
0 10 55.31647
0 11 30.56213
0 12 37.10940
0 13 34.90617
0 14 52.74175
0 15 24.13557
0 16 26.56132
0 17 27.42407
0 18 25.97806
0 19 49.32083
0 20 44.71481
0 21 40.32230
0 22 25.02879
0 23 64.15030
0 24 50.06966
1 2 26.65772
1 3 55.63763
1 4 26.39472
1 5 20.30022
1 6 35.64852
1 7 58.60213
1 8 25.60483
1 9 52.68994
1 10 37.22004
1 11 34.90630
1 12 21.69154
1 13 65.02968
1 14 70.50974
1 15 55.81346
1 16 49.58092
1 17 59.12614
1 18 35.64911
1 19 60.77774
1 20 75.62079
1 21 11.01244
1 22 56.51372
1 23 32.92578
1 24 62.68234
2 3 70.16164
2 4 3.33576
2 5 44.34445
2 6 39.06742
2 7 72.89296
2 8 4.21715
2 9 39.79631
2 10 55.42660
2 11 35.20068
2 12 28.00732
2 13 43.91091
2 14 49.41658
2 15 29.50437
2 16 24.78347
2 17 35.85963
2 18 18.42839
2 19 43.72673
2 20 53.38970
2 21 32.95949
2 22 33.65558
2 23 59.47511
2 24 44.85474
3 4 72.31499
3 5 64.46501
3 6 33.99691
3 7 2.96812
3 8 72.26177
3 9 58.06254
3 10 19.32091
3 11 38.90901
3 12 77.31921
3 13 79.79572
3 14 119.57430
3 15 88.64970
3 16 94.20177
3 17 81.19088
3 18 86.64586
3 19 112.92155
3 20 89.63642
3 21 63.56206
3 22 78.62614
3 23 48.98953
3 24 114.37409
4 5 43.05353
4 6 41.82038
4 7 75.08515
4 8 1.12876
4 9 43.12027
4 10 57.05229
4 11 38.09765
4 12 25.35514
4 13 46.69286
4 14 47.42475
4 15 30.85206
4 16 23.68980
4 17 38.34650
4 18 15.36286
4 19 41.05541
4 20 55.94369
4 21 31.65966
4 22 36.24948
4 23 59.32037
4 24 42.29151
5 6 53.22883
5 7 67.34073
5 8 42.03232
5 9 72.82628
5 10 45.18921
5 11 53.52169
5 12 24.49461
5 13 85.13613
5 14 79.98808
5 15 73.80838
5 16 63.74099
5 17 78.78815
5 18 46.91419
5 19 67.80867
5 20 95.60705
5 21 11.39948
5 22 76.25503
5 23 23.73036
5 24 70.11559
6 7 36.29197
6 8 42.08023
6 9 27.47236
6 10 26.93689
6 11 4.91972
6 12 54.99714
6 13 48.00280
6 14 87.63167
6 15 54.65622
6 16 61.58526
6 17 47.86609
6 18 57.08684
6 19 82.79391
6 20 58.58550
6 21 46.48215
6 22 45.19846
6 23 51.35327
6 24 83.89957
7 8 75.04792
7 9 59.68567
7 10 22.23840
7 11 41.18399
7 12 80.28497
7 13 81.45957
7 14 122.29381
7 15 90.93444
7 16 96.83818
7 17 83.14376
7 18 89.48174
7 19 115.75386
7 20 91.15484
7 21 66.52155
7 22 80.61042
7 23 51.50211
7 24 117.18983
8 9 43.99415
8 10 56.79493
8 11 38.44611
8 12 24.23053
8 13 47.79742
8 14 47.62036
8 15 31.92186
8 16 24.25719
8 17 39.47223
8 18 15.01307
8 19 40.92410
8 20 57.06745
8 21 30.64424
8 22 37.36984
8 23 58.52172
8 24 42.21964
9 10 54.37641
9 11 23.61989
9 12 65.53500
9 13 21.78665
9 14 78.61342
9 15 37.78691
9 16 52.92610
9 17 25.23285
9 18 56.92555
9 19 78.37689
9 20 31.67179
9 21 63.30468
9 22 23.25617
9 23 76.71225
9 24 78.66755
10 11 31.25058
10 12 58.72716
10 13 74.79033
10 14 104.39987
10 15 78.14616
10 16 80.14881
10 17 73.79106
10 18 70.34004
10 19 96.47912
10 20 85.46591
10 21 44.44215
10 22 71.03892
10 23 31.84912
10 24 98.12843
11 12 53.07942
11 13 43.53995
11 14 83.27579
11 15 49.75278
11 16 57.11790
11 17 43.05630
11 18 53.44659
11 19 78.86931
11 20 54.23455
11 21 45.89919
11 22 40.37067
11 23 53.76015
11 24 79.89251
12 13 71.91745
12 14 55.50536
12 15 55.01721
12 16 41.18882
12 17 63.70097
12 18 23.47899
12 19 43.42871
12 20 81.29773
12 21 16.07416
12 22 61.59262
12 23 46.94093
12 24 45.69333
13 14 68.11371
13 15 25.71845
13 16 45.77694
13 17 10.12349
13 18 56.37805
13 19 71.72905
13 20 10.95434
13 21 74.35675
13 22 11.02576
13 23 93.53150
13 24 71.32099
14 15 42.61783
14 16 26.35900
14 17 58.30775
14 18 34.86115
14 19 14.36033
14 20 70.86264
14 21 70.45090
14 22 58.57277
14 23 101.55478
14 24 11.86812
15 16 20.68448
15 17 15.73086
15 18 34.73622
15 19 46.19173
15 20 30.61723
15 21 62.41074
15 22 16.00314
15 23 88.15044
15 24 45.67523
16 17 35.65589
16 18 17.89827
16 19 26.12345
16 20 51.29921
16 21 52.76345
16 22 35.13677
16 23 82.31693
16 24 26.02480
17 18 46.81762
17 19 61.61189
17 20 17.62315
17 21 67.68782
17 22 2.79394
17 23 89.35049
17 24 61.22462
18 19 26.27730
18 20 64.07864
18 21 36.46355
18 22 45.37171
18 23 67.16493
18 24 27.80886
19 20 76.43053
19 21 59.08044
19 22 61.22193
19 23 90.24162
19 24 2.53861
20 21 84.68608
20 22 19.73709
20 23 104.46373
20 24 75.68824
21 22 65.20065
21 23 31.18571
21 24 61.25363
22 23 86.60011
22 24 60.94865
23 24 92.43168
64.1453 49.6243
34.0695 61.5351
60.5135 58.1663
6.7824 13.0484
60.4642 61.5017
19.9786 76.1483
38.1648 26.1226
5.4595 10.3914
59.6630 62.2968
64.5810 18.5784
11.8123 31.7031
42.8107 27.7410
44.0262 80.8065
86.0251 22.4266
98.8752 89.3172
88.2295 48.0504
83.2116 68.1170
85.5986 32.5411
66.8877 75.4572
85.3534 94.1525
96.2527 18.5031
30.5900 71.9834
82.8397 32.9822
1.1442 61.7124
87.8556 93.7241
